,Wl/nm,E_Photon,A-Value,Elem. num,Element,ion state,E_lower_lev.,J_lower,E_upper_lev.,J_upper,Ref.,ion state num,g_j
7942,247.8561,5.000805000000001,18000000.0,6.0,C,I,2.684011,0.0,7.684766000000001,1.0,SW,1.0,3.0
32868,344.4714,3.598265,12900000.0,6.0,C,I,8.537097,1.0,12.135325,2.0,KP,1.0,5.0
33213,345.8503,3.583918,214300.0,6.0,C,I,7.487794999999999,2.0,11.071677000000001,3.0,KP,1.0,7.0
34406,351.0132,3.5312059999999996,242200.0,6.0,C,I,7.487794999999999,2.0,11.018965,2.0,KP,1.0,5.0
34526,351.4801,3.5265150000000003,122200.0,6.0,C,I,7.487794999999999,2.0,11.014275,3.0,KP,1.0,7.0
35207,354.653,3.4949660000000002,111000.0,6.0,C,I,8.640394,1.0,12.135325,2.0,KP,1.0,5.0
36455,359.5439,3.447425,253200.0,6.0,C,I,7.487794999999999,2.0,10.935186,2.0,KP,1.0,5.0
36479,359.6205,3.4466910000000004,184100.0,6.0,C,I,7.487794999999999,2.0,10.934452,1.0,KP,1.0,3.0
37784,364.8623,3.397175,675500.0,6.0,C,I,7.684766000000001,1.0,11.081907000000001,0.0,KP,1.0,1.0
37898,365.2824,3.393268,379900.0,6.0,C,I,7.684766000000001,1.0,11.078,2.0,KP,1.0,5.0
39118,370.5557,3.3449809999999998,843700.0,6.0,C,I,7.684766000000001,1.0,11.029714,0.0,KP,1.0,1.0
39279,371.2035,3.339144,412700.0,6.0,C,I,7.684766000000001,1.0,11.023876,2.0,KP,1.0,5.0
39884,373.5778,3.3179220000000003,112200.0,6.0,C,I,7.482772,1.0,10.800661,2.0,KP,1.0,5.0
40021,374.1441,3.3129,308200.0,6.0,C,I,7.487794999999999,2.0,10.800661,2.0,KP,1.0,5.0
40057,374.2855,3.3116489999999996,199700.0,6.0,C,I,7.487794999999999,2.0,10.79941,1.0,KP,1.0,3.0
41303,379.3678,3.267284,1111000.0,6.0,C,I,7.684766000000001,1.0,10.952017999999999,0.0,KP,1.0,1.0
41562,380.4305,3.2581580000000003,461700.0,6.0,C,I,7.684766000000001,1.0,10.942891,2.0,KP,1.0,5.0
45010,394.2223,3.144174,1631000.0,6.0,C,I,7.684766000000001,1.0,10.828909,0.0,KP,1.0,1.0
45340,395.6568,3.132775,2693000.0,6.0,C,I,9.002582,2.0,12.135325,2.0,KP,1.0,5.0
45445,396.1403,3.128951,615500.0,6.0,C,I,7.684766000000001,1.0,10.813686,2.0,KP,1.0,5.0
46554,400.993,3.0910860000000002,229300.0,6.0,C,I,7.684766000000001,1.0,10.775821,1.0,KP,1.0,3.0
46796,402.2114,3.0817229999999998,233300.0,6.0,C,I,7.480392,0.0,10.562084,1.0,KP,1.0,3.0
46814,402.2844,3.081163,184400.0,6.0,C,I,7.482772,1.0,10.563905,2.0,KP,1.0,5.0
46876,402.5223,3.079342,185000.0,6.0,C,I,7.482772,1.0,10.562084,1.0,KP,1.0,3.0
46926,402.8361,3.0769439999999997,554100.0,6.0,C,I,7.482772,1.0,10.559686,0.0,KP,1.0,1.0
46941,402.9413,3.076141,530200.0,6.0,C,I,7.487794999999999,2.0,10.563905,2.0,KP,1.0,5.0
47001,403.18,3.074319,221700.0,6.0,C,I,7.487794999999999,2.0,10.562084,1.0,KP,1.0,3.0
47045,403.3228,3.0732310000000003,430100.0,6.0,C,I,7.945765,3.0,11.018965,2.0,KP,1.0,5.0
47179,403.9394,3.06854,78730.0,6.0,C,I,7.945765,3.0,11.014275,3.0,KP,1.0,7.0
49401,414.6264,2.98945,740600.0,6.0,C,I,7.945765,3.0,10.935186,2.0,KP,1.0,5.0
49413,414.6957,2.98895,190300.0,6.0,C,I,7.9462649999999995,2.0,10.935186,2.0,KP,1.0,5.0
49428,414.7786,2.988353,224500.0,6.0,C,I,7.946128999999999,1.0,10.934452,1.0,KP,1.0,3.0
49433,414.7975,2.988216,563800.0,6.0,C,I,7.9462649999999995,2.0,10.934452,1.0,KP,1.0,3.0
49543,415.3375,2.9843319999999998,865100.0,6.0,C,I,7.946128999999999,1.0,10.930431,0.0,KP,1.0,1.0
49608,415.7024,2.981712,132200.0,6.0,C,I,7.945765,3.0,10.927448,3.0,KP,1.0,7.0
49740,416.3912,2.9767799999999998,86280.0,6.0,C,I,7.945765,3.0,10.922516,2.0,KP,1.0,5.0
51008,422.8326,2.931432,599200.0,6.0,C,I,7.684766000000001,1.0,10.616169000000001,0.0,MWRB,1.0,1.0
51795,426.902,2.90349,210000.0,6.0,C,I,7.684766000000001,1.0,10.588227,2.0,MWRB,1.0,5.0
52870,432.1924,2.8679490000000003,100800.0,6.0,C,I,7.945765,3.0,10.813686,2.0,KP,1.0,5.0
53240,434.1641,2.854925,2289000.0,6.0,C,I,7.945765,3.0,10.800661,2.0,KP,1.0,5.0
53254,434.2401,2.854425,500600.0,6.0,C,I,7.9462649999999995,2.0,10.800661,2.0,KP,1.0,5.0
53286,434.4098,2.85331,709500.0,6.0,C,I,7.946128999999999,1.0,10.79941,1.0,KP,1.0,3.0
53291,434.4306,2.853174,1909000.0,6.0,C,I,7.9462649999999995,2.0,10.79941,1.0,KP,1.0,3.0
53373,434.8965,2.850117,2736000.0,6.0,C,I,7.946128999999999,1.0,10.796217,0.0,KP,1.0,1.0
53621,436.2663,2.841169,362500.0,6.0,C,I,7.945765,3.0,10.786905,3.0,KP,1.0,7.0
53757,436.9682,2.836605,142600.0,6.0,C,I,7.945765,3.0,10.782342,2.0,KP,1.0,5.0
53774,437.0452,2.836105,179400.0,6.0,C,I,7.9462649999999995,2.0,10.782342,2.0,KP,1.0,5.0
53796,437.1367,2.835511,540200.0,6.0,C,I,7.684766000000001,1.0,10.520249,1.0,MWRB,1.0,3.0
53806,437.2227,2.834953,168000.0,6.0,C,I,7.9462649999999995,2.0,10.781189999999999,1.0,KP,1.0,3.0
58159,464.2232,2.670067,331500.0,6.0,C,I,7.946128999999999,1.0,10.616169000000001,0.0,KP,1.0,1.0
58767,469.0683,2.642488,492500.0,6.0,C,I,7.945765,3.0,10.588227,2.0,KP,1.0,5.0
58781,469.1571,2.641988,145300.0,6.0,C,I,7.9462649999999995,2.0,10.588227,2.0,KP,1.0,5.0
59364,473.426,2.618166,483500.0,6.0,C,I,7.945765,3.0,10.563905,2.0,KP-2,1.0,5.0
59376,473.5163,2.617666,76600.0,6.0,C,I,7.9462649999999995,2.0,10.563905,2.0,KP-2,1.0,5.0
59411,473.8214,2.615981,133500.0,6.0,C,I,7.946128999999999,1.0,10.562084,1.0,KP-2,1.0,3.0
59416,473.8461,2.615845,432000.0,6.0,C,I,7.9462649999999995,2.0,10.562084,1.0,KP-2,1.0,3.0
59471,474.2561,2.613583,564800.0,6.0,C,I,7.946128999999999,1.0,10.559686,0.0,KP-2,1.0,1.0
59736,476.2313,2.6027430000000003,289200.0,6.0,C,I,7.480392,0.0,10.083109,1.0,MWRB,1.0,3.0
59740,476.2533,2.602623,211000.0,6.0,C,I,7.482772,1.0,10.085369,2.0,MWRB,1.0,5.0
59789,476.6672,2.600363,480100.0,6.0,C,I,7.482772,1.0,10.083109,1.0,MWRB,1.0,3.0
59831,477.0027,2.598534,555700.0,6.0,C,I,7.482772,1.0,10.08128,0.0,MWRB,1.0,1.0
59847,477.1742,2.5976,444200.0,6.0,C,I,7.487794999999999,2.0,10.085369,2.0,MWRB,1.0,5.0
59893,477.5897,2.59534,669300.0,6.0,C,I,7.487794999999999,2.0,10.083109,1.0,MWRB,1.0,3.0
59991,478.3798,2.591054,114600.0,6.0,C,I,7.945765,3.0,10.536793,3.0,KP-2,1.0,7.0
60106,479.2659,2.586263,94140.0,6.0,C,I,7.9462649999999995,2.0,10.532502000000001,2.0,KP-2,1.0,5.0
60374,481.522,2.574146,710400.0,6.0,C,I,7.946128999999999,1.0,10.520249,1.0,KP,1.0,3.0
60379,481.5475,2.57401,364300.0,6.0,C,I,7.9462649999999995,2.0,10.520249,1.0,KP,1.0,3.0
60523,482.6796,2.567973,99870.0,6.0,C,I,7.487794999999999,2.0,10.055742,1.0,MWRB,1.0,3.0
60648,483.6763,2.562681,233200.0,6.0,C,I,8.537097,1.0,11.099752,1.0,KP,1.0,3.0
61321,488.8936,2.535334,68630.0,6.0,C,I,7.482772,1.0,10.018081,2.0,KP,1.0,5.0
61344,489.065,2.5344450000000003,102300.0,6.0,C,I,7.487794999999999,2.0,10.022214,3.0,KP,1.0,7.0
61727,492.2694,2.517947,215000.0,6.0,C,I,8.537097,1.0,11.055019,1.0,KP,1.0,3.0
61776,492.6427,2.516039,972100.0,6.0,C,I,8.537097,1.0,11.053111,1.0,CM,1.0,3.0
61831,493.2049,2.513171,3580000.0,6.0,C,I,7.684766000000001,1.0,10.197911999999999,0.0,MWRB,1.0,1.0
61874,493.5431,2.5114490000000003,111800.0,6.0,C,I,8.64302,2.0,11.154444,2.0,KP,1.0,5.0
61939,494.0609,2.5088169999999996,109400.0,6.0,C,I,8.537097,1.0,11.045889,1.0,KP,1.0,3.0
61971,494.3541,2.507329,135100.0,6.0,C,I,8.647158000000001,3.0,11.154461,3.0,KP,1.0,7.0
62429,498.3106,2.487422,107100.0,6.0,C,I,8.64302,2.0,11.130417,2.0,KP,1.0,5.0
62519,499.1326,2.483325,129500.0,6.0,C,I,8.647158000000001,3.0,11.130458,3.0,KP,1.0,7.0
62811,501.7086,2.470575,119600.0,6.0,C,I,7.945765,3.0,10.416314999999999,3.0,GUES,1.0,7.0
62820,501.7761,2.47023,105700.0,6.0,C,I,7.946128999999999,1.0,10.416333999999999,2.0,GUES,1.0,5.0
62825,501.8101,2.470075,378200.0,6.0,C,I,7.9462649999999995,2.0,10.416314999999999,3.0,GUES,1.0,7.0
62908,502.3849,2.4672520000000002,116800.0,6.0,C,I,7.945765,3.0,10.412993,4.0,GUES,1.0,9.0
62920,502.4916,2.466724,75250.0,6.0,C,I,7.9462649999999995,2.0,10.412964,3.0,GUES,1.0,7.0
63068,503.9057,2.459803,291700.0,6.0,C,I,7.945765,3.0,10.405544,4.0,MWRB,1.0,9.0
63070,503.91,2.459782,194100.0,6.0,C,I,7.945765,3.0,10.405522999999999,3.0,MWRB,1.0,7.0
63084,504.0134,2.459285,118500.0,6.0,C,I,7.9462649999999995,2.0,10.405525,3.0,GUES,1.0,7.0
63097,504.0765,2.45897,94140.0,6.0,C,I,7.945765,3.0,10.404710000000001,3.0,GUES,1.0,7.0
63109,504.1481,2.4586200000000002,1047000.0,6.0,C,I,7.946128999999999,1.0,10.404724,2.0,GUES,1.0,5.0
63113,504.1796,2.45847,118500.0,6.0,C,I,7.9462649999999995,2.0,10.404710000000001,3.0,GUES,1.0,7.0
63221,505.1579,2.453705,288300.0,6.0,C,I,8.537097,1.0,10.990778,1.0,KP,1.0,3.0
63227,505.2167,2.45342,1175000.0,6.0,C,I,7.684766000000001,1.0,10.138162,2.0,BDEL,1.0,5.0
63237,505.3515,2.452766,91110.0,6.0,C,I,8.537097,1.0,10.989838,1.0,KP,1.0,3.0
63279,505.756,2.450804,95700.0,6.0,C,I,8.647158000000001,3.0,11.097937,3.0,KP,1.0,7.0
63300,505.9656,2.449789,287400.0,6.0,C,I,8.537097,1.0,10.986861,1.0,KP,1.0,3.0
63444,507.4142,2.4427950000000003,111200.0,6.0,C,I,8.537097,1.0,10.979867,1.0,KP,1.0,3.0
64233,515.3238,2.4053009999999997,90080.0,6.0,C,I,8.647158000000001,3.0,11.052435000000001,3.0,KP,1.0,7.0
64255,515.4285,2.4048130000000003,197400.0,6.0,C,I,8.640394,1.0,11.045183,1.0,CM,1.0,3.0
64264,515.5098,2.404434,421900.0,6.0,C,I,8.647158000000001,3.0,11.051567,4.0,KP,1.0,9.0
64267,515.5292,2.404343,789500.0,6.0,C,I,8.640394,1.0,11.044713,0.0,CM,1.0,1.0
64316,515.9919,2.402187,590800.0,6.0,C,I,8.64302,2.0,11.045183,1.0,CM,1.0,3.0
65457,526.5136,2.3541830000000004,121300.0,6.0,C,I,8.537097,1.0,10.891257000000001,1.0,KP,1.0,3.0
65502,526.8948,2.35248,420100.0,6.0,C,I,8.537097,1.0,10.889553,1.0,KP,1.0,3.0
65640,528.023,2.347454,514600.0,6.0,C,I,8.537097,1.0,10.884527,1.0,KP,1.0,3.0
65794,529.5426,2.3407169999999997,122700.0,6.0,C,I,8.537097,1.0,10.877791,1.0,KP,1.0,3.0
65808,529.6932,2.340052,108900.0,6.0,C,I,8.64302,2.0,10.983048,2.0,KP,1.0,5.0
65849,529.9973,2.338709,95550.0,6.0,C,I,8.647158000000001,3.0,10.985843,3.0,KP,1.0,7.0
65851,530.0125,2.3386419999999997,80950.0,6.0,C,I,8.537097,1.0,10.875715,1.0,KP,1.0,3.0
65859,530.087,2.3383130000000003,137400.0,6.0,C,I,8.640394,1.0,10.978684,1.0,KP,1.0,3.0
65880,530.2361,2.337656,623700.0,6.0,C,I,8.640394,1.0,10.978027,0.0,KP,1.0,1.0
65892,530.287,2.337432,380700.0,6.0,C,I,8.647158000000001,3.0,10.984566000000001,4.0,KP,1.0,9.0
65918,530.6315,2.335914,543700.0,6.0,C,I,8.647158000000001,3.0,10.983048,2.0,KP,1.0,5.0
65922,530.683,2.335687,404700.0,6.0,C,I,8.64302,2.0,10.978684,1.0,KP,1.0,3.0
65936,530.8002,2.335172,60110.0,6.0,C,I,8.64302,2.0,10.978168,3.0,KP,1.0,7.0
66108,532.3772,2.3282540000000003,191600.0,6.0,C,I,8.771132000000001,1.0,11.099363,2.0,KP,1.0,5.0
66653,537.4341,2.306347,226100.0,6.0,C,I,8.84812,1.0,11.154444,2.0,KP,1.0,5.0
66707,538.0224,2.303826,307000.0,6.0,C,I,8.850659,2.0,11.154461,3.0,KP,1.0,7.0
66708,538.0265,2.303808,69710.0,6.0,C,I,8.850659,2.0,11.154444,2.0,KP,1.0,5.0
66709,538.0337,2.303777,1104000.0,6.0,C,I,7.684766000000001,1.0,9.98852,1.0,BDEL,1.0,3.0
67165,542.5149,2.284748,335000.0,6.0,C,I,8.771132000000001,1.0,11.055857000000001,0.0,KP,1.0,1.0
67168,542.5591,2.2845619999999998,131200.0,6.0,C,I,8.771132000000001,1.0,11.055671,1.0,KP,1.0,3.0
67181,542.714,2.2839099999999997,134200.0,6.0,C,I,8.771132000000001,1.0,11.055019,1.0,KP,1.0,3.0
67194,542.7888,2.283595,136700.0,6.0,C,I,8.771132000000001,1.0,11.054704,2.0,KP,1.0,5.0
67222,543.092,2.28232,175900.0,6.0,C,I,8.84812,1.0,11.130417,2.0,KP,1.0,5.0
67283,543.6872,2.2798220000000002,238800.0,6.0,C,I,8.850659,2.0,11.130458,3.0,KP,1.0,7.0
67284,543.6969,2.2797810000000003,54230.0,6.0,C,I,8.850659,2.0,11.130417,2.0,KP,1.0,5.0
67430,545.2252,2.273391,50320.0,6.0,C,I,8.771132000000001,1.0,11.0445,2.0,KP,1.0,5.0
67971,550.5836,2.2512659999999998,74690.0,6.0,C,I,8.84812,1.0,11.099363,2.0,KP,1.0,5.0
68005,550.9468,2.249782,69610.0,6.0,C,I,8.84812,1.0,11.097878999999999,2.0,KP,1.0,5.0
68031,551.2054,2.248726,81710.0,6.0,C,I,8.850659,2.0,11.099363,2.0,KP,1.0,5.0
68067,551.5551,2.2473009999999998,143100.0,6.0,C,I,8.850659,2.0,11.097937,3.0,KP,1.0,7.0
68208,552.9753,2.241529,85380.0,6.0,C,I,8.64302,2.0,10.884527,1.0,KP,1.0,3.0
68255,553.4817,2.239478,79200.0,6.0,C,I,8.64302,2.0,10.882475999999999,2.0,KP,1.0,5.0
68302,553.9825,2.237454,43440.0,6.0,C,I,8.850659,2.0,11.08809,2.0,KP,1.0,5.0
68310,554.0755,2.237078,176900.0,6.0,C,I,8.64302,2.0,10.880075999999999,2.0,KP,1.0,5.0
68340,554.3806,2.235847,129200.0,6.0,C,I,8.647158000000001,3.0,10.882982,3.0,KP,1.0,7.0
68355,554.5055,2.235343,223300.0,6.0,C,I,8.640394,1.0,10.875715,1.0,KP,1.0,3.0
68378,554.7267,2.234452,990200.0,6.0,C,I,8.640394,1.0,10.874824,0.0,KP,1.0,1.0
68385,554.824,2.23406,50890.0,6.0,C,I,8.640394,1.0,10.874432,2.0,KP,1.0,5.0
68394,554.8902,2.233794,418000.0,6.0,C,I,8.647158000000001,3.0,10.880929,4.0,KP,1.0,9.0
68417,555.1021,2.232941,883400.0,6.0,C,I,8.647158000000001,3.0,10.880075999999999,2.0,KP,1.0,5.0
68424,555.1576,2.2327169999999996,672900.0,6.0,C,I,8.64302,2.0,10.875715,1.0,KP,1.0,3.0
68439,555.3174,2.232075,131700.0,6.0,C,I,8.64302,2.0,10.875073,3.0,KP,1.0,7.0
68612,557.1263,2.224828,71290.0,6.0,C,I,8.640394,1.0,10.8652,2.0,KP,1.0,5.0
68732,558.3435,2.219978,338900.0,6.0,C,I,8.771132000000001,1.0,10.991088000000001,0.0,KP,1.0,1.0
68743,558.4214,2.219668,110400.0,6.0,C,I,8.771132000000001,1.0,10.990778,1.0,KP,1.0,3.0
68770,558.658,2.218728,152200.0,6.0,C,I,8.771132000000001,1.0,10.989838,1.0,KP,1.0,3.0
68780,558.7274,2.218453,148100.0,6.0,C,I,8.771132000000001,1.0,10.989563,2.0,KP,1.0,5.0
68942,560.3728,2.211939,150600.0,6.0,C,I,8.771132000000001,1.0,10.983048,2.0,KP,1.0,5.0
69034,561.4806,2.207574,77280.0,6.0,C,I,8.771132000000001,1.0,10.978684,1.0,KP,1.0,3.0
69129,562.3742,2.2040669999999998,96570.0,6.0,C,I,8.850659,2.0,11.054704,2.0,KP,1.0,5.0
69181,562.9537,2.201798,64250.0,6.0,C,I,8.850659,2.0,11.052435000000001,3.0,KP,1.0,7.0
69327,564.3368,2.196402,89500.0,6.0,C,I,8.84812,1.0,11.0445,2.0,KP,1.0,5.0
69481,565.9937,2.189972,760600.0,6.0,C,I,8.537097,1.0,10.727047,1.0,KP,1.0,3.0
69563,566.8943,2.186493,256900.0,6.0,C,I,8.537097,1.0,10.723567999999998,1.0,KP,1.0,3.0
69778,569.3109,2.177212,968400.0,6.0,C,I,8.537097,1.0,10.714286999999999,1.0,KP,1.0,3.0
69945,571.0681,2.170513,132900.0,6.0,C,I,8.537097,1.0,10.707588000000001,1.0,KP,1.0,3.0
70052,572.0775,2.1666830000000004,132400.0,6.0,C,I,8.537097,1.0,10.703758,1.0,KP,1.0,3.0
70419,575.8579,2.152459,293900.0,6.0,C,I,9.002582,2.0,11.155019,3.0,KP,1.0,7.0
70528,576.9117,2.1485279999999998,69610.0,6.0,C,I,8.537097,1.0,10.685603,2.0,KP,1.0,5.0
70573,577.3688,2.146826,1959000.0,6.0,C,I,9.98852,1.0,12.135325,2.0,KP,1.0,5.0
70775,579.312,2.139625,276800.0,6.0,C,I,7.945765,3.0,10.085369,2.0,MWRB,1.0,5.0
70787,579.4473,2.1391259999999996,49990.0,6.0,C,I,7.9462649999999995,2.0,10.085369,2.0,MWRB,1.0,5.0
70793,579.5017,2.138925,75650.0,6.0,C,I,8.850659,2.0,10.989563,2.0,KP,1.0,5.0
70836,580.0232,2.137002,79960.0,6.0,C,I,7.946128999999999,1.0,10.083109,1.0,MWRB,1.0,3.0
70841,580.0602,2.136866,239800.0,6.0,C,I,7.9462649999999995,2.0,10.083109,1.0,MWRB,1.0,3.0
70878,580.5112,2.135205,33200.0,6.0,C,I,8.850659,2.0,10.985843,3.0,KP,1.0,7.0
70887,580.5807,2.13495,57170.0,6.0,C,I,8.84812,1.0,10.983048,2.0,KP,1.0,5.0
70956,581.272,2.1324110000000003,243300.0,6.0,C,I,8.850659,2.0,10.983048,2.0,KP,1.0,5.0
70964,581.3508,2.1321220000000003,95040.0,6.0,C,I,8.846584,0.0,10.978684,1.0,KP,1.0,3.0
71011,581.77,2.130586,88560.0,6.0,C,I,8.84812,1.0,10.978684,1.0,KP,1.0,3.0
71025,581.9495,2.129929,375100.0,6.0,C,I,8.84812,1.0,10.978027,0.0,KP,1.0,1.0
71032,582.0294,2.129636,53090.0,6.0,C,I,8.84812,1.0,10.977734,2.0,KP,1.0,5.0
71061,582.3115,2.128604,194300.0,6.0,C,I,9.002582,2.0,11.131165,3.0,KP,1.0,7.0
71078,582.4641,2.128046,136800.0,6.0,C,I,8.850659,2.0,10.978684,1.0,KP,1.0,3.0
71256,584.5325,2.120517,407600.0,6.0,C,I,8.771132000000001,1.0,10.891627,0.0,KP,1.0,1.0
71270,584.6346,2.120146,210400.0,6.0,C,I,8.771132000000001,1.0,10.891257000000001,1.0,KP,1.0,3.0
71286,584.7875,2.119592,39900.0,6.0,C,I,10.015755,1.0,12.135325,2.0,KP,1.0,5.0
71305,585.0236,2.118736,199800.0,6.0,C,I,8.771132000000001,1.0,10.889847,2.0,KP,1.0,5.0
71312,585.1048,2.118443,118100.0,6.0,C,I,8.771132000000001,1.0,10.889553,1.0,KP,1.0,3.0
71523,587.7342,2.108965,238000.0,6.0,C,I,8.771132000000001,1.0,10.880075999999999,2.0,KP,1.0,5.0
71622,588.952,2.104604,124900.0,6.0,C,I,8.771132000000001,1.0,10.875715,1.0,KP,1.0,3.0
71807,591.2579,2.096397,65350.0,6.0,C,I,9.002582,2.0,11.098957,3.0,KP,1.0,7.0
72022,593.7415,2.087627,37290.0,6.0,C,I,9.002582,2.0,11.090188000000001,3.0,KP,1.0,7.0
72165,595.7559,2.0805689999999997,64070.0,6.0,C,I,8.64302,2.0,10.723567999999998,1.0,KP,1.0,3.0
72199,596.3985,2.0783270000000003,59410.0,6.0,C,I,8.647158000000001,3.0,10.725464,2.0,KP,1.0,5.0
72297,597.6677,2.073913,78310.0,6.0,C,I,8.640394,1.0,10.714286999999999,1.0,KP,1.0,3.0
72370,598.4255,2.071287,132700.0,6.0,C,I,8.64302,2.0,10.714286999999999,1.0,KP,1.0,3.0
72446,599.4004,2.067918,190300.0,6.0,C,I,8.64302,2.0,10.710918,2.0,KP,1.0,5.0
72471,599.6045,2.067214,105000.0,6.0,C,I,8.640394,1.0,10.707588000000001,1.0,KP,1.0,3.0
72513,600.1121,2.065466,315100.0,6.0,C,I,8.64302,2.0,10.708466,2.0,KP,1.0,5.0
72530,600.2983,2.064825,235500.0,6.0,C,I,8.647158000000001,3.0,10.711962,3.0,KP,1.0,7.0
72563,600.7175,2.063384,406800.0,6.0,C,I,8.640394,1.0,10.703758,1.0,KP,1.0,3.0
72597,601.0675,2.062183,1762000.0,6.0,C,I,8.640394,1.0,10.702556,0.0,KP,1.0,1.0
72610,601.223,2.06165,184900.0,6.0,C,I,8.640394,1.0,10.702022999999999,2.0,KP,1.0,5.0
72619,601.3166,2.061329,1573000.0,6.0,C,I,8.647158000000001,3.0,10.708466,2.0,KP,1.0,5.0
72620,601.3213,2.061312,694100.0,6.0,C,I,8.647158000000001,3.0,10.708449,4.0,KP,1.0,9.0
72632,601.483,2.0607580000000003,1198000.0,6.0,C,I,8.64302,2.0,10.703758,1.0,KP,1.0,3.0
72647,601.6449,2.060204,398200.0,6.0,C,I,8.64302,2.0,10.703204,3.0,KP,1.0,7.0
72829,604.2456,2.0513369999999997,31360.0,6.0,C,I,9.002582,2.0,11.053898,3.0,KP,1.0,7.0
72841,604.4776,2.050549,516400.0,6.0,C,I,9.002582,2.0,11.053111,1.0,CM,1.0,3.0
72863,604.7223,2.04972,48060.0,6.0,C,I,9.002582,2.0,11.052280999999999,2.0,KP,1.0,5.0
72940,606.0501,2.045229,169800.0,6.0,C,I,8.640394,1.0,10.685603,2.0,KP,1.0,5.0
73031,607.8394,2.0392080000000004,80790.0,6.0,C,I,8.850659,2.0,10.889847,2.0,KP,1.0,5.0
73177,610.0028,2.031976,90000.0,6.0,C,I,8.84812,1.0,10.880075999999999,2.0,KP,1.0,5.0
73248,610.766,2.0294369999999997,383000.0,6.0,C,I,8.850659,2.0,10.880075999999999,2.0,KP,1.0,5.0
73260,610.8519,2.029152,156600.0,6.0,C,I,8.846584,0.0,10.875715,1.0,KP,1.0,3.0
73285,611.3147,2.027616,146000.0,6.0,C,I,8.84812,1.0,10.875715,1.0,KP,1.0,3.0
73300,611.5836,2.026724,603900.0,6.0,C,I,8.84812,1.0,10.874824,0.0,KP,1.0,1.0
73326,612.0812,2.025077,225500.0,6.0,C,I,8.850659,2.0,10.875715,1.0,KP,1.0,3.0
73913,620.6297,1.997184,1582000.0,6.0,C,I,10.138162,2.0,12.135325,2.0,KP,1.0,5.0
74137,624.6597,1.9842990000000003,442100.0,6.0,C,I,9.002582,2.0,10.986861,1.0,KP,1.0,3.0
74160,625.0604,1.983027,59300.0,6.0,C,I,9.002582,2.0,10.985589,2.0,KP,1.0,5.0
74340,627.546,1.9751720000000001,38870.0,6.0,C,I,9.002582,2.0,10.977734,2.0,KP,1.0,5.0
74433,629.2358,1.969868,42390.0,6.0,C,I,9.002582,2.0,10.972430000000001,2.0,KP,1.0,5.0
74697,633.5701,1.956392,708400.0,6.0,C,I,8.771132000000001,1.0,10.727505,0.0,KP,1.0,1.0
74705,633.7183,1.9559349999999998,196300.0,6.0,C,I,8.771132000000001,1.0,10.727047,1.0,KP,1.0,3.0
74730,634.2317,1.954351,436900.0,6.0,C,I,8.771132000000001,1.0,10.725464,2.0,KP,1.0,5.0
74767,634.8475,1.9524560000000002,428000.0,6.0,C,I,8.771132000000001,1.0,10.723567999999998,1.0,KP,1.0,3.0
75053,639.7965,1.9373529999999999,419600.0,6.0,C,I,8.771132000000001,1.0,10.708466,2.0,KP,1.0,5.0
75154,641.355,1.9326450000000002,225200.0,6.0,C,I,8.771132000000001,1.0,10.703758,1.0,KP,1.0,3.0
75177,641.7539,1.931444,173400.0,6.0,C,I,8.771132000000001,1.0,10.702556,0.0,KP,1.0,1.0
76239,658.6269,1.881964,659900.0,6.0,C,I,9.002582,2.0,10.884527,1.0,KP,1.0,3.0
76246,658.761,1.8815810000000002,1298000.0,6.0,C,I,8.537097,1.0,10.418659,1.0,MWRB,1.0,3.0
76254,658.8643,1.881286,323000.0,6.0,C,I,9.171844,0.0,11.053111,1.0,CM,1.0,3.0
76283,659.3454,1.8799130000000002,59800.0,6.0,C,I,9.002582,2.0,10.882475999999999,2.0,KP,1.0,5.0
76332,660.2411,1.8773630000000001,71700.0,6.0,C,I,8.84812,1.0,10.725464,2.0,KP,1.0,5.0
76391,661.1353,1.8748240000000003,160100.0,6.0,C,I,8.850659,2.0,10.725464,2.0,KP,1.0,5.0
76430,661.7252,1.8731520000000002,65370.0,6.0,C,I,9.002582,2.0,10.875715,1.0,KP,1.0,3.0
76436,661.8045,1.872928,68440.0,6.0,C,I,8.850659,2.0,10.723567999999998,1.0,KP,1.0,3.0
76466,662.1789,1.8718689999999998,83750.0,6.0,C,I,9.002582,2.0,10.874432,2.0,KP,1.0,5.0
76682,665.3967,1.8628169999999997,42540.0,6.0,C,I,8.84812,1.0,10.710918,2.0,KP,1.0,5.0
76687,665.4609,1.8626369999999999,73900.0,6.0,C,I,9.002582,2.0,10.8652,2.0,KP,1.0,5.0
76691,665.5517,1.8623830000000001,2140000.0,6.0,C,I,8.537097,1.0,10.399461,1.0,KP,1.0,3.0
76720,665.9312,1.861321,36470.0,6.0,C,I,8.850659,2.0,10.711962,3.0,KP,1.0,7.0
76738,666.2738,1.860364,154000.0,6.0,C,I,8.84812,1.0,10.708466,2.0,KP,1.0,5.0
76739,666.3044,1.8602779999999999,476000.0,6.0,C,I,8.850659,2.0,10.710918,2.0,GUES,1.0,5.0
76803,667.1845,1.857825,655300.0,6.0,C,I,8.850659,2.0,10.708466,2.0,KP,1.0,5.0
76816,667.4117,1.857193,280500.0,6.0,C,I,8.846584,0.0,10.703758,1.0,KP,1.0,3.0
76855,667.9642,1.855657,261400.0,6.0,C,I,8.84812,1.0,10.703758,1.0,KP,1.0,3.0
76867,668.0949,1.855293,137100.0,6.0,C,I,8.537097,1.0,10.392372,1.0,KP,1.0,3.0
76883,668.397,1.854455,1056000.0,6.0,C,I,8.84812,1.0,10.702556,0.0,KP,1.0,1.0
76908,668.8794,1.853117,403700.0,6.0,C,I,8.850659,2.0,10.703758,1.0,KP,1.0,3.0
77034,671.1323,1.846897,167200.0,6.0,C,I,8.537097,1.0,10.383975,1.0,KP,1.0,3.0
77051,671.3586,1.846275,200000.0,6.0,C,I,8.537097,1.0,10.383353,2.0,KP,1.0,5.0
77824,682.8115,1.815307,1501000.0,6.0,C,I,8.537097,1.0,10.352385,2.0,KP,1.0,5.0
77837,682.9136,1.815035,58620.0,6.0,C,I,9.171844,0.0,10.986861,1.0,KP,1.0,3.0
78456,692.726,1.7893259999999998,763400.0,6.0,C,I,8.640394,1.0,10.429702,0.0,KP,1.0,1.0
78467,692.9723,1.7886900000000001,254300.0,6.0,C,I,8.640394,1.0,10.429066,1.0,KP,1.0,3.0
78526,693.9913,1.7860639999999999,319200.0,6.0,C,I,8.64302,2.0,10.429066,1.0,KP,1.0,3.0
78560,694.6176,1.7844529999999998,44820.0,6.0,C,I,8.64302,2.0,10.427455,2.0,KP,1.0,5.0
78639,696.2319,1.780316,489100.0,6.0,C,I,8.647158000000001,3.0,10.427455,2.0,KP,1.0,5.0
78739,698.0589,1.7756560000000001,218300.0,6.0,C,I,8.64302,2.0,10.418659,1.0,KP,1.0,3.0
78989,702.2129,1.765152,1844000.0,6.0,C,I,8.64302,2.0,10.408155,3.0,KP,1.0,7.0
79082,703.8627,1.7610150000000002,210800.0,6.0,C,I,8.647158000000001,3.0,10.408155,3.0,KP,1.0,7.0
79116,704.6351,1.759084,107400.0,6.0,C,I,8.640394,1.0,10.399461,1.0,KP,1.0,3.0
79166,705.6886,1.756458,158300.0,6.0,C,I,8.64302,2.0,10.399461,1.0,KP,1.0,3.0
79346,708.9459,1.748388,50550.0,6.0,C,I,8.640394,1.0,10.388765,2.0,KP,1.0,5.0
79414,710.0124,1.7457619999999998,664300.0,6.0,C,I,8.64302,2.0,10.388765,2.0,KP,1.0,5.0
79466,710.8934,1.7435990000000001,918700.0,6.0,C,I,8.640394,1.0,10.383975,1.0,KP,1.0,3.0
79481,711.1472,1.7429759999999999,4083000.0,6.0,C,I,8.640394,1.0,10.383353,2.0,KP,1.0,5.0
79488,711.3178,1.7425580000000003,6539000.0,6.0,C,I,8.647158000000001,3.0,10.389698,4.0,KP,1.0,9.0
79499,711.5172,1.74207,3668000.0,6.0,C,I,8.64302,2.0,10.385073,3.0,KP,1.0,7.0
79500,711.5182,1.7420669999999998,3711000.0,6.0,C,I,8.640394,1.0,10.382444,0.0,KP,1.0,1.0
79507,711.6991,1.741625,3238000.0,6.0,C,I,8.647158000000001,3.0,10.388765,2.0,KP,1.0,5.0
79522,711.9656,1.7409729999999999,2641000.0,6.0,C,I,8.64302,2.0,10.383975,1.0,KP,1.0,3.0
79537,712.2203,1.74035,775700.0,6.0,C,I,8.64302,2.0,10.383353,2.0,KP,1.0,5.0
79593,713.2111,1.737932,481200.0,6.0,C,I,8.647158000000001,3.0,10.385073,3.0,KP,1.0,7.0
80009,720.2267,1.7210029999999998,340300.0,6.0,C,I,9.002582,2.0,10.723567999999998,1.0,CM,1.0,3.0
80075,721.6007,1.717727,53720.0,6.0,C,I,9.171844,0.0,10.889553,1.0,KP,1.0,3.0
80194,723.7186,1.7127,80840.0,6.0,C,I,9.171844,0.0,10.884527,1.0,KP,1.0,3.0
80211,724.011,1.7120080000000002,881900.0,6.0,C,I,8.640394,1.0,10.352385,2.0,KP,1.0,5.0
80221,724.1321,1.7117220000000002,1115000.0,6.0,C,I,9.002582,2.0,10.714286999999999,1.0,KP,1.0,3.0
80274,725.1233,1.709382,152800.0,6.0,C,I,8.64302,2.0,10.352385,2.0,KP,1.0,5.0
80473,728.6138,1.701193,89490.0,6.0,C,I,9.002582,2.0,10.703758,1.0,KP,1.0,3.0
80522,729.3575,1.699459,151000.0,6.0,C,I,9.002582,2.0,10.702022999999999,2.0,KP,1.0,5.0
80790,734.0834,1.688518,34950.0,6.0,C,I,9.330464,2.0,11.018965,2.0,KP,1.0,5.0
80904,736.4736,1.683038,141400.0,6.0,C,I,9.002582,2.0,10.685603,2.0,KP,1.0,5.0
81429,747.3309,1.6585869999999998,11400000.0,6.0,C,I,8.771132000000001,1.0,10.429702,0.0,KP,1.0,1.0
81445,747.6176,1.6579509999999997,6909000.0,6.0,C,I,8.771132000000001,1.0,10.429066,1.0,KP,1.0,3.0
81481,748.3445,1.6563400000000001,7704000.0,6.0,C,I,8.771132000000001,1.0,10.427455,2.0,KP,1.0,5.0
81679,752.3402,1.647543,3265000.0,6.0,C,I,8.771132000000001,1.0,10.418659,1.0,KP,1.0,3.0
82282,763.4908,1.623481,131600.0,6.0,C,I,8.771132000000001,1.0,10.394597000000001,2.0,KP,1.0,5.0
82321,764.5388,1.621256,81280.0,6.0,C,I,8.771132000000001,1.0,10.392372,1.0,KP,1.0,3.0
82430,766.2435,1.617649,863300.0,6.0,C,I,8.771132000000001,1.0,10.388765,2.0,KP,1.0,5.0
82491,767.4565,1.6150930000000001,3506000.0,6.0,C,I,10.520249,1.0,12.135325,2.0,KP,1.0,5.0
82547,768.519,1.61286,496000.0,6.0,C,I,8.771132000000001,1.0,10.383975,1.0,KP,1.0,3.0
82592,769.2493,1.611328,356200.0,6.0,C,I,8.771132000000001,1.0,10.382444,0.0,KP,1.0,1.0
82763,772.4088,1.604737,50030.0,6.0,C,I,9.330464,2.0,10.935186,2.0,KP,1.0,5.0
82764,772.4261,1.604701,315600.0,6.0,C,I,10.53064,1.0,12.135325,2.0,KP,1.0,5.0
82783,772.6847,1.604165,61770.0,6.0,C,I,9.330303,1.0,10.934452,1.0,KP,1.0,3.0
82792,772.813,1.603898,45770.0,6.0,C,I,9.33057,0.0,10.934452,1.0,KP,1.0,3.0
83301,783.2637,1.582498,1045000.0,6.0,C,I,8.846584,0.0,10.429066,1.0,KP,1.0,3.0
83326,783.7095,1.581598,3763000.0,6.0,C,I,8.84812,1.0,10.429702,0.0,KP,1.0,1.0
83347,784.0248,1.580962,424700.0,6.0,C,I,8.84812,1.0,10.429066,1.0,KP,1.0,3.0
83395,784.8244,1.579351,2602000.0,6.0,C,I,8.84812,1.0,10.427455,2.0,KP,1.0,5.0
83415,785.286,1.578423,1370000.0,6.0,C,I,8.850659,2.0,10.429066,1.0,KP,1.0,3.0
83443,786.0882,1.576812,4018000.0,6.0,C,I,8.850659,2.0,10.427455,2.0,KP,1.0,5.0
83549,788.449,1.572091,940200.0,6.0,C,I,8.846584,0.0,10.418659,1.0,KP,1.0,3.0
83580,789.2202,1.570555,138800.0,6.0,C,I,8.84812,1.0,10.418659,1.0,KP,1.0,3.0
83624,790.4982,1.568015,853000.0,6.0,C,I,8.850659,2.0,10.418659,1.0,KP,1.0,3.0
83940,797.0026,1.5552190000000001,100900.0,6.0,C,I,9.171844,0.0,10.727047,1.0,KP,1.0,3.0
