,Wl/nm,E_Photon,A-Value,Elem. num,Element,ion state,E_lower_lev.,J_lower,E_upper_lev.,J_upper,Ref.,ion state num,g_j
5547,237.284,5.223596,20660000.0,63.0,Eu,I,0.0,3.5,5.223544,2.5,PGK,1.0,6.0
5608,237.5304,5.218178,22350000.0,63.0,Eu,I,0.0,3.5,5.218125,3.5,PGK,1.0,8.0
5649,237.7486,5.213389,5644000.0,63.0,Eu,I,0.0,3.5,5.213337,4.5,PGK,1.0,10.0
5700,237.9645,5.208659,21420000.0,63.0,Eu,I,0.0,3.5,5.208607,4.5,PGK,1.0,10.0
5892,238.9245,5.187733000000001,3002000.0,63.0,Eu,I,0.0,3.5,5.1876809999999995,4.5,PGK,1.0,10.0
6527,241.8483,5.125021,5125000.0,63.0,Eu,I,0.0,3.5,5.124969999999999,3.5,PGK,1.0,8.0
6692,242.506,5.111124,2960000.0,63.0,Eu,I,0.0,3.5,5.111072,3.5,PGK,1.0,8.0
7073,244.0524,5.07874,1774000.0,63.0,Eu,I,0.0,3.5,5.078689,4.5,PGK,1.0,10.0
7196,244.6496,5.066344,782900.0,63.0,Eu,I,0.0,3.5,5.066293,3.5,PGK,1.0,8.0
7514,246.0502,5.037506,5724000.0,63.0,Eu,I,0.0,3.5,5.037456,2.5,PGK,1.0,6.0
7543,246.1745,5.034962,5276000.0,63.0,Eu,I,0.0,3.5,5.034911,3.5,PGK,1.0,8.0
7761,247.1104,5.015894,10430000.0,63.0,Eu,I,0.0,3.5,5.015844,4.5,PGK,1.0,10.0
8455,249.9397,4.9591199999999995,1637000.0,63.01,Eu,II,0.206956,3.0,5.1660260000000005,4.0,CB,2.0,9.0
10083,255.4778,4.851626,32190000.0,63.01,Eu,II,2.090463,5.0,6.9420399999999995,5.0,CB,2.0,11.0
10221,255.9178,4.843284,39210000.0,63.01,Eu,II,2.1082349999999996,4.0,6.95147,4.0,CB,2.0,9.0
10363,256.4171,4.833854,192600000.0,63.01,Eu,II,2.1082349999999996,4.0,6.9420399999999995,5.0,CB,2.0,11.0
10386,256.4969,4.83235,1218000.0,63.0,Eu,I,0.0,3.5,4.832301,4.5,PGK,1.0,10.0
10466,256.8173,4.826322,158600000.0,63.01,Eu,II,2.125197,3.0,6.95147,4.0,CB,2.0,9.0
10487,256.8753,4.825233,815300.0,63.0,Eu,I,0.0,3.5,4.825185,3.5,PGK,1.0,8.0
10659,257.4756,4.813984,50970000.0,63.01,Eu,II,2.125197,3.0,6.939133,3.0,CB,2.0,7.0
10714,257.7139,4.809532,233200000.0,63.01,Eu,II,2.090463,5.0,6.899946000000001,6.0,CB,2.0,13.0
10834,258.062,4.803045,798500.0,63.0,Eu,I,0.0,3.5,4.802997,2.5,PGK,1.0,6.0
10866,258.1864,4.800731,50690000.0,63.01,Eu,II,2.13845,2.0,6.939133,3.0,CB,2.0,7.0
11407,260.2587,4.762508,588800.0,63.0,Eu,I,0.0,3.5,4.76246,3.5,PGK,1.0,8.0
11514,260.6058,4.756165,314000.0,63.0,Eu,I,0.0,3.5,4.756117,4.5,PGK,1.0,10.0
11894,261.9272,4.732172,777200.0,63.0,Eu,I,0.0,3.5,4.732125,4.5,PGK,1.0,10.0
12067,262.5773,4.720457,578400.0,63.0,Eu,I,0.0,3.5,4.720409,3.5,PGK,1.0,8.0
12221,263.1619,4.709969999999999,538800.0,63.0,Eu,I,0.0,3.5,4.709923000000001,4.5,PGK,1.0,10.0
12308,263.5498,4.7030389999999995,725700.0,63.01,Eu,II,0.0,4.0,4.702992,5.0,CB,2.0,11.0
12361,263.7114,4.700157,536500.0,63.0,Eu,I,0.0,3.5,4.70011,4.5,PGK,1.0,10.0
12399,263.8765,4.697216,44340000.0,63.01,Eu,II,0.206956,3.0,4.9041239999999995,4.0,CB,2.0,9.0
12457,264.1098,4.693068,475600.0,63.0,Eu,I,0.0,3.5,4.693021,3.5,PGK,1.0,8.0
12462,264.1267,4.692767,8687000.0,63.01,Eu,II,0.0,4.0,4.69272,5.0,CB,2.0,11.0
12530,264.382,4.688237,667300.0,63.0,Eu,I,0.0,3.5,4.6881900000000005,3.5,PGK,1.0,8.0
12910,265.9405,4.660762999999999,1283000.0,63.0,Eu,I,0.0,3.5,4.660716000000001,4.5,PGK,1.0,10.0
13153,266.8328,4.645178,25540000.0,63.01,Eu,II,0.206956,3.0,4.852087,4.0,CB,2.0,9.0
13411,267.828,4.627919,9861000.0,63.01,Eu,II,0.206956,3.0,4.834828,4.0,CB,2.0,9.0
13534,268.2588,4.620486,1357000.0,63.0,Eu,I,0.0,3.5,4.62044,2.5,PGK,1.0,6.0
13620,268.5657,4.615207,5909000.0,63.01,Eu,II,0.0,4.0,4.6151599999999995,4.0,CB,2.0,9.0
13778,269.2022,4.604295,27450000.0,63.01,Eu,II,0.206956,3.0,4.811204,3.0,CB,2.0,7.0
13804,269.2725,4.603093,440000.0,63.0,Eu,I,0.0,3.5,4.603047,4.5,PGK,1.0,10.0
13887,269.5068,4.599092,608900.0,63.0,Eu,I,0.0,3.5,4.5990459999999995,2.5,PGK,1.0,6.0
14059,270.112,4.588788,16460000.0,63.01,Eu,II,0.0,4.0,4.588742,4.0,CB,2.0,9.0
14083,270.1901,4.587461,15460000.0,63.01,Eu,II,0.0,4.0,4.587415,5.0,CB,2.0,11.0
14160,270.5265,4.581758,5562000.0,63.01,Eu,II,0.0,4.0,4.5817120000000005,4.0,CB,2.0,9.0
14288,270.9986,4.5737760000000005,14520000.0,63.0,Eu,I,0.0,3.5,4.57373,4.5,PGK,1.0,10.0
14460,271.6996,4.5619760000000005,32400000.0,63.01,Eu,II,0.206956,3.0,4.768886,3.0,CB,2.0,7.0
14659,272.396,4.550314,12570000.0,63.0,Eu,I,0.0,3.5,4.550268,3.5,PGK,1.0,8.0
14765,272.7783,4.543936,74280000.0,63.01,Eu,II,0.0,4.0,4.543891,5.0,CB,2.0,11.0
14806,272.9344,4.541339,5208000.0,63.01,Eu,II,0.0,4.0,4.5412930000000005,3.0,CB,2.0,7.0
14809,272.9442,4.541175,16850000.0,63.01,Eu,II,0.206956,3.0,4.748085,3.0,CB,2.0,7.0
14855,273.137,4.53797,3396000.0,63.0,Eu,I,0.0,3.5,4.537925,3.5,PGK,1.0,8.0
14878,273.2603,4.535922,4051000.0,63.0,Eu,I,0.0,3.5,4.535876,2.5,PGK,1.0,6.0
14967,273.5252,4.531529,5127000.0,63.0,Eu,I,0.0,3.5,4.531484,4.5,PGK,1.0,10.0
15058,273.857,4.52604,1352000.0,63.0,Eu,I,0.0,3.5,4.525994,4.5,PGK,1.0,10.0
15124,274.0625,4.522645,9532000.0,63.01,Eu,II,0.206956,3.0,4.729556,2.0,CB,2.0,5.0
15201,274.3292,4.518249,11330000.0,63.0,Eu,I,0.0,3.5,4.518204,2.5,PGK,1.0,6.0
15224,274.4262,4.516652,2414000.0,63.01,Eu,II,0.0,4.0,4.516607,4.0,CB,2.0,9.0
15262,274.5614,4.514429,5425000.0,63.0,Eu,I,0.0,3.5,4.514384,2.5,PGK,1.0,6.0
15303,274.7284,4.511684,2248000.0,63.01,Eu,II,0.206956,3.0,4.718594,4.0,CB,2.0,9.0
15323,274.7836,4.510778,5647000.0,63.0,Eu,I,0.0,3.5,4.510732,3.5,PGK,1.0,8.0
15439,275.2155,4.5037,2820000.0,63.01,Eu,II,0.206956,3.0,4.710611,4.0,CB,2.0,9.0
16070,277.2903,4.470004,1148000.0,63.0,Eu,I,0.0,3.5,4.469958999999999,2.5,PGK,1.0,6.0
16182,277.6516,4.464186,777600.0,63.0,Eu,I,0.0,3.5,4.464142,3.5,PGK,1.0,8.0
16367,278.1881,4.455578,17790000.0,63.01,Eu,II,0.206956,3.0,4.662489,3.0,CB,2.0,7.0
16952,280.2837,4.4222660000000005,91140000.0,63.01,Eu,II,0.206956,3.0,4.629176999999999,2.0,CB,2.0,5.0
17229,281.175,4.408249,5777000.0,63.01,Eu,II,0.206956,3.0,4.6151599999999995,4.0,CB,2.0,9.0
17306,281.393,4.404833,55080000.0,63.01,Eu,II,0.0,4.0,4.404789,4.0,CB,2.0,9.0
17387,281.6176,4.401321,18170000.0,63.01,Eu,II,0.206956,3.0,4.608232,3.0,CB,2.0,7.0
17520,282.077,4.394153,40550000.0,63.01,Eu,II,0.0,4.0,4.394108999999999,3.0,CB,2.0,7.0
17731,282.8703,4.38183,9919000.0,63.01,Eu,II,0.206956,3.0,4.588742,4.0,CB,2.0,9.0
17752,282.9301,4.380904,5267000.0,63.01,Eu,II,0.206956,3.0,4.587816,2.0,CB,2.0,5.0
17848,283.3249,4.3748,3428000.0,63.01,Eu,II,0.206956,3.0,4.5817120000000005,4.0,CB,2.0,9.0
18141,284.3953,4.358335,2404000.0,63.01,Eu,II,0.206956,3.0,4.565247,3.0,CB,2.0,7.0
18553,285.9671,4.334381,7519000.0,63.01,Eu,II,0.206956,3.0,4.5412930000000005,3.0,CB,2.0,7.0
18619,286.2567,4.3299970000000005,4957000.0,63.01,Eu,II,0.0,4.0,4.329953,3.0,CB,2.0,7.0
18664,286.4413,4.327205999999999,5700000.0,63.01,Eu,II,1.379723,6.0,5.706886,6.0,CB,2.0,13.0
18944,287.6053,4.309694,1265000.0,63.01,Eu,II,0.206956,3.0,4.516607,4.0,CB,2.0,9.0
18985,287.778,4.307107,837100.0,63.0,Eu,I,0.0,3.5,4.307064,4.5,PGK,1.0,10.0
19011,287.8858,4.305495,3023000.0,63.0,Eu,I,0.0,3.5,4.305452,4.5,PGK,1.0,10.0
19237,288.7846,4.2920940000000005,1020000.0,63.01,Eu,II,0.0,4.0,4.292051,4.0,CB,2.0,9.0
19357,289.2514,4.285169000000001,11150000.0,63.0,Eu,I,0.0,3.5,4.285126,3.5,PGK,1.0,8.0
19371,289.302,4.284419000000001,10540000.0,63.0,Eu,I,0.0,3.5,4.284376,2.5,PGK,1.0,6.0
19392,289.3838,4.283208,1588000.0,63.0,Eu,I,0.0,3.5,4.2831660000000005,4.5,PGK,1.0,10.0
19717,290.6669,4.264302,50350000.0,63.01,Eu,II,0.0,4.0,4.264259,3.0,CB,2.0,7.0
19771,290.899,4.2609,7523000.0,63.0,Eu,I,0.0,3.5,4.260857,4.5,PGK,1.0,10.0
19993,291.7439,4.248558999999999,561900.0,63.01,Eu,II,0.206956,3.0,4.4554730000000005,4.0,CB,2.0,9.0
20199,292.5024,4.237543,28360000.0,63.01,Eu,II,0.206956,3.0,4.444457,2.0,CB,2.0,5.0
20784,294.7278,4.2055489999999995,831600.0,63.01,Eu,II,0.0,4.0,4.205507,3.0,CB,2.0,7.0
20887,295.0805,4.2005230000000005,608100.0,63.0,Eu,I,0.0,3.5,4.200480000000001,4.5,PGK,1.0,10.0
20937,295.2665,4.197875,3382000.0,63.01,Eu,II,0.206956,3.0,4.404789,4.0,CB,2.0,9.0
21084,295.8893,4.18904,1728000.0,63.0,Eu,I,0.0,3.5,4.188998000000001,2.5,PGK,1.0,6.0
21094,295.9471,4.1882220000000006,360700.0,63.01,Eu,II,0.0,4.0,4.18818,4.0,CB,2.0,9.0
21120,296.0197,4.187195,5574000.0,63.01,Eu,II,0.206956,3.0,4.394108999999999,3.0,CB,2.0,7.0
21945,299.133,4.143618,2348000.0,63.01,Eu,II,0.0,4.0,4.143577,5.0,CB,2.0,11.0
22042,299.5222,4.138234,520900.0,63.01,Eu,II,0.206956,3.0,4.345148,4.0,CB,2.0,9.0
22318,300.6261,4.123039,746000.0,63.01,Eu,II,0.206956,3.0,4.329953,3.0,CB,2.0,7.0
23138,304.0765,4.076256,504400.0,63.01,Eu,II,0.206956,3.0,4.28317,3.0,CB,2.0,7.0
23462,305.4939,4.0573440000000005,5233000.0,63.01,Eu,II,0.206956,3.0,4.264259,3.0,CB,2.0,7.0
23552,305.898,4.051984,4136000.0,63.0,Eu,I,0.0,3.5,4.051944000000001,3.5,PGK,1.0,8.0
23752,306.6941,4.041468,964900.0,63.0,Eu,I,0.0,3.5,4.041427,4.5,PGK,1.0,10.0
23802,306.9103,4.03862,57340000.0,63.01,Eu,II,3.0013919999999996,4.0,7.039972,5.0,CB,2.0,11.0
24007,307.7346,4.027803,1634000.0,63.01,Eu,II,0.0,4.0,4.027762999999999,4.0,CB,2.0,9.0
24205,308.569,4.016911,138700.0,63.0,Eu,I,0.0,3.5,4.016871,3.5,PGK,1.0,8.0
24513,309.7447,4.001665,2471000.0,63.01,Eu,II,0.206956,3.0,4.20858,2.0,CB,2.0,5.0
24709,310.617,3.990428,6073000.0,63.0,Eu,I,0.0,3.5,3.990388,4.5,PGK,1.0,10.0
24860,311.1429,3.983683,31990000.0,63.0,Eu,I,0.0,3.5,3.983643,4.5,PGK,1.0,10.0
26212,316.8278,3.912207,796600.0,63.0,Eu,I,0.0,3.5,3.912168,4.5,PGK,1.0,10.0
26339,317.3602,3.905643,669400.0,63.01,Eu,II,0.0,4.0,3.9056040000000003,3.0,CB,2.0,7.0
26634,318.5557,3.8909870000000004,627300.0,63.0,Eu,I,0.0,3.5,3.8909480000000003,4.5,PGK,1.0,10.0
27198,321.0571,3.860672,12290000.0,63.0,Eu,I,0.0,3.5,3.8606339999999997,3.5,PGK,1.0,8.0
27252,321.2813,3.8579779999999997,31620000.0,63.0,Eu,I,0.0,3.5,3.857939,3.5,PGK,1.0,8.0
27276,321.3753,3.85685,19800000.0,63.0,Eu,I,0.0,3.5,3.856811,2.5,PGK,1.0,6.0
27754,323.512,3.831378,1122000.0,63.0,Eu,I,0.0,3.5,3.83134,4.5,PGK,1.0,10.0
27902,324.1398,3.823958,2474000.0,63.0,Eu,I,0.0,3.5,3.823919,3.5,PGK,1.0,8.0
27995,324.6021,3.818511,1596000.0,63.0,Eu,I,0.0,3.5,3.8184730000000005,2.5,PGK,1.0,6.0
28029,324.7542,3.8167230000000005,2557000.0,63.0,Eu,I,0.0,3.5,3.8166849999999997,3.5,PGK,1.0,8.0
28367,326.2489,3.799237,299800.0,63.0,Eu,I,0.0,3.5,3.7991989999999998,4.5,PGK,1.0,10.0
28453,326.6389,3.7947010000000003,186900000.0,63.01,Eu,II,2.947635,3.0,6.742298,4.0,CB,2.0,9.0
28616,327.2764,3.7873099999999997,345900000.0,63.01,Eu,II,2.947635,3.0,6.734907000000001,3.0,CB,2.0,7.0
28720,327.7776,3.7815190000000003,666400000.0,63.01,Eu,II,2.947635,3.0,6.729116,2.0,CB,2.0,5.0
29276,330.1951,3.7538339999999994,226400000.0,63.01,Eu,II,3.0013919999999996,4.0,6.755188,5.0,CB,2.0,11.0
29428,330.8016,3.746952,210500000.0,63.01,Eu,II,3.0013919999999996,4.0,6.7483059999999995,5.0,CB,2.0,11.0
29576,331.3329,3.740943,256500000.0,63.01,Eu,II,3.0013919999999996,4.0,6.742298,4.0,CB,2.0,9.0
29760,331.9888,3.7335519999999995,153600000.0,63.01,Eu,II,3.0013919999999996,4.0,6.734907000000001,3.0,CB,2.0,7.0
29808,332.1853,3.7313440000000004,7758000.0,63.01,Eu,II,1.379723,6.0,5.11103,5.0,CB,2.0,11.0
29821,332.2259,3.7308879999999998,3783000.0,63.0,Eu,I,0.0,3.5,3.7308510000000004,2.5,PGK,1.0,6.0
30142,333.432,3.717393,37560000.0,63.0,Eu,I,0.0,3.5,3.7173559999999997,2.5,PGK,1.0,6.0
30266,333.8752,3.7124589999999995,90220000.0,63.01,Eu,II,3.32755,4.0,7.039972,5.0,CB,2.0,11.0
30555,335.0402,3.699551,1562000.0,63.0,Eu,I,0.0,3.5,3.6995139999999997,4.5,PGK,1.0,10.0
30622,335.3702,3.69591,588500.0,63.0,Eu,I,0.0,3.5,3.695873,3.5,PGK,1.0,8.0
30963,336.7635,3.680619,4113000.0,63.01,Eu,II,1.249965,3.0,4.930548,3.0,CB,2.0,7.0
31006,336.9049,3.679075,7672000.0,63.01,Eu,II,1.319623,5.0,4.998661,6.0,CB,2.0,13.0
31300,338.0246,3.6668879999999997,115300000.0,63.01,Eu,II,3.0013919999999996,4.0,6.6682429999999995,4.0,CB,2.0,9.0
31605,339.1988,3.6541959999999998,11990000.0,63.01,Eu,II,1.249965,3.0,4.9041239999999995,4.0,CB,2.0,9.0
31734,339.6584,3.649251,525300000.0,63.01,Eu,II,3.32755,4.0,6.976764,5.0,CB,2.0,11.0
32383,342.5001,3.6189739999999997,8329000.0,63.01,Eu,II,1.379723,6.0,4.998661,6.0,CB,2.0,13.0
32414,342.6442,3.617453,4844000.0,63.01,Eu,II,1.2302950000000001,2.0,4.847711,2.0,CB,2.0,5.0
32554,343.2518,3.611049,451300.0,63.0,Eu,I,0.0,3.5,3.611012,2.5,PGK,1.0,6.0
32759,344.0817,3.6023400000000003,326200000.0,63.01,Eu,II,3.379357,2.0,6.981661,1.0,CB,2.0,3.0
32762,344.0991,3.602158,8836000.0,63.01,Eu,II,1.249965,3.0,4.852087,4.0,CB,2.0,9.0
32882,344.5176,3.597782,4903000.0,63.01,Eu,II,1.249965,3.0,4.847711,2.0,CB,2.0,5.0
33177,345.7043,3.585432,898200.0,63.0,Eu,I,0.0,3.5,3.585396,3.5,PGK,1.0,8.0
33190,345.7557,3.5848989999999996,2643000.0,63.01,Eu,II,1.249965,3.0,4.834828,4.0,CB,2.0,9.0
33292,346.1375,3.580945,8918000.0,63.01,Eu,II,1.2302950000000001,2.0,4.811204,3.0,CB,2.0,7.0
33449,346.7877,3.5742309999999997,1098000.0,63.0,Eu,I,0.0,3.5,3.5741949999999996,3.5,PGK,1.0,8.0
34300,350.5296,3.5360769999999997,638900.0,63.01,Eu,II,0.206956,3.0,3.742997,2.0,CB,2.0,5.0
34869,353.1132,3.5102059999999997,122100000.0,63.01,Eu,II,3.245017,5.0,6.755188,5.0,CB,2.0,11.0
34894,353.2226,3.509119,132600000.0,63.01,Eu,II,3.379357,2.0,6.888441,3.0,CB,2.0,7.0
35014,353.8069,3.5033239999999997,105900000.0,63.01,Eu,II,3.245017,5.0,6.7483059999999995,5.0,CB,2.0,11.0
35096,354.2142,3.4992959999999997,12200000.0,63.01,Eu,II,1.2302950000000001,2.0,4.729556,2.0,CB,2.0,5.0
35364,355.252,3.4890730000000003,7969000.0,63.01,Eu,II,1.319623,5.0,4.808661,5.0,CB,2.0,11.0
36301,358.9266,3.453354,768600.0,63.0,Eu,I,0.0,3.5,3.453319,2.5,PGK,1.0,6.0
36639,360.3198,3.440002,6703000.0,63.01,Eu,II,1.278627,4.0,4.718594,4.0,CB,2.0,9.0
36860,361.158,3.4320190000000004,3344000.0,63.01,Eu,II,1.278627,4.0,4.710611,4.0,CB,2.0,9.0
36988,361.6159,3.4276730000000004,78700000.0,63.01,Eu,II,3.32755,4.0,6.755188,5.0,CB,2.0,11.0
37152,362.2536,3.421639,3089000.0,63.01,Eu,II,1.379723,6.0,4.801328,7.0,CB,2.0,15.0
37371,363.2176,3.412558,4769000.0,63.01,Eu,II,1.249965,3.0,4.662489,3.0,CB,2.0,7.0
38359,367.318,3.3744650000000003,122700000.0,63.01,Eu,II,3.3604760000000002,3.0,6.734907000000001,3.0,CB,2.0,7.0
38396,367.4632,3.373131,1667000.0,63.01,Eu,II,1.319623,5.0,4.69272,5.0,CB,2.0,11.0
38488,367.8256,3.3698080000000004,292100000.0,63.01,Eu,II,3.379357,2.0,6.749130999999999,1.0,CB,2.0,3.0
38716,368.8433,3.3605099999999997,12590000.0,63.01,Eu,II,0.0,4.0,3.3604760000000002,3.0,BKM,2.0,7.0
39245,371.0876,3.340186,1321000.0,63.01,Eu,II,1.319623,5.0,4.659776,6.0,CB,2.0,13.0
39306,371.3436,3.337884,4628000.0,63.01,Eu,II,1.249965,3.0,4.587816,2.0,CB,2.0,5.0
39343,371.4901,3.3365669999999996,2753000.0,63.01,Eu,II,1.278627,4.0,4.6151599999999995,4.0,CB,2.0,9.0
39461,371.9162,3.3327449999999996,54180000.0,63.0,Eu,I,1.805653,4.5,5.138364,5.5,CB,1.0,12.0
39607,372.4931,3.327583,44810000.0,63.01,Eu,II,0.0,4.0,3.32755,4.0,BKM,2.0,9.0
39723,372.973,3.3233019999999995,1378000.0,63.01,Eu,II,1.379723,6.0,4.702992,5.0,CB,2.0,11.0
39800,373.2197,3.321105,28840000.0,63.0,Eu,I,1.7441919999999997,3.5,5.065264,4.5,CB,1.0,10.0
40019,374.1294,3.3130300000000004,10150000.0,63.01,Eu,II,1.379723,6.0,4.69272,5.0,CB,2.0,11.0
40070,374.3553,3.311031,3406000.0,63.01,Eu,II,1.2302950000000001,2.0,4.5412930000000005,3.0,CB,2.0,7.0
40529,376.1116,3.2955699999999997,7745000.0,63.01,Eu,II,1.319623,5.0,4.6151599999999995,4.0,CB,2.0,9.0
40647,376.5926,3.291361,2999000.0,63.01,Eu,II,1.249965,3.0,4.5412930000000005,3.0,CB,2.0,7.0
40843,377.4098,3.2842339999999997,104800000.0,63.0,Eu,I,2.059599,4.5,5.343801,4.5,CB,1.0,10.0
41178,378.8759,3.2715259999999997,79760000.0,63.01,Eu,II,3.3604760000000002,3.0,6.631969000000001,3.0,CB,2.0,7.0
41242,379.1511,3.269151,1324000.0,63.01,Eu,II,1.319623,5.0,4.588742,4.0,CB,2.0,9.0
41446,379.9009,3.262699,4163000.0,63.01,Eu,II,1.278627,4.0,4.5412930000000005,3.0,CB,2.0,7.0
41739,381.1323,3.252158,173200000.0,63.0,Eu,I,1.7441919999999997,3.5,4.996318,3.5,CB,1.0,8.0
41959,381.9672,3.24505,128700000.0,63.01,Eu,II,0.0,4.0,3.245017,5.0,BKM,2.0,11.0
42128,382.668,3.239107,137000000.0,63.01,Eu,II,3.32755,4.0,6.566625,5.0,CB,2.0,11.0
42572,384.4254,3.2243,2971000.0,63.01,Eu,II,1.319623,5.0,4.543891,5.0,CB,2.0,11.0
43056,386.5563,3.2065259999999998,257200000.0,63.0,Eu,I,1.93187,5.5,5.138364,5.5,CB,1.0,12.0
43231,387.2718,3.200602,64370000.0,63.0,Eu,I,1.93187,5.5,5.13244,5.5,CB,1.0,12.0
43529,388.4741,3.190697,230200000.0,63.0,Eu,I,1.805653,4.5,4.996318,3.5,CB,1.0,8.0
43937,390.051,3.177798,47040000.0,63.0,Eu,I,1.6393240000000002,4.5,4.81709,5.5,CB,1.0,12.0
44093,390.7107,3.1724330000000003,137200000.0,63.01,Eu,II,0.206956,3.0,3.379357,2.0,BKM,2.0,5.0
44352,391.7297,3.16418,216200000.0,63.0,Eu,I,1.6178569999999999,3.5,4.782006,3.5,CB,1.0,8.0
44363,391.7711,3.163846,565900.0,63.01,Eu,II,1.2302950000000001,2.0,4.394108999999999,3.0,CB,2.0,7.0
44385,391.851,3.163201,27010000.0,63.0,Eu,I,1.708339,6.5,4.871508,6.5,CB,1.0,14.0
44656,392.8876,3.154855,796300.0,63.01,Eu,II,1.249965,3.0,4.404789,4.0,CB,2.0,9.0
44709,393.0499,3.153552,95470000.0,63.01,Eu,II,0.206956,3.0,3.3604760000000002,3.0,BKM,2.0,7.0
45009,394.2222,3.144175,571900.0,63.01,Eu,II,1.249965,3.0,4.394108999999999,3.0,CB,2.0,7.0
45032,394.3074,3.143496,75500000.0,63.01,Eu,II,2.947635,3.0,6.091099,4.0,CB,2.0,9.0
45183,394.9613,3.138291,33170000.0,63.0,Eu,I,1.6178569999999999,3.5,4.756117,4.5,CB,1.0,10.0
45325,395.5746,3.133426,67520000.0,63.0,Eu,I,1.93187,5.5,5.065264,4.5,CB,1.0,10.0
45503,396.3604,3.127214,36960000.0,63.0,Eu,I,1.977834,3.5,5.105017,4.5,CB,1.0,10.0
45535,396.4897,3.126194,1833000.0,63.01,Eu,II,1.278627,4.0,4.404789,4.0,CB,2.0,9.0
45590,396.7169,3.124403,53550000.0,63.0,Eu,I,1.7441919999999997,3.5,4.868564,2.5,CB,1.0,6.0
45692,397.1972,3.120625,89250000.0,63.01,Eu,II,0.206956,3.0,3.32755,4.0,BKM,2.0,9.0
45852,397.8417,3.115571,25610000.0,63.0,Eu,I,1.668481,5.5,4.784021,6.5,CB,1.0,14.0
46039,398.6597,3.109178,22210000.0,63.0,Eu,I,1.668481,5.5,4.777628,6.5,CB,1.0,14.0
46591,401.168,3.089738,113000000.0,63.01,Eu,II,3.0013919999999996,4.0,6.091099,4.0,CB,2.0,9.0
46710,401.7585,3.085197,2300000.0,63.01,Eu,II,1.319623,5.0,4.404789,4.0,CB,2.0,9.0
48001,407.8235,3.039316,18060000.0,63.0,Eu,I,1.708339,6.5,4.747624,6.5,CB,1.0,14.0
48157,408.5388,3.033994,1763000.0,63.01,Eu,II,1.2302950000000001,2.0,4.264259,3.0,CB,2.0,7.0
48397,409.6785,3.0255549999999998,1035000.0,63.01,Eu,II,1.319623,5.0,4.345148,4.0,CB,2.0,9.0
48608,410.6859,3.018133,42530000.0,63.0,Eu,I,1.6023370000000001,2.5,4.62044,2.5,CB,1.0,6.0
48723,411.2048,3.0143240000000002,1320000.0,63.01,Eu,II,1.249965,3.0,4.264259,3.0,CB,2.0,7.0
49010,412.7261,3.003214,62140000.0,63.0,Eu,I,1.993636,5.5,4.99682,5.5,CB,1.0,12.0
49068,412.9725,3.0014220000000003,69470000.0,63.01,Eu,II,0.0,4.0,3.0013919999999996,4.0,BKM,2.0,9.0
49219,413.7067,2.996096,26570000.0,63.0,Eu,I,1.993636,5.5,4.989701999999999,6.5,CB,1.0,14.0
49507,415.1524,2.985662,449100.0,63.01,Eu,II,1.278627,4.0,4.264259,3.0,CB,2.0,7.0
49622,415.7712,2.981219,20320000.0,63.0,Eu,I,1.6178569999999999,3.5,4.5990459999999995,2.5,CB,1.0,6.0
50109,418.2215,2.963753,43760000.0,63.0,Eu,I,1.6393240000000002,4.5,4.603047,4.5,CB,1.0,10.0
50555,420.5042,2.947665,70510000.0,63.01,Eu,II,0.0,4.0,2.947635,3.0,BKM,2.0,7.0
51346,424.4741,2.920096,20190000.0,63.0,Eu,I,1.6178569999999999,3.5,4.537925,3.5,CB,1.0,8.0
52403,429.8729,2.883424,52240000.0,63.0,Eu,I,1.708339,6.5,4.591734,5.5,CB,1.0,12.0
53018,432.9348,2.8630310000000003,32440000.0,63.0,Eu,I,1.668481,5.5,4.531484,4.5,CB,1.0,10.0
53029,432.9969,2.86262,24650000.0,63.0,Eu,I,1.708339,6.5,4.570930000000001,5.5,CB,1.0,12.0
53054,433.1161,2.8618330000000003,14710000.0,63.0,Eu,I,1.6023370000000001,2.5,4.464142,3.5,CB,1.0,8.0
53165,433.7674,2.857536,32310000.0,63.0,Eu,I,1.668481,5.5,4.525989,4.5,CB,1.0,10.0
53483,435.5087,2.846111,166600000.0,63.01,Eu,II,3.245017,5.0,6.091099,4.0,CB,2.0,9.0
54009,438.3172,2.827875,73320000.0,63.01,Eu,II,3.32755,4.0,6.155396,3.0,CB,2.0,7.0
54087,438.7872,2.824846,36000000.0,63.0,Eu,I,1.6393240000000002,4.5,4.464142,3.5,CB,1.0,8.0
54403,440.527,2.8136900000000002,1101000.0,63.01,Eu,II,2.090463,5.0,4.9041239999999995,4.0,CB,2.0,9.0
54943,443.481,2.7949479999999998,118900000.0,63.01,Eu,II,3.3604760000000002,3.0,6.155396,3.0,CB,2.0,7.0
54955,443.5578,2.794464,30460000.0,63.01,Eu,II,0.206956,3.0,3.0013919999999996,4.0,BKM,2.0,9.0
55486,446.4973,2.776067,75710000.0,63.01,Eu,II,3.379357,2.0,6.155396,3.0,CB,2.0,7.0
55811,448.5153,2.763577,16830000.0,63.01,Eu,II,3.32755,4.0,6.091099,4.0,CB,2.0,9.0
56397,452.2581,2.740707,9773000.0,63.01,Eu,II,0.206956,3.0,2.947635,3.0,BKM,2.0,7.0
56605,453.559,2.732846,32180000.0,63.0,Eu,I,1.977834,3.5,4.710653,3.5,CB,1.0,8.0
57503,459.4035,2.698079,151500000.0,63.0,Eu,I,0.0,3.5,2.698052,4.5,PGK,1.0,10.0
57630,460.2622,2.693046,9743000.0,63.0,Eu,I,1.993636,5.5,4.686655,5.5,CB,1.0,12.0
57973,462.7226,2.678727,149300000.0,63.0,Eu,I,0.0,3.5,2.6787,3.5,PGK,1.0,8.0
58392,466.1878,2.658816,143100000.0,63.0,Eu,I,0.0,3.5,2.658789,2.5,PGK,1.0,6.0
59059,471.3585,2.629649,13100000.0,63.0,Eu,I,1.944107,4.5,4.57373,4.5,CB,1.0,10.0
59442,474.0516,2.6147099999999996,6057000.0,63.0,Eu,I,1.668481,5.5,4.2831660000000005,4.5,CB,1.0,10.0
60103,479.2579,2.586307,8009000.0,63.0,Eu,I,1.668481,5.5,4.254762,5.5,CB,1.0,12.0
60548,482.9281,2.566651,18320000.0,63.0,Eu,I,1.944107,4.5,4.510732,3.5,CB,1.0,8.0
60563,483.0341,2.566088,61340000.0,63.0,Eu,I,2.1499669999999997,3.5,4.716029,2.5,CB,1.0,6.0
60708,484.0482,2.560712,28910000.0,63.0,Eu,I,2.1499669999999997,3.5,4.710653,3.5,CB,1.0,8.0
60845,484.964,2.555877,24690000.0,63.0,Eu,I,1.977834,3.5,4.533686,4.5,CB,1.0,10.0
61051,486.7595,2.546449,19060000.0,63.0,Eu,I,1.708339,6.5,4.254762,5.5,CB,1.0,12.0
61250,488.4043,2.537873,15360000.0,63.0,Eu,I,1.993636,5.5,4.531484,4.5,CB,1.0,10.0
61401,489.4642,2.532378,36680000.0,63.0,Eu,I,1.993636,5.5,4.525989,4.5,CB,1.0,10.0
61469,490.0847,2.529172,13590000.0,63.0,Eu,I,1.7441919999999997,3.5,4.273339,4.5,CB,1.0,10.0
61542,490.7174,2.5259110000000002,42570000.0,63.0,Eu,I,1.7441919999999997,3.5,4.270078,3.5,CB,1.0,8.0
61596,491.1407,2.523734,68130000.0,63.0,Eu,I,1.7441919999999997,3.5,4.267901,2.5,CB,1.0,6.0
62089,495.3506,2.5022849999999996,32060000.0,63.0,Eu,I,1.970175,2.5,4.472435,2.5,CB,1.0,6.0
62159,496.0198,2.498909,47950000.0,63.0,Eu,I,1.970175,2.5,4.469059,1.5,CB,1.0,4.0
62183,496.2545,2.497728,23950000.0,63.0,Eu,I,1.977834,3.5,4.475537,3.5,CB,1.0,8.0
62340,497.5754,2.491097,48090000.0,63.0,Eu,I,2.224957,1.5,4.716029,2.5,CB,1.0,6.0
62756,501.3149,2.472515,35850000.0,63.0,Eu,I,1.805653,4.5,4.278143,5.5,CB,1.0,12.0
62896,502.2909,2.467711,39080000.0,63.0,Eu,I,1.805653,4.5,4.273339,4.5,CB,1.0,10.0
62977,502.9555,2.46445,30740000.0,63.0,Eu,I,1.805653,4.5,4.270078,3.5,CB,1.0,8.0
63027,503.3549,2.462495,30910000.0,63.0,Eu,I,1.977834,3.5,4.440304,4.5,CB,1.0,10.0
63386,506.7944,2.445783,9661000.0,63.0,Eu,I,1.6393240000000002,4.5,4.085082,5.5,CB,1.0,12.0
63627,509.2681,2.4339020000000002,24590000.0,63.0,Eu,I,2.059599,4.5,4.4934769999999995,5.5,CB,1.0,12.0
63662,509.6433,2.432111,55360000.0,63.0,Eu,I,2.4111439999999997,5.5,4.843230999999999,6.5,CB,1.0,14.0
63842,511.437,2.423581,23240000.0,63.0,Eu,I,1.6178569999999999,3.5,4.041414,4.5,CB,1.0,10.0
63955,512.4771,2.418662,46390000.0,63.0,Eu,I,1.970175,2.5,4.388812000000001,2.5,CB,1.0,6.0
64001,512.9091,2.416625,21610000.0,63.0,Eu,I,1.668481,5.5,4.085082,5.5,CB,1.0,12.0
64012,513.0089,2.416155,34720000.0,63.0,Eu,I,1.970175,2.5,4.386305,3.5,CB,1.0,8.0
64044,513.3482,2.414558,35480000.0,63.0,Eu,I,1.6023370000000001,2.5,4.016871,3.5,CB,1.0,8.0
64320,516.007,2.4021169999999996,38780000.0,63.0,Eu,I,1.6393240000000002,4.5,4.041417,4.5,CB,1.0,10.0
64388,516.6693,2.399038,35020000.0,63.0,Eu,I,1.6178569999999999,3.5,4.016871,3.5,CB,1.0,8.0
64769,520.0954,2.383234,51710000.0,63.0,Eu,I,1.977834,3.5,4.361045,2.5,CB,1.0,6.0
64830,520.6428,2.380729,42740000.0,63.0,Eu,I,2.059599,4.5,4.440304,4.5,CB,1.0,10.0
64923,521.5106,2.3767669999999996,100000000.0,63.0,Eu,I,1.708339,6.5,4.085082,5.5,CB,1.0,12.0
65002,522.349,2.372952,43450000.0,63.0,Eu,I,1.668481,5.5,4.04141,4.5,CB,1.0,10.0
65168,523.9261,2.3658099999999997,15320000.0,63.0,Eu,I,1.6178569999999999,3.5,3.983643,4.5,CB,1.0,10.0
65472,526.6389,2.353623,21120000.0,63.0,Eu,I,1.708339,6.5,4.061938,6.5,CB,1.0,14.0
65534,527.1957,2.351137,69790000.0,63.0,Eu,I,1.93187,5.5,4.282983,6.5,CB,1.0,14.0
65542,527.2469,2.350909,12040000.0,63.0,Eu,I,1.668481,5.5,4.019367,5.5,CB,1.0,12.0
65673,528.2833,2.3462970000000003,31550000.0,63.0,Eu,I,1.93187,5.5,4.278143,5.5,CB,1.0,12.0
65712,528.7237,2.344343,6721000.0,63.0,Eu,I,1.6393240000000002,4.5,3.983643,4.5,CB,1.0,10.0
65726,528.9254,2.343449,45600000.0,63.0,Eu,I,2.19544,2.5,4.5388660000000005,2.5,CB,1.0,6.0
65745,529.1236,2.342571,84480000.0,63.0,Eu,I,2.389577,4.5,4.732125,4.5,CB,1.0,10.0
65770,529.3673,2.3414919999999997,15010000.0,63.0,Eu,I,1.93187,5.5,4.273339,4.5,CB,1.0,10.0
65783,529.4615,2.3410759999999997,68100000.0,63.0,Eu,I,2.19544,2.5,4.536493,3.5,CB,1.0,8.0
65904,530.386,2.336995,24860000.0,63.0,Eu,I,2.059599,4.5,4.396571,5.5,CB,1.0,12.0
66395,535.0407,2.316664,68560000.0,63.0,Eu,I,2.224957,1.5,4.5415980000000005,0.5,CB,1.0,2.0
66414,535.1679,2.316114,21080000.0,63.0,Eu,I,1.911991,3.5,4.228082,3.5,CB,1.0,8.0
66434,535.2831,2.315615,43120000.0,63.0,Eu,I,2.224957,1.5,4.5405489999999995,1.5,CB,1.0,4.0
66461,535.5087,2.3146400000000003,28600000.0,63.0,Eu,I,2.059599,4.5,4.3742160000000005,4.5,CB,1.0,10.0
66484,535.7598,2.313555,50100000.0,63.0,Eu,I,1.668481,5.5,3.982013,6.5,CB,1.0,14.0
66511,536.083,2.31216,20760000.0,63.0,Eu,I,1.876838,1.5,4.188975,2.5,CB,1.0,6.0
66675,537.6934,2.3052349999999997,27140000.0,63.0,Eu,I,2.059599,4.5,4.364812000000001,5.5,CB,1.0,12.0
66845,539.294,2.298393,41890000.0,63.0,Eu,I,1.8906049999999999,2.5,4.188976,2.5,CB,1.0,6.0
66942,540.2767,2.294213,43600000.0,63.0,Eu,I,1.6393240000000002,4.5,3.9335139999999997,5.5,CB,1.0,12.0
66970,540.532,2.293129,13750000.0,63.0,Eu,I,2.059599,4.5,4.3527059999999995,4.5,CB,1.0,10.0
67027,541.1854,2.290361,16490000.0,63.0,Eu,I,2.1499669999999997,3.5,4.440304,4.5,CB,1.0,10.0
67110,542.1063,2.28647,19620000.0,63.0,Eu,I,2.059599,4.5,4.346047,3.5,CB,1.0,8.0
67342,544.356,2.277021,13000000.0,63.0,Eu,I,1.911991,3.5,4.188989,2.5,CB,1.0,6.0
67423,545.1517,2.2736970000000003,35050000.0,63.0,Eu,I,1.708339,6.5,3.982013,6.5,CB,1.0,14.0
67439,545.2918,2.273113,26950000.0,63.0,Eu,I,1.6178569999999999,3.5,3.8909480000000003,4.5,CB,1.0,10.0
67482,545.7604,2.271162,22900000.0,63.0,Eu,I,2.389577,4.5,4.660716000000001,4.5,CB,1.0,10.0
67615,547.2317,2.265055,8879000.0,63.0,Eu,I,1.668481,5.5,3.9335139999999997,5.5,CB,1.0,12.0
67802,548.864,2.2583189999999997,15200000.0,63.0,Eu,I,1.6023370000000001,2.5,3.8606339999999997,3.5,CB,1.0,8.0
67865,549.5196,2.255625,5634000.0,63.0,Eu,I,1.6023370000000001,2.5,3.857939,3.5,CB,1.0,8.0
67912,550.083,2.253315,4365000.0,63.0,Eu,I,1.977834,3.5,4.231126000000001,3.5,CB,1.0,8.0
68016,551.0535,2.249346,16270000.0,63.0,Eu,I,1.7441919999999997,3.5,3.9935160000000005,4.5,CB,1.0,10.0
68178,552.6622,2.242799,3766000.0,63.0,Eu,I,1.6178569999999999,3.5,3.8606339999999997,3.5,CB,1.0,8.0
68239,553.3269,2.240104,3757000.0,63.0,Eu,I,1.6178569999999999,3.5,3.857939,3.5,CB,1.0,8.0
68322,554.2531,2.236361,12690000.0,63.0,Eu,I,2.1499669999999997,3.5,4.386305,3.5,CB,1.0,8.0
68380,554.7433,2.234385,31440000.0,63.0,Eu,I,1.6023370000000001,2.5,3.8367,2.5,CB,1.0,6.0
68599,557.0337,2.225198,14890000.0,63.0,Eu,I,1.708339,6.5,3.9335139999999997,5.5,CB,1.0,12.0
68679,557.7127,2.222489,21430000.0,63.0,Eu,I,1.668481,5.5,3.8909480000000003,4.5,CB,1.0,10.0
68699,557.9624,2.221494,9365000.0,63.0,Eu,I,1.805653,4.5,4.027125,5.5,CB,1.0,12.0
68702,558.0032,2.221332,15400000.0,63.0,Eu,I,1.6393240000000002,4.5,3.8606339999999997,3.5,CB,1.0,8.0
68765,558.6237,2.218865,14500000.0,63.0,Eu,I,1.6178569999999999,3.5,3.8367,2.5,CB,1.0,6.0
68774,558.6808,2.218638,9473000.0,63.0,Eu,I,1.6393240000000002,4.5,3.857939,3.5,CB,1.0,8.0
68833,559.223,2.216486,4137000.0,63.0,Eu,I,1.6023370000000001,2.5,3.818801,1.5,CB,1.0,4.0
68900,559.9764,2.213505,1728000.0,63.0,Eu,I,1.6178569999999999,3.5,3.83134,4.5,CB,1.0,10.0
68962,560.5852,2.2111009999999998,9516000.0,63.0,Eu,I,2.1499669999999997,3.5,4.361045,2.5,CB,1.0,6.0
69067,561.8805,2.206004,3129000.0,63.0,Eu,I,1.6393240000000002,4.5,3.845305,5.5,CB,1.0,12.0
69116,562.2436,2.2045790000000003,9353000.0,63.0,Eu,I,1.7441919999999997,3.5,3.948749,3.5,CB,1.0,8.0
69208,563.2506,2.200637,11600000.0,63.0,Eu,I,1.6178569999999999,3.5,3.8184730000000005,2.5,CB,1.0,6.0
69351,564.5783,2.195462,780300.0,63.0,Eu,I,0.0,3.5,2.19544,2.5,PGK,1.0,6.0
69405,565.1106,2.193394,8540000.0,63.0,Eu,I,2.19544,2.5,4.388812000000001,2.5,CB,1.0,6.0
69606,567.3811,2.184617,7129000.0,63.0,Eu,I,1.6393240000000002,4.5,3.823919,3.5,CB,1.0,8.0
69675,568.1081,2.181821,2118000.0,63.0,Eu,I,1.6393240000000002,4.5,3.8211239999999997,5.5,CB,1.0,12.0
69698,568.4234,2.180611,12460000.0,63.0,Eu,I,2.4111439999999997,5.5,4.591734,5.5,CB,1.0,12.0
70130,573.0833,2.16288,5854000.0,63.0,Eu,I,1.668481,5.5,3.83134,4.5,CB,1.0,10.0
70208,573.8986,2.1598080000000004,26120000.0,63.0,Eu,I,2.4111439999999997,5.5,4.570930000000001,5.5,CB,1.0,12.0
70492,576.5198,2.149988,1165000.0,63.0,Eu,I,0.0,3.5,2.1499669999999997,3.5,PGK,1.0,8.0
70514,576.7626,2.149083,164400.0,63.01,Eu,II,1.2302950000000001,2.0,3.379357,2.0,BKM,2.0,5.0
70769,579.2687,2.139785,8093000.0,63.0,Eu,I,2.433966,4.5,4.57373,4.5,CB,1.0,10.0
70837,580.0269,2.136988,5103000.0,63.0,Eu,I,1.708339,6.5,3.845305,5.5,CB,1.0,12.0
71018,581.8746,2.130203,1189000.0,63.01,Eu,II,1.2302950000000001,2.0,3.3604760000000002,3.0,BKM,2.0,7.0
71038,582.0904,2.129413,283100.0,63.01,Eu,II,1.249965,3.0,3.379357,2.0,BKM,2.0,5.0
71130,583.0978,2.125734,37870000.0,63.0,Eu,I,1.708339,6.5,3.834051,7.5,CB,1.0,16.0
71259,584.5754,2.120361,13190000.0,63.0,Eu,I,2.4111439999999997,5.5,4.531484,4.5,CB,1.0,10.0
71391,586.0944,2.114866,13120000.0,63.0,Eu,I,2.4111439999999997,5.5,4.525989,4.5,CB,1.0,10.0
71418,586.4695,2.113513,11730000.0,63.0,Eu,I,2.400892,3.5,4.514384,2.5,CB,1.0,6.0
71489,587.2978,2.110532,717900.0,63.01,Eu,II,1.249965,3.0,3.3604760000000002,3.0,BKM,2.0,7.0
71674,589.5302,2.1025400000000003,18230000.0,63.0,Eu,I,2.423109,1.5,4.525628,1.5,CB,1.0,4.0
71744,590.2734,2.0998930000000002,17330000.0,63.0,Eu,I,2.450396,2.5,4.550268,3.5,CB,1.0,8.0
71801,590.994,2.0973319999999998,1953000.0,63.0,Eu,I,1.944107,4.5,4.041418,4.5,CB,1.0,10.0
71835,591.5741,2.0952759999999997,9788000.0,63.0,Eu,I,1.93187,5.5,4.027125,5.5,CB,1.0,12.0
71913,592.5282,2.091902,10010000.0,63.0,Eu,I,2.443995,3.5,4.535876,2.5,CB,1.0,6.0
71924,592.6515,2.0914669999999997,4065000.0,63.0,Eu,I,1.993636,5.5,4.085082,5.5,CB,1.0,12.0
72063,594.2678,2.085779,34500000.0,63.0,Eu,I,2.4129869999999998,2.5,4.498744,2.5,CB,1.0,6.0
72136,595.3518,2.0819810000000003,34060000.0,63.0,Eu,I,2.454169,1.5,4.536129,1.5,CB,1.0,4.0
72137,595.3833,2.081871,537300.0,63.01,Eu,II,1.278627,4.0,3.3604760000000002,3.0,BKM,2.0,7.0
72141,595.4241,2.081728,25470000.0,63.0,Eu,I,2.454169,1.5,4.535876,2.5,CB,1.0,6.0
72197,596.3725,2.078418,13270000.0,63.0,Eu,I,1.911991,3.5,3.990388,4.5,CB,1.0,10.0
72215,596.6056,2.077605,1872000.0,63.01,Eu,II,1.249965,3.0,3.32755,4.0,BKM,2.0,9.0
72221,596.7114,2.077237,28590000.0,63.0,Eu,I,1.668481,5.5,3.7456980000000004,6.5,CB,1.0,14.0
72230,596.8407,2.076787,8894000.0,63.0,Eu,I,2.433966,4.5,4.510732,3.5,CB,1.0,8.0
72257,597.1658,2.075656,23100000.0,63.0,Eu,I,2.423109,1.5,4.498744,2.5,CB,1.0,6.0
72264,597.2739,2.075281,21500000.0,63.0,Eu,I,1.944107,4.5,4.019367,5.5,CB,1.0,12.0
72330,598.0453,2.072604,8267000.0,63.0,Eu,I,2.400892,3.5,4.473475,3.5,CB,1.0,8.0
72353,598.3141,2.071673,3891000.0,63.0,Eu,I,1.911991,3.5,3.983643,4.5,CB,1.0,10.0
72363,598.3782,2.0714509999999997,11750000.0,63.0,Eu,I,2.400892,3.5,4.472322,4.5,CB,1.0,10.0
72438,599.2832,2.068323,29680000.0,63.0,Eu,I,1.993636,5.5,4.061938,6.5,CB,1.0,14.0
72539,600.4347,2.064356,19720000.0,63.0,Eu,I,1.876838,1.5,3.9411739999999997,1.5,CB,1.0,4.0
72548,600.5624,2.063917,1939000.0,63.0,Eu,I,1.944107,4.5,4.008004,5.5,CB,1.0,12.0
72609,601.2179,2.061667,8827000.0,63.0,Eu,I,1.93187,5.5,3.9935160000000005,4.5,CB,1.0,10.0
72611,601.253,2.061547,23860000.0,63.0,Eu,I,1.8906049999999999,2.5,3.9521309999999996,2.5,CB,1.0,6.0
72639,601.5558,2.060509,33280000.0,63.0,Eu,I,2.4129869999999998,2.5,4.473475,3.5,CB,1.0,8.0
72667,601.8154,2.0596200000000002,941800.0,63.0,Eu,I,0.0,3.5,2.059599,4.5,PGK,1.0,10.0
72700,602.314,2.057915,39190000.0,63.0,Eu,I,1.876838,1.5,3.934733,0.5,CB,1.0,2.0
72741,602.897,2.055925,28860000.0,63.0,Eu,I,1.911991,3.5,3.967896,3.5,CB,1.0,8.0
72840,604.4659,2.050589,19910000.0,63.0,Eu,I,1.8906049999999999,2.5,3.9411739999999997,1.5,CB,1.0,4.0
72880,604.9513,2.0489439999999997,3237000.0,63.01,Eu,II,1.278627,4.0,3.32755,4.0,BKM,2.0,9.0
72925,605.7324,2.046302,19920000.0,63.0,Eu,I,1.944107,4.5,3.990388,4.5,CB,1.0,10.0
73013,607.5557,2.040161,20350000.0,63.0,Eu,I,1.911991,3.5,3.9521309999999996,2.5,CB,1.0,6.0
73023,607.7356,2.039557,4431000.0,63.0,Eu,I,1.944107,4.5,3.983643,4.5,CB,1.0,10.0
73065,608.385,2.0373799999999997,14770000.0,63.0,Eu,I,1.708339,6.5,3.7456980000000004,6.5,CB,1.0,14.0
73171,609.9351,2.032202,14590000.0,63.0,Eu,I,1.6393240000000002,4.5,3.671506,5.5,CB,1.0,12.0
73256,610.812,2.029285,24660000.0,63.0,Eu,I,2.400892,3.5,4.430156,4.5,CB,1.0,10.0
73318,611.8774,2.0257509999999996,15900000.0,63.0,Eu,I,1.993636,5.5,4.019367,5.5,CB,1.0,12.0
73358,612.4645,2.023809,10630000.0,63.0,Eu,I,1.944107,4.5,3.967896,3.5,CB,1.0,8.0
73719,617.3029,2.007947,2720000.0,63.01,Eu,II,1.319623,5.0,3.32755,4.0,BKM,2.0,9.0
73758,617.8764,2.0060830000000003,33340000.0,63.0,Eu,I,2.389577,4.5,4.39564,5.5,CB,1.0,12.0
73820,618.8138,2.003044,15540000.0,63.0,Eu,I,1.668481,5.5,3.671506,5.5,CB,1.0,12.0
73859,619.5063,2.0008049999999997,8908000.0,63.0,Eu,I,1.6178569999999999,3.5,3.618642,4.5,CB,1.0,10.0
73920,620.7577,1.9967720000000002,2281000.0,63.0,Eu,I,1.993636,5.5,3.990388,4.5,CB,1.0,10.0
74043,623.0495,1.989427,1681000.0,63.0,Eu,I,1.944107,4.5,3.9335139999999997,5.5,CB,1.0,12.0
74069,623.3724,1.9883970000000002,9733000.0,63.0,Eu,I,1.993636,5.5,3.982013,6.5,CB,1.0,14.0
74159,625.044,1.983079,3972000.0,63.0,Eu,I,1.6023370000000001,2.5,3.585396,3.5,CB,1.0,8.0
74248,626.2252,1.979338,15860000.0,63.0,Eu,I,1.6393240000000002,4.5,3.618642,4.5,CB,1.0,10.0
74278,626.6951,1.977854,67090.0,63.0,Eu,I,0.0,3.5,1.977834,3.5,PGK,1.0,8.0
74394,628.5944,1.9718779999999998,1133000.0,63.0,Eu,I,1.6023370000000001,2.5,3.5741949999999996,3.5,CB,1.0,8.0
74425,629.1316,1.9701939999999998,203400.0,63.0,Eu,I,0.0,3.5,1.970175,2.5,PGK,1.0,6.0
74483,629.9745,1.9675580000000001,12650000.0,63.0,Eu,I,1.6178569999999999,3.5,3.585396,3.5,CB,1.0,8.0
74507,630.3423,1.9664099999999998,2135000.0,63.01,Eu,II,1.278627,4.0,3.245017,5.0,BKM,2.0,11.0
74578,631.3774,1.9631869999999998,1493000.0,63.0,Eu,I,1.708339,6.5,3.671506,5.5,CB,1.0,12.0
74614,631.8578,1.9616939999999998,4825000.0,63.0,Eu,I,2.433966,4.5,4.39564,5.5,CB,1.0,12.0
74698,633.5813,1.9563580000000003,5717000.0,63.0,Eu,I,1.6178569999999999,3.5,3.5741949999999996,3.5,CB,1.0,8.0
74775,635.0003,1.951986,11490000.0,63.0,Eu,I,1.6023370000000001,2.5,3.554303,2.5,CB,1.0,6.0
74798,635.5882,1.9501810000000002,4051000.0,63.0,Eu,I,1.668481,5.5,3.618642,4.5,CB,1.0,10.0
74876,636.9236,1.946092,4706000.0,63.0,Eu,I,1.6393240000000002,4.5,3.585396,3.5,CB,1.0,8.0
74960,638.2713,1.9419830000000002,13860000.0,63.0,Eu,I,1.876838,1.5,3.818801,1.5,CB,1.0,4.0
74970,638.3793,1.941654,13350000.0,63.0,Eu,I,1.876838,1.5,3.8184730000000005,2.5,CB,1.0,6.0
75076,640.0898,1.936465,11570000.0,63.0,Eu,I,1.6178569999999999,3.5,3.554303,2.5,CB,1.0,6.0
75101,640.6107,1.934891,2868000.0,63.0,Eu,I,1.6393240000000002,4.5,3.5741949999999996,3.5,CB,1.0,8.0
75128,641.0026,1.9337080000000002,25010000.0,63.0,Eu,I,1.6023370000000001,2.5,3.536026,1.5,CB,1.0,4.0
75136,641.1267,1.9333330000000002,18070000.0,63.0,Eu,I,1.8906049999999999,2.5,3.823919,3.5,CB,1.0,8.0
75239,642.8285,1.9282150000000002,13980000.0,63.0,Eu,I,1.8906049999999999,2.5,3.818801,1.5,CB,1.0,4.0
75309,643.764,1.925413,7745000.0,63.01,Eu,II,1.319623,5.0,3.245017,5.0,BKM,2.0,11.0
75327,643.9934,1.924728,3373000.0,63.0,Eu,I,1.911991,3.5,3.8367,2.5,CB,1.0,6.0
75455,645.7917,1.919368,13300000.0,63.0,Eu,I,1.911991,3.5,3.83134,4.5,CB,1.0,10.0
75529,647.0704,1.915575,1119000.0,63.0,Eu,I,1.7441919999999997,3.5,3.6597480000000004,3.5,CB,1.0,8.0
75588,648.2982,1.911947,2439000.0,63.0,Eu,I,1.911991,3.5,3.823919,3.5,CB,1.0,8.0
75691,650.1503,1.9065009999999998,8123000.0,63.0,Eu,I,1.911991,3.5,3.8184730000000005,2.5,CB,1.0,6.0
75802,651.9569,1.901218,5705000.0,63.0,Eu,I,1.944107,4.5,3.845305,5.5,CB,1.0,12.0
75828,652.273,1.900296,2301000.0,63.0,Eu,I,1.970175,2.5,3.870452,3.5,CB,1.0,8.0
75983,654.9129,1.892637,1144000.0,63.0,Eu,I,1.977834,3.5,3.870452,3.5,CB,1.0,8.0
76125,656.7815,1.8872520000000002,8493000.0,63.0,Eu,I,1.944107,4.5,3.83134,4.5,CB,1.0,10.0
76286,659.3741,1.879831,6202000.0,63.0,Eu,I,1.944107,4.5,3.823919,3.5,CB,1.0,8.0
76340,660.3562,1.8770349999999998,1641000.0,63.0,Eu,I,1.944107,4.5,3.8211239999999997,5.5,CB,1.0,12.0
76617,664.5064,1.865313,21950000.0,63.01,Eu,II,1.379723,6.0,3.245017,5.0,BKM,2.0,11.0
76890,668.5199,1.854114,4371000.0,63.0,Eu,I,1.805653,4.5,3.6597480000000004,3.5,CB,1.0,8.0
76941,669.3959,1.851688,16340000.0,63.0,Eu,I,1.993636,5.5,3.845305,5.5,CB,1.0,12.0
76972,670.1039,1.8497310000000002,3644000.0,63.0,Eu,I,2.4111439999999997,5.5,4.260857,4.5,CB,1.0,10.0
77033,671.0435,1.847141,15390000.0,63.0,Eu,I,2.698052,4.5,4.545175,3.5,CB,1.0,8.0
77251,674.483,1.837722,6109000.0,63.0,Eu,I,1.993636,5.5,3.83134,4.5,CB,1.0,10.0
77508,678.2536,1.827506,4919000.0,63.0,Eu,I,1.993636,5.5,3.8211239999999997,5.5,CB,1.0,12.0
77549,678.7472,1.826177,4289000.0,63.0,Eu,I,1.970175,2.5,3.796333,2.5,CB,1.0,6.0
77654,680.2714,1.822085,15440000.0,63.0,Eu,I,1.7441919999999997,3.5,3.5662589999999996,4.5,CB,1.0,10.0
77744,681.6062,1.8185169999999997,34570000.0,63.0,Eu,I,1.977834,3.5,3.796333,2.5,CB,1.0,6.0
77876,683.43,1.813664,16460000.0,63.0,Eu,I,2.658789,2.5,4.472435,2.5,CB,1.0,6.0
77913,684.0945,1.8119020000000001,15620000.0,63.0,Eu,I,2.6787,3.5,4.490583999999999,4.5,CB,1.0,10.0
77949,684.4842,1.810871,4787000.0,63.0,Eu,I,2.059599,4.5,3.870452,3.5,CB,1.0,8.0
77970,684.7046,1.8102880000000001,30260000.0,63.0,Eu,I,2.658789,2.5,4.469059,1.5,CB,1.0,4.0
78084,686.4554,1.8056709999999998,799200.0,63.0,Eu,I,0.0,3.5,1.805653,4.5,PGK,1.0,10.0
78274,689.8232,1.7968549999999999,24170000.0,63.0,Eu,I,2.6787,3.5,4.475537,3.5,CB,1.0,8.0
78312,690.3658,1.7954430000000001,46400000.0,63.0,Eu,I,2.698052,4.5,4.4934769999999995,5.5,CB,1.0,12.0
78356,691.0162,1.793753,20270000.0,63.0,Eu,I,2.6787,3.5,4.472435,2.5,CB,1.0,6.0
78381,691.4803,1.7925490000000002,27820000.0,63.0,Eu,I,2.698052,4.5,4.490583999999999,4.5,CB,1.0,10.0
79094,704.0188,1.7606240000000002,19890000.0,63.0,Eu,I,1.805653,4.5,3.5662589999999996,4.5,CB,1.0,10.0
79261,707.4524,1.7520790000000002,2130000.0,63.0,Eu,I,1.993636,5.5,3.7456980000000004,6.5,CB,1.0,14.0
79277,707.7088,1.7514439999999998,3404000.0,63.01,Eu,II,1.249965,3.0,3.0013919999999996,4.0,BKM,2.0,9.0
79456,710.6442,1.7442099999999998,290700.0,63.0,Eu,I,0.0,3.5,1.7441919999999997,3.5,PGK,1.0,8.0
79793,716.4645,1.730041,10850000.0,63.0,Eu,I,2.658789,2.5,4.388812000000001,2.5,CB,1.0,6.0
79853,717.5531,1.727416,5284000.0,63.0,Eu,I,1.944107,4.5,3.671506,5.5,CB,1.0,12.0
79964,719.483,1.7227830000000002,7008000.0,63.01,Eu,II,1.278627,4.0,3.0013919999999996,4.0,BKM,2.0,9.0
80086,721.756,1.717357,9141000.0,63.01,Eu,II,1.2302950000000001,2.0,2.947635,3.0,BKM,2.0,7.0
80127,722.4675,1.715666,28460000.0,63.0,Eu,I,2.658789,2.5,4.374438,1.5,CB,1.0,4.0
80308,725.8703,1.707623,20370000.0,63.0,Eu,I,2.6787,3.5,4.386305,3.5,CB,1.0,8.0
80331,726.2764,1.706668,5777000.0,63.0,Eu,I,1.911991,3.5,3.618642,4.5,CB,1.0,10.0
80440,728.1516,1.702273,18680000.0,63.0,Eu,I,2.658789,2.5,4.361045,2.5,CB,1.0,6.0
80541,729.7536,1.698536,5602000.0,63.0,Eu,I,2.698052,4.5,4.396571,5.5,CB,1.0,12.0
80561,730.1187,1.697687,7674000.0,63.01,Eu,II,1.249965,3.0,2.947635,3.0,BKM,2.0,7.0
80608,731.0461,1.6955330000000002,11640000.0,63.0,Eu,I,2.6787,3.5,4.3742160000000005,4.5,CB,1.0,10.0
80634,731.359,1.694808,2707000.0,63.0,Eu,I,1.8906049999999999,2.5,3.585396,3.5,CB,1.0,8.0
80779,733.6174,1.689591,14450000.0,63.0,Eu,I,1.970175,2.5,3.6597480000000004,3.5,CB,1.0,8.0
80814,734.6244,1.6872740000000002,4557000.0,63.0,Eu,I,2.658789,2.5,4.346047,3.5,CB,1.0,8.0
80863,735.665,1.6848880000000002,4544000.0,63.0,Eu,I,2.658789,2.5,4.34366,3.5,CB,1.0,8.0
80889,736.2246,1.683607,2381000.0,63.0,Eu,I,1.8906049999999999,2.5,3.5741949999999996,3.5,CB,1.0,8.0
80925,736.9584,1.681931,14320000.0,63.0,Eu,I,1.977834,3.5,3.6597480000000004,3.5,CB,1.0,8.0
80930,737.022,1.681786,6961000.0,63.01,Eu,II,1.319623,5.0,3.0013919999999996,4.0,BKM,2.0,9.0
81011,738.7348,1.677886,657200.0,63.0,Eu,I,1.993636,5.5,3.671506,5.5,CB,1.0,12.0
81020,738.9128,1.677482,3377000.0,63.0,Eu,I,1.876838,1.5,3.554303,2.5,CB,1.0,6.0
81093,740.4397,1.674023,11090000.0,63.0,Eu,I,2.6787,3.5,4.3527059999999995,4.5,CB,1.0,10.0
81198,742.6569,1.669025,12250000.0,63.01,Eu,II,1.278627,4.0,2.947635,3.0,BKM,2.0,7.0
81245,743.659,1.6667759999999998,18710000.0,63.0,Eu,I,2.698052,4.5,4.364812000000001,5.5,CB,1.0,12.0
81414,747.0528,1.6592040000000001,3429000.0,63.0,Eu,I,1.876838,1.5,3.536026,1.5,CB,1.0,4.0
81529,749.0999,1.65467,5686000.0,63.0,Eu,I,2.698052,4.5,4.3527059999999995,4.5,CB,1.0,10.0
81707,752.8705,1.6463830000000002,23570000.0,63.0,Eu,I,2.1499669999999997,3.5,3.796333,2.5,CB,1.0,6.0
81731,753.3034,1.6454369999999998,2228000.0,63.0,Eu,I,1.8906049999999999,2.5,3.536026,1.5,CB,1.0,4.0
81799,754.7291,1.6423279999999998,1699000.0,63.0,Eu,I,1.911991,3.5,3.554303,2.5,CB,1.0,6.0
81990,758.3876,1.634406,27800000.0,63.0,Eu,I,1.93187,5.5,3.5662589999999996,4.5,CB,1.0,10.0
82867,774.2561,1.600909,30760000.0,63.0,Eu,I,2.19544,2.5,3.796333,2.5,CB,1.0,6.0
82894,774.616,1.600165,20070000.0,63.0,Eu,I,2.059599,4.5,3.6597480000000004,3.5,CB,1.0,8.0
83165,780.3334,1.588441,1546000.0,63.0,Eu,I,1.977834,3.5,3.5662589999999996,4.5,CB,1.0,10.0
83240,781.8218,1.585417,3618000.0,63.0,Eu,I,2.433966,4.5,4.019367,5.5,CB,1.0,12.0
83564,788.7999,1.571391,18700000.0,63.0,Eu,I,2.224957,1.5,3.796333,2.5,CB,1.0,6.0
