,Wl/nm,E_Photon,A-Value,Elem. num,Element,ion state,E_lower_lev.,J_lower,E_upper_lev.,J_upper,Ref.,ion state num,g_j
167,201.2776,6.157933,124200000.0,72.01,Hf,II,0.378261,2.5,6.536132,1.5,CB,2.0,4.0
392,202.8183,6.111161,296100000.0,72.01,Hf,II,1.6719959999999998,2.5,7.7830960000000005,2.5,CB,2.0,6.0
1196,209.6182,5.912945,96130000.0,72.01,Hf,II,1.87021,3.5,7.7830960000000005,2.5,CB,2.0,6.0
2832,221.0819,5.606375,124400000.0,72.01,Hf,II,4.572846,3.5,10.179165,4.5,CB,2.0,10.0
3453,225.4,5.498981,49650000.0,72.01,Hf,II,0.451879,1.5,5.950805,1.5,CB,2.0,4.0
3474,225.5166,5.496139,24290000.0,72.01,Hf,II,0.451879,1.5,5.947963,1.5,CB,2.0,4.0
3677,226.6832,5.467855999999999,35880000.0,72.01,Hf,II,0.608124,2.5,6.075925,2.5,CB,2.0,6.0
3847,227.7172,5.44303,26970000.0,72.01,Hf,II,0.0,1.5,5.442976,2.5,CB,2.0,6.0
4582,232.1158,5.339893,75930000.0,72.01,Hf,II,0.608124,2.5,5.947963,1.5,CB,2.0,4.0
4609,232.2477,5.336862,104900000.0,72.01,Hf,II,0.0,1.5,5.336808,0.5,CB,2.0,2.0
4616,232.3262,5.335058,74060000.0,72.01,Hf,II,0.451879,1.5,5.786883,1.5,CB,2.0,4.0
4633,232.4514,5.332185,114600000.0,72.01,Hf,II,1.496546,2.5,6.828678,1.5,CB,2.0,4.0
4642,232.4892,5.331316999999999,66510000.0,72.01,Hf,II,0.608124,2.5,5.939387,2.5,CB,2.0,6.0
4789,233.2967,5.312865,106400000.0,72.01,Hf,II,0.451879,1.5,5.764691,0.5,CB,2.0,2.0
4875,233.734,5.3029269999999995,17960000.0,72.01,Hf,II,0.0,1.5,5.302874,1.5,CB,2.0,4.0
4973,234.3327,5.28938,84340000.0,72.01,Hf,II,0.7865979999999999,3.5,6.075925,2.5,CB,2.0,6.0
5059,234.7448,5.280094999999999,85030000.0,72.01,Hf,II,0.7865979999999999,3.5,6.0666400000000005,3.5,CB,2.0,8.0
5115,235.122,5.271625,56130000.0,72.01,Hf,II,0.0,1.5,5.271573,1.5,CB,2.0,4.0
5151,235.3025,5.267582,22570000.0,72.0,Hf,I,0.0,2.0,5.267529,1.0,CB,1.0,3.0
5393,236.5989,5.238722,21030000.0,72.01,Hf,II,0.608124,2.5,5.846793,3.5,CB,2.0,8.0
5713,238.0306,5.207215,181800000.0,72.01,Hf,II,0.451879,1.5,5.6590419999999995,0.5,CB,2.0,2.0
5727,238.1002,5.205692,217900000.0,72.01,Hf,II,1.780341,1.5,6.985981,1.5,CB,2.0,4.0
5964,239.3185,5.179193,249900000.0,72.01,Hf,II,1.601992,1.5,6.7811330000000005,2.5,CB,2.0,6.0
5966,239.3362,5.1788110000000005,247600000.0,72.01,Hf,II,0.608124,2.5,5.786883,1.5,CB,2.0,4.0
5973,239.3836,5.177786,62740000.0,72.01,Hf,II,0.0,1.5,5.177734,2.5,CB,2.0,6.0
6110,240.0815,5.1627339999999995,23990000.0,72.01,Hf,II,0.378261,2.5,5.540943,3.5,CB,2.0,8.0
6208,240.4572,5.154669,129900000.0,72.01,Hf,II,1.6719959999999998,2.5,6.826613,2.5,CB,2.0,6.0
6230,240.5425,5.1528410000000004,311400000.0,72.01,Hf,II,0.7865979999999999,3.5,5.939387,2.5,CB,2.0,6.0
6258,240.6447,5.150653,301300000.0,72.01,Hf,II,1.481822,0.5,6.632422999999999,1.5,CB,2.0,4.0
6333,241.0142,5.142755999999999,199400000.0,72.01,Hf,II,1.036726,4.5,6.179431,4.5,CB,2.0,10.0
6405,241.3347,5.135928,232600000.0,72.01,Hf,II,1.496546,2.5,6.632422999999999,1.5,CB,2.0,4.0
6460,241.5962,5.130369,261000000.0,72.01,Hf,II,1.481822,0.5,6.612139,0.5,CB,2.0,2.0
6506,241.7699,5.126684,63670000.0,72.01,Hf,II,0.378261,2.5,5.504893,3.5,CB,2.0,8.0
6707,242.5978,5.109188,254600000.0,72.01,Hf,II,1.6719959999999998,2.5,6.7811330000000005,2.5,CB,2.0,6.0
6777,242.8739,5.103382,16370000.0,72.0,Hf,I,0.292191,3.0,5.395522,2.0,CB,1.0,5.0
6783,242.8994,5.102844999999999,162200000.0,72.01,Hf,II,1.496546,2.5,6.59934,3.5,CB,2.0,8.0
6906,243.3575,5.09324,315000000.0,72.01,Hf,II,2.153465,2.5,7.2466539999999995,3.5,CB,2.0,8.0
6930,243.4772,5.090737,106600000.0,72.01,Hf,II,2.155969,4.5,7.2466539999999995,3.5,CB,2.0,8.0
7157,244.4994,5.0694550000000005,23030000.0,72.0,Hf,I,0.566315,4.0,5.635719,3.0,CB,1.0,7.0
7214,244.7258,5.0647660000000005,122600000.0,72.01,Hf,II,0.378261,2.5,5.442976,2.5,CB,2.0,6.0
7265,244.9444,5.060246,87630000.0,72.01,Hf,II,0.7865979999999999,3.5,5.846793,3.5,CB,2.0,8.0
7328,245.2296,5.054361,121000000.0,72.01,Hf,II,1.481822,0.5,6.536132,1.5,CB,2.0,4.0
7348,245.3333,5.052224,413200000.0,72.01,Hf,II,2.153465,2.5,7.205639,2.5,CB,2.0,6.0
7513,246.0499,5.037512,136000000.0,72.01,Hf,II,0.378261,2.5,5.415723000000001,2.5,CB,2.0,6.0
7595,246.3938,5.030481,268300000.0,72.01,Hf,II,1.601992,1.5,6.632422999999999,1.5,CB,2.0,4.0
7600,246.4192,5.029964,395800000.0,72.01,Hf,II,1.036726,4.5,6.0666400000000005,3.5,CB,2.0,8.0
7619,246.507,5.0281720000000005,169900000.0,72.01,Hf,II,1.87021,3.5,6.898332000000001,4.5,CB,2.0,10.0
7637,246.5675,5.0269379999999995,21130000.0,72.0,Hf,I,0.566315,4.0,5.593202,3.0,CB,1.0,7.0
7685,246.7971,5.022261,17830000.0,72.01,Hf,II,0.0,1.5,5.022211,2.5,CB,2.0,6.0
7713,246.9188,5.019786,432200000.0,72.01,Hf,II,1.6719959999999998,2.5,6.691732000000001,3.5,CB,2.0,8.0
7826,247.3914,5.010197,734600000.0,72.01,Hf,II,1.601992,1.5,6.612139,0.5,CB,2.0,2.0
8005,248.1437,4.995009,212000000.0,72.01,Hf,II,2.21068,1.5,7.205639,2.5,CB,2.0,6.0
8032,248.2654,4.992561,11350000.0,72.0,Hf,I,0.0,2.0,4.992511,2.0,CB,1.0,5.0
8132,248.7155,4.983527,11310000.0,72.0,Hf,I,0.0,2.0,4.983477,2.0,CB,1.0,5.0
8394,249.6993,4.963893,89310000.0,72.01,Hf,II,0.451879,1.5,5.415723000000001,2.5,CB,2.0,6.0
8486,250.0741,4.956453,218600000.0,72.01,Hf,II,1.87021,3.5,6.826613,2.5,CB,2.0,6.0
8539,250.2661,4.952652,27420000.0,72.0,Hf,I,0.292191,3.0,5.244793,2.0,CB,1.0,5.0
8824,251.2699,4.932869,182200000.0,72.01,Hf,II,0.608124,2.5,5.540943,3.5,CB,2.0,8.0
8835,251.3035,4.932208999999999,225700000.0,72.01,Hf,II,0.7865979999999999,3.5,5.718757,4.5,CB,2.0,10.0
8896,251.5491,4.927393,250900000.0,72.01,Hf,II,1.6719959999999998,2.5,6.59934,3.5,CB,2.0,8.0
8930,251.6886,4.9246620000000005,323700000.0,72.01,Hf,II,0.378261,2.5,5.302874,1.5,CB,2.0,4.0
8966,251.7855,4.922768,22110000.0,72.0,Hf,I,0.0,2.0,4.922718,1.0,CB,1.0,3.0
9085,252.1484,4.9156830000000005,811900000.0,72.01,Hf,II,2.21068,1.5,7.126314,0.5,CB,2.0,2.0
9372,253.1198,4.896819,98660000.0,72.01,Hf,II,0.608124,2.5,5.504893,3.5,CB,2.0,8.0
9419,253.2987,4.893361,27200000.0,72.01,Hf,II,0.378261,2.5,5.271573,1.5,CB,2.0,4.0
9544,253.7334,4.884978,156300000.0,72.01,Hf,II,0.451879,1.5,5.336808,0.5,CB,2.0,2.0
9871,254.8181,4.864184,379600000.0,72.01,Hf,II,1.6719959999999998,2.5,6.536132,1.5,CB,2.0,4.0
9997,255.1391,4.858066,576900000.0,72.01,Hf,II,2.155969,4.5,7.013986,5.5,CB,2.0,12.0
10009,255.1853,4.857187000000001,173400000.0,72.01,Hf,II,1.601992,1.5,6.45913,0.5,CB,2.0,2.0
10217,255.9019,4.843585,13570000.0,72.0,Hf,I,0.292191,3.0,5.135728,3.0,CB,1.0,7.0
10222,255.9191,4.843259,351200000.0,72.01,Hf,II,1.496546,2.5,6.339757,1.5,CB,2.0,4.0
10350,256.3616,4.8349,84720000.0,72.01,Hf,II,0.608124,2.5,5.442976,2.5,CB,2.0,6.0
10537,257.0704,4.821571,112400000.0,72.01,Hf,II,1.87021,3.5,6.691732000000001,3.5,CB,2.0,8.0
10572,257.1679,4.819742,310000000.0,72.01,Hf,II,0.451879,1.5,5.271573,1.5,CB,2.0,4.0
10639,257.391,4.8155660000000005,595000000.0,72.01,Hf,II,1.496546,2.5,6.312064,2.5,CB,2.0,6.0
10708,257.6826,4.810116000000001,208300000.0,72.01,Hf,II,1.036726,4.5,5.846793,3.5,CB,2.0,8.0
10749,257.815,4.807647,98420000.0,72.01,Hf,II,0.608124,2.5,5.415723000000001,2.5,CB,2.0,6.0
10880,258.2515,4.7995209999999995,60480000.0,72.01,Hf,II,0.378261,2.5,5.177734,2.5,CB,2.0,6.0
11107,259.1334,4.783188,9521000.0,72.01,Hf,II,0.0,1.5,4.78314,2.5,CB,2.0,6.0
11180,259.4129,4.778034,10980000.0,72.0,Hf,I,0.566315,4.0,5.344302,3.0,CB,1.0,7.0
11322,259.9198,4.768717,85940000.0,72.01,Hf,II,1.87021,3.5,6.638878999999999,4.5,CB,2.0,10.0
11409,260.266,4.762373999999999,9726000.0,72.0,Hf,I,0.292191,3.0,5.054517,3.0,CB,1.0,7.0
11417,260.286,4.762008,2500000.0,72.0,Hf,I,0.0,2.0,4.76196,3.0,CB,1.0,7.0
11526,260.6377,4.755583000000001,49970000.0,72.01,Hf,II,0.378261,2.5,5.133796,3.5,CB,2.0,8.0
11549,260.7029,4.754393,144000000.0,72.01,Hf,II,0.7865979999999999,3.5,5.540943,3.5,CB,2.0,8.0
11553,260.7248,4.753995,129800000.0,72.01,Hf,II,1.780341,1.5,6.534288,2.5,CB,2.0,6.0
11590,260.8452,4.751799,14860000.0,72.0,Hf,I,0.0,2.0,4.7517510000000005,2.0,CB,1.0,5.0
11633,260.9958,4.749059,9255000.0,72.0,Hf,I,0.566315,4.0,5.315327,4.0,CB,1.0,9.0
11709,261.2586,4.744281,22520000.0,72.0,Hf,I,0.684612,0.0,5.428845,1.0,CB,1.0,3.0
11737,261.3617,4.742411,467100000.0,72.01,Hf,II,2.155969,4.5,6.898332000000001,4.5,CB,2.0,10.0
11759,261.4295,4.74118,286500000.0,72.01,Hf,II,1.891291,0.5,6.632422999999999,1.5,CB,2.0,4.0
11828,261.6608,4.736989,91470000.0,72.0,Hf,I,0.699099,2.0,5.43604,1.0,CB,1.0,3.0
11977,262.2747,4.725902,84760000.0,72.01,Hf,II,0.451879,1.5,5.177734,2.5,CB,2.0,6.0
11992,262.332,4.724871,93120000.0,72.0,Hf,I,1.113842,2.0,5.838665,1.0,CB,1.0,3.0
12099,262.6949,4.718343,21470000.0,72.01,Hf,II,0.7865979999999999,3.5,5.504893,3.5,CB,2.0,8.0
12313,263.5568,4.702914,20100000.0,72.0,Hf,I,0.814891,1.0,5.517758000000001,2.0,CB,1.0,5.0
12320,263.5783,4.70253,126500000.0,72.01,Hf,II,2.195849,3.5,6.898332000000001,4.5,CB,2.0,10.0
12358,263.6996,4.700367,36530000.0,72.0,Hf,I,0.292191,3.0,4.992511,2.0,CB,1.0,5.0
12396,263.8718,4.6973,102100000.0,72.01,Hf,II,0.0,1.5,4.697253,1.5,CB,2.0,4.0
12466,264.141,4.692513,372400000.0,72.01,Hf,II,1.036726,4.5,5.729191999999999,5.5,CB,2.0,12.0
12485,264.2075,4.691333,15890000.0,72.0,Hf,I,0.292191,3.0,4.983477,2.0,CB,1.0,5.0
12505,264.2756,4.690124,47280000.0,72.0,Hf,I,0.566315,4.0,5.256392,3.0,CB,1.0,7.0
12613,264.7297,4.682078,274300000.0,72.01,Hf,II,1.036726,4.5,5.718757,4.5,CB,2.0,10.0
12660,264.9132,4.678836,299700000.0,72.01,Hf,II,1.780341,1.5,6.45913,0.5,CB,2.0,2.0
12718,265.1159,4.675259,473100000.0,72.01,Hf,II,2.153465,2.5,6.828678,1.5,CB,2.0,4.0
12755,265.2868,4.6722470000000005,223000000.0,72.01,Hf,II,5.133796,2.5,9.805997,2.5,CB,2.0,6.0
12861,265.7488,4.664125,153700000.0,72.01,Hf,II,1.87021,3.5,6.534288,2.5,CB,2.0,6.0
12867,265.7847,4.663494999999999,57910000.0,72.01,Hf,II,0.608124,2.5,5.271573,1.5,CB,2.0,4.0
12975,266.1883,4.6564239999999995,75050000.0,72.01,Hf,II,0.7865979999999999,3.5,5.442976,2.5,CB,2.0,6.0
13078,266.5977,4.649274,234500000.0,72.01,Hf,II,1.601992,1.5,6.25122,1.5,CB,2.0,4.0
13149,266.8287,4.64525,32830000.0,72.0,Hf,I,0.699099,2.0,5.344302,3.0,CB,1.0,7.0
13172,266.9007,4.643996,11040000.0,72.01,Hf,II,0.378261,2.5,5.022211,2.5,CB,2.0,6.0
13231,267.124,4.640114,85560000.0,72.01,Hf,II,1.6719959999999998,2.5,6.312064,2.5,CB,2.0,6.0
13375,267.6607,4.630809999999999,72530000.0,72.01,Hf,II,2.195849,3.5,6.826613,2.5,CB,2.0,6.0
13394,267.7555,4.6291709999999995,6029000.0,72.01,Hf,II,0.7865979999999999,3.5,5.415723000000001,2.5,CB,2.0,6.0
13412,267.8398,4.627714,56230000.0,72.01,Hf,II,2.153465,2.5,6.7811330000000005,2.5,CB,2.0,6.0
13519,268.2177,4.621194999999999,37130000.0,72.0,Hf,I,0.814891,1.0,5.43604,1.0,CB,1.0,3.0
13554,268.3358,4.619161,505200000.0,72.01,Hf,II,1.87021,3.5,6.489324,3.5,CB,2.0,8.0
13608,268.5208,4.615979,176900000.0,72.01,Hf,II,2.21068,1.5,6.826613,2.5,CB,2.0,6.0
13639,268.6359,4.614,18550000.0,72.0,Hf,I,0.814891,1.0,5.428845,1.0,CB,1.0,3.0
13687,268.8359,4.610568,22180000.0,72.0,Hf,I,1.113842,2.0,5.724364,2.0,CB,1.0,5.0
13926,269.618,4.597195,12980000.0,72.0,Hf,I,0.292191,3.0,4.88934,2.0,CB,1.0,5.0
14165,270.5611,4.581171,100500000.0,72.0,Hf,I,0.0,2.0,4.581126,1.0,CB,1.0,3.0
14201,270.6735,4.579269999999999,286400000.0,72.01,Hf,II,1.6719959999999998,2.5,6.25122,1.5,CB,2.0,4.0
14334,271.1823,4.570679,80980000.0,72.0,Hf,I,1.113842,2.0,5.684475,2.0,CB,1.0,5.0
14337,271.1929,4.570499,141000000.0,72.01,Hf,II,2.21068,1.5,6.7811330000000005,2.5,CB,2.0,6.0
14340,271.2143,4.570139,22600000.0,72.01,Hf,II,1.496546,2.5,6.0666400000000005,3.5,CB,2.0,8.0
14352,271.243,4.569656,42560000.0,72.01,Hf,II,0.608124,2.5,5.177734,2.5,CB,2.0,6.0
14378,271.384,4.5672809999999995,17440000.0,72.0,Hf,I,0.292191,3.0,4.859426999999999,3.0,CB,1.0,7.0
14509,271.8495,4.559462,187600000.0,72.01,Hf,II,1.780341,1.5,6.339757,1.5,CB,2.0,4.0
14511,271.8592,4.559298,21690000.0,72.0,Hf,I,0.0,2.0,4.559252,2.0,CB,1.0,5.0
14737,272.6701,4.54574,33390000.0,72.0,Hf,I,0.699099,2.0,5.244793,2.0,CB,1.0,5.0
14798,272.9107,4.541732,6421000.0,72.0,Hf,I,0.292191,3.0,4.833876999999999,4.0,CB,1.0,9.0
14836,273.0696,4.53909,5324000.0,72.0,Hf,I,0.0,2.0,4.5390440000000005,3.0,CB,1.0,7.0
14844,273.0856,4.538824,19370000.0,72.0,Hf,I,0.566315,4.0,5.105094,4.0,CB,1.0,9.0
14880,273.2671,4.5358089999999995,79000000.0,72.01,Hf,II,2.155969,4.5,6.691732000000001,3.5,CB,2.0,8.0
15041,273.7818,4.527282,45910000.0,72.0,Hf,I,0.684612,0.0,5.211849,1.0,CB,1.0,3.0
15063,273.8765,4.525718,96750000.0,72.01,Hf,II,0.608124,2.5,5.133796,3.5,CB,2.0,8.0
15208,274.3636,4.517682,77310000.0,72.0,Hf,I,0.699099,2.0,5.216736,2.0,CB,1.0,5.0
15291,274.6607,4.512796,22860000.0,72.0,Hf,I,0.699099,2.0,5.211849,1.0,CB,1.0,3.0
15426,275.1811,4.504262000000001,123500000.0,72.01,Hf,II,1.036726,4.5,5.540943,3.5,CB,2.0,8.0
15566,275.6913,4.495928,141200000.0,72.01,Hf,II,2.195849,3.5,6.691732000000001,3.5,CB,2.0,8.0
15599,275.8308,4.493654,33690000.0,72.0,Hf,I,1.30587,4.0,5.799479,3.0,CB,1.0,7.0
15615,275.8769,4.492903,4868000.0,72.0,Hf,I,0.0,2.0,4.492858,3.0,CB,1.0,7.0
15712,276.1631,4.488247,86390000.0,72.0,Hf,I,0.566315,4.0,5.054517,3.0,CB,1.0,7.0
15745,276.2686,4.4865330000000005,16450000.0,72.0,Hf,I,0.699099,2.0,5.185587,3.0,CB,1.0,7.0
15883,276.6961,4.479601000000001,57660000.0,72.0,Hf,I,0.699099,2.0,5.178655,2.0,CB,1.0,5.0
15999,277.044,4.473977,74240000.0,72.01,Hf,II,1.601992,1.5,6.075925,2.5,CB,2.0,6.0
16059,277.2332,4.470924,121900000.0,72.01,Hf,II,1.780341,1.5,6.25122,1.5,CB,2.0,4.0
16074,277.302,4.4698139999999995,17090000.0,72.0,Hf,I,0.292191,3.0,4.76196,3.0,CB,1.0,7.0
16085,277.3356,4.469272,140600000.0,72.01,Hf,II,0.7865979999999999,3.5,5.255825,4.5,CB,2.0,10.0
16103,277.4014,4.468212,56830000.0,72.01,Hf,II,1.036726,4.5,5.504893,3.5,CB,2.0,8.0
16148,277.5273,4.466186,90200000.0,72.01,Hf,II,1.481822,0.5,5.947963,1.5,CB,2.0,4.0
16288,277.9369,4.459605000000001,54580000.0,72.0,Hf,I,0.292191,3.0,4.7517510000000005,2.0,CB,1.0,5.0
16420,278.369,4.452683,53400000.0,72.0,Hf,I,0.814891,1.0,5.267529,1.0,CB,1.0,3.0
16505,278.63,4.448511,138600000.0,72.01,Hf,II,1.891291,0.5,6.339757,1.5,CB,2.0,4.0
16581,278.9495,4.443416,204000000.0,72.01,Hf,II,2.155969,4.5,6.59934,3.5,CB,2.0,8.0
16590,278.971,4.443074,247000000.0,72.01,Hf,II,2.195849,3.5,6.638878999999999,4.5,CB,2.0,10.0
17105,280.8003,4.414130999999999,33030000.0,72.01,Hf,II,0.608124,2.5,5.022211,2.5,CB,2.0,6.0
17252,281.2324,4.407349,34420000.0,72.0,Hf,I,1.302935,2.0,5.71024,2.0,CB,1.0,5.0
17305,281.3873,4.404923999999999,19370000.0,72.01,Hf,II,0.378261,2.5,4.78314,2.5,CB,2.0,6.0
17327,281.448,4.403973000000001,238200000.0,72.01,Hf,II,1.6719959999999998,2.5,6.075925,2.5,CB,2.0,6.0
17343,281.476,4.403535,187000000.0,72.01,Hf,II,2.195849,3.5,6.59934,3.5,CB,2.0,8.0
17377,281.5813,4.401889,18020000.0,72.0,Hf,I,0.814891,1.0,5.216736,2.0,CB,1.0,5.0
17382,281.606,4.401503,383300000.0,72.01,Hf,II,2.21068,1.5,6.612139,0.5,CB,2.0,2.0
17433,281.7678,4.398975,131500000.0,72.0,Hf,I,1.113842,2.0,5.512773,3.0,CB,1.0,7.0
17471,281.8942,4.397002,94750000.0,72.0,Hf,I,0.814891,1.0,5.211849,1.0,CB,1.0,3.0
17495,281.974,4.395757,8677000.0,72.0,Hf,I,0.0,2.0,4.395713,3.0,CB,1.0,7.0
17511,282.0231,4.394992,75890000.0,72.01,Hf,II,0.378261,2.5,4.773209,3.5,CB,2.0,8.0
17515,282.0427,4.394687,56250000.0,72.01,Hf,II,1.6719959999999998,2.5,6.0666400000000005,3.5,CB,2.0,8.0
17580,282.268,4.39118,101000000.0,72.01,Hf,II,0.7865979999999999,3.5,5.177734,2.5,CB,2.0,6.0
17755,282.9325,4.380866999999999,210100000.0,72.01,Hf,II,2.153465,2.5,6.534288,2.5,CB,2.0,6.0
17849,283.3287,4.3747419999999995,17870000.0,72.0,Hf,I,0.0,2.0,4.374698,1.0,CB,1.0,3.0
17866,283.4129,4.373441000000001,132400000.0,72.0,Hf,I,1.113842,2.0,5.487239,1.0,CB,1.0,3.0
18080,284.1499,4.362099,33090000.0,72.0,Hf,I,0.684612,0.0,5.046668,1.0,CB,1.0,3.0
18190,284.5829,4.355462,83240000.0,72.0,Hf,I,0.699099,2.0,5.054517,3.0,CB,1.0,7.0
18272,284.9212,4.350291,191100000.0,72.01,Hf,II,1.496546,2.5,5.846793,3.5,CB,2.0,8.0
18292,285.0152,4.348856,123600000.0,72.01,Hf,II,1.601992,1.5,5.950805,1.5,CB,2.0,4.0
18310,285.0967,4.347613,122100000.0,72.0,Hf,I,0.699099,2.0,5.046668,1.0,CB,1.0,3.0
18318,285.121,4.347242,25160000.0,72.01,Hf,II,0.7865979999999999,3.5,5.133796,3.5,CB,2.0,8.0
18499,285.7655,4.337438,60770000.0,72.01,Hf,II,1.601992,1.5,5.939387,2.5,CB,2.0,6.0
18572,286.0319,4.333399,101800000.0,72.01,Hf,II,2.155969,4.5,6.489324,3.5,CB,2.0,8.0
18580,286.0558,4.333037,9817000.0,72.0,Hf,I,0.0,2.0,4.332994,2.0,CB,1.0,5.0
18588,286.1016,4.332344,23050000.0,72.01,Hf,II,0.0,1.5,4.3323,2.5,CB,2.0,6.0
18606,286.1702,4.331305,64930000.0,72.01,Hf,II,0.451879,1.5,4.78314,2.5,CB,2.0,6.0
18706,286.6374,4.3242449999999995,82060000.0,72.0,Hf,I,0.0,2.0,4.324202,3.0,CB,1.0,7.0
18737,286.7703,4.322242,60490000.0,72.0,Hf,I,1.113842,2.0,5.43604,1.0,CB,1.0,3.0
18798,286.9832,4.3190349999999995,14000000.0,72.01,Hf,II,0.378261,2.5,4.697253,1.5,CB,2.0,4.0
18952,287.634,4.309264,153500000.0,72.01,Hf,II,1.87021,3.5,6.179431,4.5,CB,2.0,10.0
18973,287.7182,4.308003,45390000.0,72.0,Hf,I,1.302935,2.0,5.610894999999999,2.0,CB,1.0,5.0
19020,287.9119,4.305104,68120000.0,72.01,Hf,II,1.481822,0.5,5.786883,1.5,CB,2.0,4.0
19173,288.5472,4.295627,78580000.0,72.01,Hf,II,1.780341,1.5,6.075925,2.5,CB,2.0,6.0
19215,288.7133,4.2931550000000005,28040000.0,72.0,Hf,I,0.566315,4.0,4.859426999999999,3.0,CB,1.0,7.0
19224,288.754,4.29255,53170000.0,72.0,Hf,I,0.814891,1.0,5.107398,1.0,CB,1.0,3.0
19276,288.9621,4.289459,66840000.0,72.0,Hf,I,0.0,2.0,4.289416,1.0,CB,1.0,3.0
19427,289.4842,4.281723,11010000.0,72.0,Hf,I,1.113842,2.0,5.395522,2.0,CB,1.0,5.0
19516,289.8259,4.276674,94480000.0,72.0,Hf,I,0.292191,3.0,4.568823,4.0,CB,1.0,9.0
19527,289.871,4.276009999999999,238500000.0,72.01,Hf,II,1.6719959999999998,2.5,5.947963,1.5,CB,2.0,4.0
19655,290.4419,4.2676050000000005,121200000.0,72.0,Hf,I,0.566315,4.0,4.833876999999999,4.0,CB,1.0,9.0
19665,290.476,4.267104,82920000.0,72.0,Hf,I,0.292191,3.0,4.559252,2.0,CB,1.0,5.0
19796,290.9921,4.259536,3698000.0,72.01,Hf,II,0.0,1.5,4.259493,2.5,APH,2.0,6.0
19971,291.6485,4.249949,148900000.0,72.0,Hf,I,0.566315,4.0,4.816222,5.0,CB,1.0,11.0
19996,291.7485,4.248493,236000000.0,72.01,Hf,II,2.21068,1.5,6.45913,0.5,CB,2.0,2.0
20030,291.8583,4.246896,37020000.0,72.0,Hf,I,0.292191,3.0,4.5390440000000005,3.0,CB,1.0,7.0
20059,291.9599,4.2454160000000005,33980000.0,72.01,Hf,II,0.451879,1.5,4.697253,1.5,CB,2.0,4.0
20192,292.4607,4.238148000000001,63770000.0,72.0,Hf,I,0.684612,0.0,4.922718,1.0,CB,1.0,3.0
20304,292.8981,4.231819000000001,29740000.0,72.0,Hf,I,0.814891,1.0,5.046668,1.0,CB,1.0,3.0
20323,292.9638,4.2308699999999995,18120000.0,72.01,Hf,II,0.0,1.5,4.230828,1.5,CB,2.0,4.0
20327,292.9893,4.2305019999999995,179900000.0,72.0,Hf,I,1.113842,2.0,5.344302,3.0,CB,1.0,7.0
20520,293.7782,4.2191410000000005,109100000.0,72.01,Hf,II,1.036726,4.5,5.255825,4.5,CB,2.0,10.0
20595,294.0761,4.214868,84720000.0,72.0,Hf,I,0.0,2.0,4.214825,2.0,CB,1.0,5.0
20712,294.471,4.2092160000000005,4906000.0,72.0,Hf,I,0.0,2.0,4.209174,3.0,CB,1.0,7.0
20780,294.7132,4.205757,78870000.0,72.01,Hf,II,1.87021,3.5,6.075925,2.5,CB,2.0,6.0
20885,295.0674,4.200709,72270000.0,72.0,Hf,I,0.292191,3.0,4.492858,3.0,CB,1.0,7.0
20918,295.1903,4.19896,21610000.0,72.0,Hf,I,1.302935,2.0,5.501853,2.0,CB,1.0,5.0
20962,295.4206,4.195687,114300000.0,72.0,Hf,I,0.566315,4.0,4.76196,3.0,CB,1.0,7.0
21066,295.8015,4.190283999999999,107900000.0,72.0,Hf,I,0.699099,2.0,4.88934,2.0,CB,1.0,5.0
21130,296.0806,4.1863339999999996,203700000.0,72.01,Hf,II,2.153465,2.5,6.339757,1.5,CB,2.0,4.0
21158,296.1798,4.184933,154400000.0,72.01,Hf,II,1.601992,1.5,5.786883,1.5,CB,2.0,4.0
21244,296.4877,4.180586,62460000.0,72.0,Hf,I,0.292191,3.0,4.472735,4.0,CB,1.0,9.0
21306,296.6952,4.177662000000001,158600000.0,72.0,Hf,I,0.814891,1.0,4.992511,2.0,CB,1.0,5.0
21312,296.7237,4.177262000000001,274200000.0,72.01,Hf,II,1.481822,0.5,5.6590419999999995,0.5,CB,2.0,2.0
21354,296.8803,4.175058,63180000.0,72.01,Hf,II,0.608124,2.5,4.78314,2.5,CB,2.0,6.0
21467,297.3383,4.168627,26820000.0,72.0,Hf,I,0.814891,1.0,4.983477,2.0,CB,1.0,5.0
21529,297.5882,4.165127,58020000.0,72.01,Hf,II,0.608124,2.5,4.773209,3.5,CB,2.0,8.0
21579,297.7588,4.16274,179900000.0,72.01,Hf,II,1.601992,1.5,5.764691,0.5,CB,2.0,2.0
21624,297.9285,4.1603699999999995,20440000.0,72.0,Hf,I,0.699099,2.0,4.859426999999999,3.0,CB,1.0,7.0
21669,298.081,4.158241,41330000.0,72.0,Hf,I,0.0,2.0,4.158199,2.0,CB,1.0,5.0
21721,298.2717,4.155583,114700000.0,72.0,Hf,I,1.30587,4.0,5.461411,3.0,CB,1.0,7.0
21757,298.4048,4.153729,42380000.0,72.0,Hf,I,1.113842,2.0,5.267529,1.0,CB,1.0,3.0
22158,300.0097,4.13151,14050000.0,72.01,Hf,II,0.378261,2.5,4.509729,1.5,APH,2.0,4.0
22298,300.5553,4.12401,311700000.0,72.0,Hf,I,1.30587,4.0,5.429838,4.0,CB,1.0,9.0
22431,301.1215,4.116256,173100000.0,72.01,Hf,II,2.195849,3.5,6.312064,2.5,CB,2.0,6.0
22469,301.2902,4.113951,23860000.0,72.01,Hf,II,0.0,1.5,4.11391,2.5,APH,2.0,6.0
22566,301.6815,4.1086160000000005,30740000.0,72.0,Hf,I,0.0,2.0,4.108575,1.0,CB,1.0,3.0
22570,301.6969,4.108406,69780000.0,72.01,Hf,II,0.0,1.5,4.108365,0.5,APH,2.0,2.0
22584,301.7364,4.107868,9943000.0,72.0,Hf,I,0.814891,1.0,4.922718,1.0,CB,1.0,3.0
22605,301.831,4.106580999999999,33530000.0,72.0,Hf,I,0.0,2.0,4.10654,2.0,CB,1.0,5.0
22661,302.0529,4.103562999999999,54780000.0,72.0,Hf,I,0.292191,3.0,4.395713,3.0,CB,1.0,7.0
22750,302.4594,4.098049,56940000.0,72.0,Hf,I,1.113842,2.0,5.211849,1.0,CB,1.0,3.0
22755,302.4781,4.097796,240100000.0,72.01,Hf,II,2.153465,2.5,6.25122,1.5,CB,2.0,4.0
22775,302.5286,4.097111,21340000.0,72.01,Hf,II,1.036726,4.5,5.133796,3.5,CB,2.0,8.0
22903,303.1162,4.089169999999999,45560000.0,72.01,Hf,II,0.608124,2.5,4.697253,1.5,CB,2.0,4.0
23264,304.6024,4.069218,131300000.0,72.01,Hf,II,1.87021,3.5,5.939387,2.5,CB,2.0,6.0
23347,304.9295,4.064854,32100000.0,72.0,Hf,I,1.113842,2.0,5.178655,2.0,CB,1.0,5.0
23382,305.076,4.062901999999999,79430000.0,72.0,Hf,I,0.699099,2.0,4.76196,3.0,CB,1.0,7.0
23451,305.4528,4.057891000000001,6791000.0,72.01,Hf,II,0.451879,1.5,4.509729,1.5,APH,2.0,4.0
23479,305.5414,4.056712999999999,83500000.0,72.01,Hf,II,1.891291,0.5,5.947963,1.5,CB,2.0,4.0
23508,305.7009,4.054597,67460000.0,72.0,Hf,I,0.566315,4.0,4.620871,4.0,CB,1.0,9.0
23666,306.3779,4.0456389999999995,29800000.0,72.0,Hf,I,0.684612,0.0,4.73021,1.0,CB,1.0,3.0
23696,306.4689,4.044437,47640000.0,72.01,Hf,II,1.496546,2.5,5.540943,3.5,CB,2.0,8.0
23769,306.7415,4.040843,50280000.0,72.0,Hf,I,0.292191,3.0,4.332994,2.0,CB,1.0,5.0
23804,306.9216,4.0384720000000005,37560000.0,72.0,Hf,I,1.30587,4.0,5.344302,3.0,CB,1.0,7.0
23895,307.2879,4.033658,45050000.0,72.0,Hf,I,0.0,2.0,4.033618,3.0,CB,1.0,7.0
23924,307.4104,4.032051,6972000.0,72.0,Hf,I,0.292191,3.0,4.324202,3.0,CB,1.0,7.0
23937,307.4789,4.031152,60410000.0,72.0,Hf,I,0.699099,2.0,4.73021,1.0,CB,1.0,3.0
23951,307.5312,4.030467,15460000.0,72.0,Hf,I,1.302935,2.0,5.333361,2.0,CB,1.0,5.0
24090,308.0635,4.023502,164700000.0,72.01,Hf,II,2.155969,4.5,6.179431,4.5,CB,2.0,10.0
24095,308.0843,4.023231,13560000.0,72.0,Hf,I,0.292191,3.0,4.315382,4.0,CB,1.0,9.0
24362,309.2253,4.008387,31640000.0,72.01,Hf,II,1.496546,2.5,5.504893,3.5,CB,2.0,8.0
24489,309.6764,4.002548,11160000.0,72.0,Hf,I,0.566315,4.0,4.568823,4.0,CB,1.0,9.0
24602,310.1386,3.996583,31090000.0,72.01,Hf,II,0.7865979999999999,3.5,4.78314,2.5,CB,2.0,6.0
24789,310.9113,3.986651,48470000.0,72.01,Hf,II,0.7865979999999999,3.5,4.773209,3.5,CB,2.0,8.0
24840,311.0877,3.9843900000000003,328900000.0,72.01,Hf,II,1.780341,1.5,5.764691,0.5,CB,2.0,2.0
24979,311.6953,3.9766230000000005,55380000.0,72.01,Hf,II,1.87021,3.5,5.846793,3.5,CB,2.0,8.0
25046,311.9978,3.9727690000000004,8521000.0,72.0,Hf,I,0.566315,4.0,4.5390440000000005,3.0,CB,1.0,7.0
25208,312.6279,3.9647620000000003,2045000.0,72.01,Hf,II,0.608124,2.5,4.572846,3.5,APH,2.0,8.0
25262,312.8763,3.961614,3855000.0,72.0,Hf,I,0.0,2.0,3.9615739999999997,1.0,CB,1.0,3.0
25283,312.9589,3.9605690000000005,1836000.0,72.0,Hf,I,0.0,2.0,3.960529,2.0,CB,1.0,5.0
25334,313.1812,3.957758,198600000.0,72.0,Hf,I,1.30587,4.0,5.2635879999999995,4.0,CB,1.0,9.0
25371,313.3509,3.9556139999999997,366200000.0,72.01,Hf,II,5.177734,2.5,9.133308,2.5,CB,2.0,6.0
25403,313.4725,3.954079,28400000.0,72.01,Hf,II,0.378261,2.5,4.3323,2.5,CB,2.0,6.0
25480,313.7517,3.950562,44220000.0,72.0,Hf,I,1.30587,4.0,5.256392,3.0,CB,1.0,7.0
25527,313.9663,3.947861,8514000.0,72.01,Hf,II,0.7865979999999999,3.5,4.73442,4.5,CB,2.0,10.0
25567,314.077,3.9464690000000004,48050000.0,72.01,Hf,II,1.496546,2.5,5.442976,2.5,CB,2.0,6.0
25680,314.531,3.9407730000000005,5206000.0,72.01,Hf,II,0.0,1.5,3.9407339999999995,1.5,APH,2.0,4.0
25753,314.8405,3.9369,34570000.0,72.0,Hf,I,0.814891,1.0,4.7517510000000005,2.0,CB,1.0,5.0
25814,315.1635,3.932865,58840000.0,72.0,Hf,I,1.113842,2.0,5.046668,1.0,CB,1.0,3.0
25841,315.2942,3.931235,75740000.0,72.0,Hf,I,1.747218,1.0,5.678413,1.0,CB,1.0,3.0
25931,315.6678,3.926582,27560000.0,72.0,Hf,I,0.566315,4.0,4.492858,3.0,CB,1.0,7.0
26004,315.9823,3.9226739999999998,12460000.0,72.0,Hf,I,0.292191,3.0,4.214825,2.0,CB,1.0,5.0
26068,316.2611,3.9192160000000005,279000000.0,72.01,Hf,II,1.496546,2.5,5.415723000000001,2.5,CB,2.0,6.0
26083,316.3358,3.9182910000000004,33610000.0,72.0,Hf,I,1.302935,2.0,5.2211870000000005,1.0,CB,1.0,3.0
26140,316.5727,3.9153589999999996,22170000.0,72.0,Hf,I,0.814891,1.0,4.73021,1.0,CB,1.0,3.0
26215,316.8382,3.9120779999999997,143600000.0,72.0,Hf,I,1.302935,2.0,5.214974,3.0,CB,1.0,7.0
26320,317.294,3.9064589999999995,41370000.0,72.0,Hf,I,0.566315,4.0,4.472735,4.0,CB,1.0,9.0
26404,317.6855,3.901644,38710000.0,72.01,Hf,II,0.608124,2.5,4.509729,1.5,APH,2.0,4.0
26443,317.8433,3.8997080000000004,44090000.0,72.0,Hf,I,1.802936,3.0,5.702605,3.0,CB,1.0,7.0
26502,318.1007,3.896552,39960000.0,72.0,Hf,I,0.684612,0.0,4.581126,1.0,CB,1.0,3.0
26503,318.1149,3.896378,4338000.0,72.0,Hf,I,0.566315,4.0,4.462654,5.0,CB,1.0,11.0
26733,318.9634,3.886014,2351000.0,72.0,Hf,I,0.0,2.0,3.885975,3.0,DSL,1.0,7.0
26834,319.3531,3.881271,10170000.0,72.01,Hf,II,0.378261,2.5,4.259493,2.5,APH,2.0,6.0
26847,319.4199,3.88046,22750000.0,72.01,Hf,II,0.451879,1.5,4.3323,2.5,CB,2.0,6.0
26879,319.5616,3.878739,129900000.0,72.01,Hf,II,1.780341,1.5,5.6590419999999995,0.5,CB,2.0,2.0
26974,319.9989,3.873439,365200000.0,72.01,Hf,II,1.891291,0.5,5.764691,0.5,CB,2.0,2.0
27051,320.3672,3.868985,17760000.0,72.01,Hf,II,1.6719959999999998,2.5,5.540943,3.5,CB,2.0,8.0
27101,320.6108,3.866047,12970000.0,72.0,Hf,I,0.292191,3.0,4.158199,2.0,CB,1.0,5.0
27208,321.097,3.8601919999999996,18270000.0,72.0,Hf,I,0.699099,2.0,4.559252,2.0,CB,1.0,5.0
27275,321.371,3.856902,80310000.0,72.0,Hf,I,1.802936,3.0,5.659799,3.0,CB,1.0,7.0
27357,321.7294,3.8526059999999998,7192000.0,72.01,Hf,II,0.378261,2.5,4.230828,1.5,CB,2.0,4.0
27421,322.0654,3.848586,88710000.0,72.01,Hf,II,1.87021,3.5,5.718757,4.5,CB,2.0,10.0
27940,324.3341,3.8216660000000005,207400000.0,72.0,Hf,I,2.078793,4.0,5.900422,3.0,CB,1.0,7.0
28032,324.7667,3.8165760000000004,9454000.0,72.0,Hf,I,0.292191,3.0,4.108728,3.0,CB,1.0,7.0
28072,324.9531,3.8143870000000004,8342000.0,72.0,Hf,I,0.292191,3.0,4.10654,2.0,CB,1.0,5.0
28158,325.3702,3.809497,20700000.0,72.01,Hf,II,0.378261,2.5,4.18772,3.5,APH,2.0,8.0
28192,325.4856,3.808147,62190000.0,72.0,Hf,I,1.82761,2.0,5.635719,3.0,CB,1.0,7.0
28196,325.5279,3.8076519999999996,7772000.0,72.01,Hf,II,0.451879,1.5,4.259493,2.5,APH,2.0,6.0
28353,326.1896,3.799928,34820000.0,72.0,Hf,I,1.789727,2.0,5.589617,3.0,CB,1.0,7.0
28366,326.2468,3.799262,23040000.0,72.0,Hf,I,1.30587,4.0,5.105094,4.0,CB,1.0,9.0
28426,326.5286,3.795983,77950000.0,72.0,Hf,I,1.943244,3.0,5.739189,4.0,CB,1.0,9.0
28481,326.7168,3.793797,4575000.0,72.0,Hf,I,0.699099,2.0,4.492858,3.0,CB,1.0,7.0
28638,327.3649,3.786286,8526000.0,72.01,Hf,II,0.7865979999999999,3.5,4.572846,3.5,APH,2.0,8.0
28765,327.9972,3.7789870000000003,11220000.0,72.01,Hf,II,0.451879,1.5,4.230828,1.5,CB,2.0,4.0
28850,328.3381,3.775064,19910000.0,72.01,Hf,II,1.496546,2.5,5.271573,1.5,CB,2.0,4.0
29036,329.1046,3.7662720000000003,29650000.0,72.0,Hf,I,0.814891,1.0,4.581126,1.0,CB,1.0,3.0
29371,330.6117,3.749104,7261000.0,72.0,Hf,I,0.566315,4.0,4.315382,4.0,CB,1.0,9.0
29462,330.919,3.745622,17350000.0,72.0,Hf,I,1.113842,2.0,4.859426999999999,3.0,CB,1.0,7.0
29488,331.0271,3.7443989999999996,35910000.0,72.0,Hf,I,0.814891,1.0,4.559252,2.0,CB,1.0,5.0
29506,331.0833,3.743764,18440000.0,72.01,Hf,II,1.6719959999999998,2.5,5.415723000000001,2.5,CB,2.0,6.0
29558,331.2868,3.741464,15430000.0,72.0,Hf,I,0.292191,3.0,4.033618,3.0,CB,1.0,7.0
29658,331.6167,3.737742,97360000.0,72.0,Hf,I,2.219476,5.0,5.95718,4.0,CB,1.0,9.0
29708,331.7992,3.735686,4405000.0,72.01,Hf,II,0.378261,2.5,4.11391,2.5,APH,2.0,6.0
29851,332.3324,3.729693,111600000.0,72.01,Hf,II,2.869685,4.5,6.59934,3.5,CB,2.0,8.0
29989,332.8213,3.724214,4691000.0,72.01,Hf,II,0.608124,2.5,4.3323,2.5,CB,2.0,6.0
30071,333.1858,3.7201400000000002,13790000.0,72.0,Hf,I,1.302935,2.0,5.023038,2.0,CB,1.0,5.0
30099,333.2728,3.7191690000000004,14560000.0,72.0,Hf,I,0.0,2.0,3.719132,3.0,DSL,1.0,7.0
30587,335.2051,3.6977309999999997,20100000.0,72.01,Hf,II,1.036726,4.5,4.73442,4.5,CB,2.0,10.0
30678,335.6013,3.693365,75710000.0,72.01,Hf,II,2.153465,2.5,5.846793,3.5,CB,2.0,8.0
30694,335.6788,3.6925120000000002,111400000.0,72.0,Hf,I,1.943244,3.0,5.635719,3.0,CB,1.0,7.0
30727,335.8289,3.690862,60060000.0,72.01,Hf,II,2.155969,4.5,5.846793,3.5,CB,2.0,8.0
30744,335.8905,3.690185,220000000.0,72.0,Hf,I,1.82761,2.0,5.517758000000001,2.0,CB,1.0,5.0
30769,336.0057,3.6889199999999995,2966000.0,72.0,Hf,I,0.0,2.0,3.688883,2.0,DSL,1.0,5.0
30938,336.6679,3.681665,187200000.0,72.0,Hf,I,1.747218,1.0,5.428845,1.0,CB,1.0,3.0
31087,337.2201,3.675636,4178000.0,72.0,Hf,I,0.699099,2.0,4.374698,1.0,CB,1.0,3.0
31261,337.8935,3.668311,2767000.0,72.0,Hf,I,0.292191,3.0,3.9604660000000003,4.0,CB,1.0,9.0
31391,338.4138,3.662671,64100000.0,72.01,Hf,II,1.780341,1.5,5.442976,2.5,CB,2.0,6.0
31404,338.4696,3.662067,5844000.0,72.01,Hf,II,0.451879,1.5,4.11391,2.5,APH,2.0,6.0
31449,338.6208,3.660432,155000000.0,72.0,Hf,I,2.078793,4.0,5.739189,4.0,CB,1.0,9.0
31552,338.9829,3.6565230000000004,57870000.0,72.01,Hf,II,0.451879,1.5,4.108365,0.5,APH,2.0,2.0
31631,339.2819,3.6533,265300000.0,72.0,Hf,I,1.943244,3.0,5.596508,2.0,CB,1.0,5.0
31683,339.4579,3.6514059999999997,7147000.0,72.01,Hf,II,0.608124,2.5,4.259493,2.5,APH,2.0,6.0
31696,339.4975,3.650981,122800000.0,72.01,Hf,II,2.195849,3.5,5.846793,3.5,CB,2.0,8.0
31752,339.7257,3.6485279999999998,6418000.0,72.0,Hf,I,0.566315,4.0,4.214807,4.0,CB,1.0,9.0
31761,339.7604,3.6481550000000005,28600000.0,72.0,Hf,I,1.113842,2.0,4.76196,3.0,CB,1.0,7.0
31812,339.9793,3.645807,31100000.0,72.01,Hf,II,0.0,1.5,3.6457699999999997,2.5,APH,2.0,6.0
31821,340.0217,3.6453519999999995,3326000.0,72.0,Hf,I,0.0,2.0,3.645315,2.0,DSL,1.0,5.0
31872,340.251,3.642896,6240000.0,72.0,Hf,I,0.566315,4.0,4.209174,3.0,CB,1.0,7.0
31977,340.7139,3.637946,15140000.0,72.0,Hf,I,1.113842,2.0,4.7517510000000005,2.0,CB,1.0,5.0
31993,340.7757,3.637286,23760000.0,72.01,Hf,II,1.496546,2.5,5.133796,3.5,CB,2.0,8.0
32049,341.0163,3.6347199999999997,90210000.0,72.01,Hf,II,1.87021,3.5,5.504893,3.5,CB,2.0,8.0
32090,341.2378,3.632361,27770000.0,72.0,Hf,I,1.802936,3.0,5.4352599999999995,4.0,CB,1.0,9.0
32121,341.3738,3.6309139999999998,44190000.0,72.01,Hf,II,1.6719959999999998,2.5,5.302874,1.5,CB,2.0,4.0
32199,341.7342,3.6270849999999997,11680000.0,72.0,Hf,I,0.292191,3.0,3.9192400000000003,2.0,DSL,1.0,5.0
32243,341.9176,3.62514,18660000.0,72.0,Hf,I,0.699099,2.0,4.324202,3.0,CB,1.0,7.0
32295,342.144,3.6227400000000003,1920000.0,72.01,Hf,II,0.608124,2.5,4.230828,1.5,CB,2.0,4.0
32433,342.7434,3.6164050000000003,38620000.0,72.0,Hf,I,1.113842,2.0,4.73021,1.0,CB,1.0,3.0
32455,342.8368,3.61542,7459000.0,72.01,Hf,II,0.0,1.5,3.6153839999999997,0.5,CB',2.0,2.0
32708,343.8287,3.6049910000000005,523800000.0,72.01,Hf,II,2.343009,1.5,5.947963,1.5,CB,2.0,4.0
32712,343.8431,3.604839,14260000.0,72.0,Hf,I,0.684612,0.0,4.289416,1.0,CB,1.0,3.0
32795,344.1838,3.601271,129800000.0,72.0,Hf,I,1.82761,2.0,5.428845,1.0,CB,1.0,3.0
33046,345.2305,3.590353,9784000.0,72.0,Hf,I,0.699099,2.0,4.289416,1.0,CB,1.0,3.0
33320,346.2645,3.579632,3483000.0,72.01,Hf,II,0.608124,2.5,4.18772,3.5,APH,2.0,8.0
33438,346.7568,3.57455,139600000.0,72.0,Hf,I,1.943244,3.0,5.517758000000001,2.0,CB,1.0,5.0
33556,347.2405,3.569571,23200000.0,72.0,Hf,I,0.0,2.0,3.5695349999999997,1.0,DSL,1.0,3.0
33710,347.898,3.562825,104900000.0,72.01,Hf,II,2.155969,4.5,5.718757,4.5,CB,2.0,10.0
33716,347.9289,3.5625080000000002,12560000.0,72.01,Hf,II,0.378261,2.5,3.9407339999999995,1.5,APH,2.0,4.0
33917,348.7573,3.554046,131200000.0,72.01,Hf,II,2.21068,1.5,5.764691,0.5,CB,2.0,2.0
34073,349.5745,3.5457379999999996,9304000.0,72.01,Hf,II,0.7865979999999999,3.5,4.3323,2.5,CB,2.0,6.0
34081,349.5932,3.545548,35370000.0,72.01,Hf,II,1.87021,3.5,5.415723000000001,2.5,CB,2.0,6.0
34129,349.7498,3.543961,15180000.0,72.0,Hf,I,0.0,2.0,3.5439260000000004,3.0,DSL,1.0,7.0
34163,349.8991,3.542449,2824000.0,72.0,Hf,I,0.566315,4.0,4.108728,3.0,CB,1.0,7.0
34298,350.5219,3.5361550000000004,56410000.0,72.01,Hf,II,1.036726,4.5,4.572846,3.5,APH,2.0,8.0
34489,351.3279,3.528043,17710000.0,72.0,Hf,I,1.30587,4.0,4.833876999999999,4.0,CB,1.0,9.0
34611,351.874,3.522568,69030000.0,72.01,Hf,II,1.780341,1.5,5.302874,1.5,CB,2.0,4.0
34672,352.1559,3.5197480000000003,50840000.0,72.0,Hf,I,2.219476,5.0,5.739189,4.0,CB,1.0,9.0
34700,352.3029,3.518279,13670000.0,72.0,Hf,I,0.292191,3.0,3.810435,4.0,DSL,1.0,9.0
34863,353.0869,3.510468,130000000.0,72.0,Hf,I,2.391987,3.0,5.902419999999999,4.0,CB,1.0,9.0
34871,353.1228,3.510111,3572000.0,72.0,Hf,I,0.699099,2.0,4.209174,3.0,CB,1.0,7.0
34961,353.5549,3.505821,25630000.0,72.01,Hf,II,0.608124,2.5,4.11391,2.5,APH,2.0,6.0
34983,353.6633,3.504746,9948000.0,72.0,Hf,I,0.0,2.0,3.504711,2.0,DSL,1.0,5.0
35367,355.2707,3.48889,14150000.0,72.01,Hf,II,0.451879,1.5,3.9407339999999995,1.5,APH,2.0,4.0
35412,355.4014,3.487606,51070000.0,72.0,Hf,I,1.802936,3.0,5.290507,4.0,CB,1.0,9.0
35591,356.1659,3.480121,109800000.0,72.01,Hf,II,0.0,1.5,3.480086,1.5,APH,2.0,4.0
35662,356.431,3.477532,4817000.0,72.0,Hf,I,0.0,2.0,3.477498,1.0,DSL,1.0,3.0
35755,356.736,3.4745589999999997,27670000.0,72.0,Hf,I,0.814891,1.0,4.289416,1.0,CB,1.0,3.0
35801,356.9034,3.4729300000000003,34720000.0,72.01,Hf,II,0.7865979999999999,3.5,4.259493,2.5,APH,2.0,6.0
36073,357.9901,3.462388,60400000.0,72.0,Hf,I,1.789727,2.0,5.25208,3.0,CB,1.0,7.0
36146,358.3267,3.459136,4970000.0,72.0,Hf,I,0.699099,2.0,4.158199,2.0,CB,1.0,5.0
36507,359.7394,3.4455519999999997,240400000.0,72.01,Hf,II,1.891291,0.5,5.336808,0.5,CB,2.0,2.0
36563,359.9866,3.443186,251100000.0,72.0,Hf,I,2.078793,4.0,5.521945,5.0,CB,1.0,11.0
36964,361.5039,3.4287339999999995,1389000.0,72.0,Hf,I,0.0,2.0,3.4287,3.0,DSL,1.0,7.0
37004,361.6895,3.426975,14190000.0,72.0,Hf,I,0.292191,3.0,3.719132,3.0,DSL,1.0,7.0
37028,361.7704,3.4262089999999996,31830000.0,72.0,Hf,I,1.802936,3.0,5.2291099999999995,4.0,CB,1.0,9.0
37090,362.0041,3.423997,6156000.0,72.0,Hf,I,0.684612,0.0,4.108575,1.0,CB,1.0,3.0
37180,362.4004,3.4202519999999996,19830000.0,72.01,Hf,II,1.601992,1.5,5.022211,2.5,CB,2.0,6.0
37465,363.5423,3.40951,6849000.0,72.0,Hf,I,0.699099,2.0,4.108575,1.0,CB,1.0,3.0
37523,363.7593,3.4074760000000004,2204000.0,72.0,Hf,I,0.699099,2.0,4.10654,2.0,CB,1.0,5.0
37666,364.4352,3.401156,20780000.0,72.01,Hf,II,0.7865979999999999,3.5,4.18772,3.5,APH,2.0,8.0
37797,364.9105,3.396726,5762000.0,72.0,Hf,I,0.292191,3.0,3.688883,2.0,DSL,1.0,5.0
37839,365.0531,3.3954,96590000.0,72.0,Hf,I,2.391987,3.0,5.7873529999999995,4.0,CB,1.0,9.0
37873,365.1838,3.3941839999999996,3270000.0,72.0,Hf,I,0.566315,4.0,3.9604660000000003,4.0,CB,1.0,9.0
38060,366.1045,3.385649,23810000.0,72.01,Hf,II,1.87021,3.5,5.255825,4.5,CB,2.0,10.0
38166,366.4571,3.382391,29980000.0,72.0,Hf,I,1.737987,1.0,5.120344,2.0,CB,1.0,5.0
38184,366.5349,3.381673,38330000.0,72.01,Hf,II,1.481822,0.5,4.863461,1.5,CB,2.0,4.0
38242,366.8195,3.37905,6455000.0,72.0,Hf,I,1.113842,2.0,4.492858,3.0,CB,1.0,7.0
38427,367.5738,3.3721160000000006,158100000.0,72.0,Hf,I,1.943244,3.0,5.315327,4.0,CB,1.0,9.0
38580,368.2242,3.36616,24700000.0,72.0,Hf,I,0.0,2.0,3.3661260000000004,2.0,DSL,1.0,5.0
38894,369.6521,3.353158,5362000.0,72.0,Hf,I,0.292191,3.0,3.645315,2.0,DSL,1.0,5.0
38954,369.8391,3.351462,37560000.0,72.01,Hf,II,2.153465,2.5,5.504893,3.5,CB,2.0,8.0
38974,369.9731,3.350248,40680000.0,72.01,Hf,II,1.6719959999999998,2.5,5.022211,2.5,CB,2.0,6.0
39015,370.1156,3.348958,130100000.0,72.01,Hf,II,2.155969,4.5,5.504893,3.5,CB,2.0,8.0
39103,370.4936,3.3455410000000003,85350000.0,72.0,Hf,I,2.279016,3.0,5.624523,3.0,CB,1.0,7.0
39113,370.5395,3.3451269999999997,49330000.0,72.01,Hf,II,2.195849,3.5,5.540943,3.5,CB,2.0,8.0
39430,371.7801,3.333965,9529000.0,72.0,Hf,I,0.292191,3.0,3.626122,4.0,DSL,1.0,9.0
39462,371.9276,3.332643,16250000.0,72.01,Hf,II,0.608124,2.5,3.9407339999999995,1.5,APH,2.0,4.0
39638,372.6484,3.326197,29120000.0,72.0,Hf,I,1.302935,2.0,4.629099,1.0,CB,1.0,3.0
39712,372.9093,3.32387,169500000.0,72.0,Hf,I,2.598721,4.0,5.922558,5.0,CB,1.0,11.0
39845,373.3785,3.319693,8404000.0,72.0,Hf,I,0.566315,4.0,3.885975,3.0,DSL,1.0,7.0
39934,373.7869,3.316066,344800000.0,72.01,Hf,II,2.343009,1.5,5.6590419999999995,0.5,CB,2.0,2.0
39964,373.9032,3.315035,8206000.0,72.0,Hf,I,1.30587,4.0,4.620871,4.0,CB,1.0,9.0
40080,374.4002,3.310634,48100000.0,72.0,Hf,I,2.279016,3.0,5.589617,3.0,CB,1.0,7.0
40104,374.4969,3.3097790000000002,119400000.0,72.01,Hf,II,2.869685,4.5,6.179431,4.5,CB,2.0,10.0
40148,374.6812,3.308151,112600000.0,72.0,Hf,I,1.82761,2.0,5.135728,3.0,CB,1.0,7.0
40163,374.7485,3.307557,19420000.0,72.01,Hf,II,1.87021,3.5,5.177734,2.5,CB,2.0,6.0
40312,375.3221,3.3025019999999996,60770000.0,72.0,Hf,I,2.219476,5.0,5.521945,5.0,CB,1.0,11.0
40566,376.2508,3.2943510000000003,245400000.0,72.01,Hf,II,3.952336,4.5,7.2466539999999995,3.5,CB,2.0,8.0
40618,376.5045,3.292131,57290000.0,72.0,Hf,I,2.259608,4.0,5.551705999999999,4.0,CB,1.0,9.0
40630,376.5559,3.2916819999999998,3830000.0,72.0,Hf,I,0.814891,1.0,4.10654,2.0,CB,1.0,5.0
40666,376.691,3.2905019999999996,256900000.0,72.01,Hf,II,2.496414,2.5,5.786883,1.5,CB,2.0,4.0
40705,376.8253,3.289329,23050000.0,72.0,Hf,I,1.302935,2.0,4.592231,2.0,CB,1.0,5.0
40784,377.135,3.2866269999999997,5926000.0,72.01,Hf,II,1.496546,2.5,4.78314,2.5,CB,2.0,6.0
40816,377.3123,3.2850839999999994,18690000.0,72.0,Hf,I,1.737987,1.0,5.023038,2.0,CB,1.0,5.0
40931,377.7655,3.281142,27690000.0,72.0,Hf,I,0.0,2.0,3.281109,1.0,DSL,1.0,3.0
41027,378.2436,3.276995,1626000.0,72.0,Hf,I,0.684612,0.0,3.9615739999999997,1.0,CB,1.0,3.0
41042,378.2781,3.276696,5190000.0,72.01,Hf,II,1.496546,2.5,4.773209,3.5,CB,2.0,8.0
41098,378.5461,3.2743759999999997,12770000.0,72.0,Hf,I,0.566315,4.0,3.8406580000000003,5.0,DSL,1.0,11.0
41146,378.7373,3.272723,20090000.0,72.0,Hf,I,2.279016,3.0,5.551705999999999,4.0,CB,1.0,9.0
41290,379.3379,3.2675419999999997,8663000.0,72.01,Hf,II,0.378261,2.5,3.6457699999999997,2.5,APH,2.0,6.0
41438,379.8676,3.262986,6171000.0,72.0,Hf,I,1.30587,4.0,4.568823,4.0,CB,1.0,9.0
41473,380.0367,3.261534,5484000.0,72.0,Hf,I,0.0,2.0,3.261501,3.0,DSL,1.0,7.0
41608,380.6062,3.256654,188300000.0,72.01,Hf,II,2.682766,3.5,5.939387,2.5,CB,2.0,6.0
41749,381.1781,3.2517669999999996,4859000.0,72.0,Hf,I,0.292191,3.0,3.5439260000000004,3.0,DSL,1.0,7.0
41886,381.7191,3.247159,44900000.0,72.01,Hf,II,2.195849,3.5,5.442976,2.5,CB,2.0,6.0
41951,381.9347,3.245326,28900000.0,72.0,Hf,I,1.747218,1.0,4.992511,2.0,CB,1.0,5.0
41982,382.0729,3.244152,17590000.0,72.0,Hf,I,0.566315,4.0,3.810435,4.0,DSL,1.0,9.0
42205,382.9685,3.236566,47130000.0,72.0,Hf,I,2.078793,4.0,5.315327,4.0,CB,1.0,9.0
42220,383.001,3.2362919999999997,81000000.0,72.0,Hf,I,1.747218,1.0,4.983477,2.0,CB,1.0,5.0
42684,384.9181,3.220173,41130000.0,72.0,Hf,I,0.699099,2.0,3.9192400000000003,2.0,DSL,1.0,5.0
42691,384.9501,3.219906,59560000.0,72.01,Hf,II,2.195849,3.5,5.415723000000001,2.5,CB,2.0,6.0
42890,385.8312,3.212552,7800000.0,72.0,Hf,I,0.292191,3.0,3.504711,2.0,DSL,1.0,5.0
42945,386.0908,3.2103919999999997,9234000.0,72.0,Hf,I,1.113842,2.0,4.324202,3.0,CB,1.0,7.0
43100,386.7314,3.205074,30260000.0,72.01,Hf,II,2.21068,1.5,5.415723000000001,2.5,CB,2.0,6.0
43225,387.2553,3.200739,22690000.0,72.01,Hf,II,1.496546,2.5,4.697253,1.5,CB,2.0,4.0
43347,387.7098,3.196987,179400000.0,72.01,Hf,II,2.869685,4.5,6.0666400000000005,3.5,CB,2.0,8.0
43436,388.0817,3.193923,4655000.0,72.01,Hf,II,0.451879,1.5,3.6457699999999997,2.5,APH,2.0,6.0
43471,388.2528,3.192516,52550000.0,72.0,Hf,I,1.943244,3.0,5.135728,3.0,CB,1.0,7.0
43501,388.3767,3.191497,24170000.0,72.01,Hf,II,1.6719959999999998,2.5,4.863461,1.5,CB,2.0,4.0
43645,388.9223,3.18702,12280000.0,72.0,Hf,I,1.30587,4.0,4.492858,3.0,CB,1.0,7.0
43650,388.936,3.1869080000000003,3460000.0,72.0,Hf,I,0.699099,2.0,3.885975,3.0,DSL,1.0,7.0
43741,389.2475,3.184358,130700000.0,72.0,Hf,I,2.453807,2.0,5.638133,1.0,CB,1.0,3.0
43928,389.9934,3.178268,6350000.0,72.0,Hf,I,0.0,2.0,3.178236,2.0,DSL,1.0,5.0
43941,390.0627,3.177702,72850000.0,72.01,Hf,II,3.8363150000000004,5.5,7.013986,5.5,CB,2.0,12.0
44085,390.6888,3.1726099999999997,11510000.0,72.0,Hf,I,1.802936,3.0,4.9755139999999995,2.0,CB,1.0,5.0
44142,390.9183,3.170748,62320000.0,72.0,Hf,I,2.453807,2.0,5.624523,3.0,CB,1.0,7.0
44357,391.7447,3.164059,60920000.0,72.01,Hf,II,2.682766,3.5,5.846793,3.5,CB,2.0,8.0
44373,391.8094,3.163537,21220000.0,72.01,Hf,II,0.451879,1.5,3.6153839999999997,0.5,CB',2.0,2.0
44526,392.3902,3.1588540000000003,53140000.0,72.01,Hf,II,1.601992,1.5,4.760815,0.5,CB,2.0,2.0
44590,392.6436,3.156816,4513000.0,72.0,Hf,I,1.30587,4.0,4.462654,5.0,CB,1.0,11.0
44620,392.7578,3.155898,38610000.0,72.0,Hf,I,1.82761,2.0,4.983477,2.0,CB,1.0,5.0
44673,392.9498,3.154356,216400000.0,72.01,Hf,II,3.4845550000000003,4.5,6.638878999999999,4.5,CB,2.0,10.0
44728,393.1377,3.152848,4783000.0,72.0,Hf,I,0.566315,4.0,3.719132,3.0,DSL,1.0,7.0
44828,393.5632,3.1494400000000002,56470000.0,72.01,Hf,II,2.153465,2.5,5.302874,1.5,CB,2.0,4.0
44932,393.904,3.146715,5321000.0,72.0,Hf,I,0.814891,1.0,3.9615739999999997,1.0,CB,1.0,3.0
45240,395.1818,3.13654,4521000.0,72.0,Hf,I,0.292191,3.0,3.4287,3.0,DSL,1.0,7.0
45537,396.4941,3.126159,76980000.0,72.01,Hf,II,2.21068,1.5,5.336808,0.5,CB,2.0,2.0
45607,396.8001,3.123749,3978000.0,72.0,Hf,I,0.0,2.0,3.1237169999999996,1.0,CB',1.0,3.0
45727,397.3483,3.119439,2519000.0,72.0,Hf,I,0.292191,3.0,3.411599,4.0,DSL,1.0,9.0
45885,397.9379,3.114817,186700000.0,72.01,Hf,II,3.4845550000000003,4.5,6.59934,3.5,CB,2.0,8.0
47013,403.2264,3.073966,1967000.0,72.0,Hf,I,0.292191,3.0,3.3661260000000004,2.0,DSL,1.0,5.0
47285,404.4373,3.064763,21140000.0,72.0,Hf,I,2.004,2.0,5.068732,3.0,CB,1.0,7.0
47365,404.7959,3.062047,250800000.0,72.01,Hf,II,3.8363150000000004,5.5,6.898332000000001,4.5,CB,2.0,10.0
47403,404.9446,3.060923,29310000.0,72.01,Hf,II,2.21068,1.5,5.271573,1.5,CB,2.0,4.0
47674,406.2834,3.050837,14700000.0,72.0,Hf,I,1.302935,2.0,4.353741,2.0,CB,1.0,5.0
47747,406.621,3.048304,19520000.0,72.0,Hf,I,1.802936,3.0,4.851209,3.0,CB,1.0,7.0
48102,408.3354,3.0355060000000003,18820000.0,72.0,Hf,I,1.302935,2.0,4.33841,1.0,CB,1.0,3.0
48222,408.7943,3.032099,17130000.0,72.0,Hf,I,2.004,2.0,5.036068,1.0,CB,1.0,3.0
48325,409.3155,3.028238,8085000.0,72.01,Hf,II,0.451879,1.5,3.480086,1.5,APH,2.0,4.0
48550,410.4234,3.020063,1788000.0,72.0,Hf,I,0.699099,2.0,3.719132,3.0,DSL,1.0,7.0
48601,410.6547,3.0183619999999998,5913000.0,72.0,Hf,I,1.30587,4.0,4.324202,3.0,CB,1.0,7.0
48753,411.3564,3.013213,10080000.0,72.01,Hf,II,1.496546,2.5,4.509729,1.5,APH,2.0,4.0
48789,411.5875,3.0115220000000003,10250000.0,72.0,Hf,I,2.279016,3.0,5.290507,4.0,CB,1.0,9.0
48835,411.8583,3.0095419999999997,3717000.0,72.0,Hf,I,1.30587,4.0,4.315382,4.0,CB,1.0,9.0
48841,411.8883,3.0093229999999997,10850000.0,72.0,Hf,I,1.737987,1.0,4.747279,2.0,CB,1.0,5.0
49022,412.7789,3.002829,14270000.0,72.01,Hf,II,1.780341,1.5,4.78314,2.5,CB,2.0,6.0
49388,414.5758,2.989815,2186000.0,72.0,Hf,I,0.699099,2.0,3.688883,2.0,DSL,1.0,5.0
49650,415.8909,2.9803610000000003,12670000.0,72.01,Hf,II,2.153465,2.5,5.133796,3.5,CB,2.0,8.0
49709,416.2405,2.9778580000000003,23560000.0,72.01,Hf,II,2.155969,4.5,5.133796,3.5,CB,2.0,8.0
49720,416.2709,2.977641,1660000.0,72.0,Hf,I,0.566315,4.0,3.5439260000000004,3.0,DSL,1.0,7.0
49952,417.4346,2.9693400000000003,6724000.0,72.0,Hf,I,0.292191,3.0,3.261501,3.0,DSL,1.0,7.0
50210,418.7667,2.959894,37830000.0,72.01,Hf,II,2.343009,1.5,5.302874,1.5,CB,2.0,4.0
50278,419.0941,2.957582,19970000.0,72.0,Hf,I,1.789727,2.0,4.747279,2.0,CB,1.0,5.0
50587,420.6574,2.946591,70450000.0,72.01,Hf,II,2.496414,2.5,5.442976,2.5,CB,2.0,6.0
50644,420.9743,2.944373,31360000.0,72.0,Hf,I,1.802936,3.0,4.747279,2.0,CB,1.0,5.0
51004,422.808,2.931603,925800.0,72.0,Hf,I,0.0,2.0,2.9315740000000003,3.0,DSL,1.0,7.0
51079,423.2426,2.9285930000000002,75620000.0,72.01,Hf,II,2.343009,1.5,5.271573,1.5,CB,2.0,4.0
51357,424.5165,2.9198049999999998,1832000.0,72.0,Hf,I,1.113842,2.0,4.033618,3.0,CB,1.0,7.0
51369,424.5845,2.919338,16590000.0,72.01,Hf,II,2.496414,2.5,5.415723000000001,2.5,CB,2.0,6.0
51635,426.0983,2.908966,4577000.0,72.0,Hf,I,1.30587,4.0,4.214807,4.0,CB,1.0,9.0
51679,426.3447,2.907285,1443000.0,72.0,Hf,I,0.0,2.0,2.9072560000000003,3.0,CB',1.0,7.0
51863,427.2863,2.900879,8499000.0,72.01,Hf,II,1.6719959999999998,2.5,4.572846,3.5,APH,2.0,8.0
52318,429.4782,2.8860740000000003,3540000.0,72.0,Hf,I,0.292191,3.0,3.178236,2.0,DSL,1.0,5.0
52357,429.6452,2.884951,2515000.0,72.0,Hf,I,0.684612,0.0,3.5695349999999997,1.0,DSL,1.0,3.0
52787,431.8136,2.8704650000000003,3946000.0,72.0,Hf,I,0.699099,2.0,3.5695349999999997,1.0,DSL,1.0,3.0
52845,432.0682,2.868774,13630000.0,72.01,Hf,II,2.153465,2.5,5.022211,2.5,CB,2.0,6.0
53035,433.0283,2.862413,1931000.0,72.0,Hf,I,0.566315,4.0,3.4287,3.0,DSL,1.0,7.0
53109,433.464,2.859536,17820000.0,72.01,Hf,II,2.869685,4.5,5.729191999999999,5.5,CB,2.0,12.0
53141,433.6658,2.858205,77000000.0,72.01,Hf,II,2.682766,3.5,5.540943,3.5,CB,2.0,8.0
53386,434.9742,2.8496080000000004,36780000.0,72.0,Hf,I,3.072978,4.0,5.922558,5.0,CB,1.0,11.0
53397,435.0516,2.8491009999999997,77050000.0,72.01,Hf,II,2.869685,4.5,5.718757,4.5,CB,2.0,10.0
53436,435.2564,2.847761,3709000.0,72.0,Hf,I,1.113842,2.0,3.9615739999999997,1.0,CB,1.0,3.0
53454,435.3363,2.847238,10260000.0,72.0,Hf,I,2.004,2.0,4.851209,3.0,CB,1.0,7.0
53499,435.6309,2.845312,3399000.0,72.0,Hf,I,0.566315,4.0,3.411599,4.0,DSL,1.0,9.0
53509,435.7008,2.844856,851900.0,72.0,Hf,I,0.699099,2.0,3.5439260000000004,3.0,DSL,1.0,7.0
53666,436.5379,2.8394,14680000.0,72.0,Hf,I,1.789727,2.0,4.629099,1.0,CB,1.0,3.0
53712,436.7901,2.837761,10750000.0,72.01,Hf,II,1.6719959999999998,2.5,4.509729,1.5,APH,2.0,4.0
53785,437.0949,2.835783,6677000.0,72.01,Hf,II,1.496546,2.5,4.3323,2.5,CB,2.0,6.0
54619,441.7358,2.80599,15900000.0,72.01,Hf,II,1.891291,0.5,4.697253,1.5,CB,2.0,4.0
54628,441.7909,2.8056400000000004,2063000.0,72.0,Hf,I,0.699099,2.0,3.504711,2.0,DSL,1.0,5.0
54632,441.8246,2.8054259999999998,1756000.0,72.0,Hf,I,1.113842,2.0,3.9192400000000003,2.0,DSL,1.0,5.0
54709,442.2249,2.8028869999999997,971600.0,72.0,Hf,I,1.30587,4.0,4.108728,3.0,CB,1.0,7.0
55003,443.8041,2.792913,6344000.0,72.0,Hf,I,0.684612,0.0,3.477498,1.0,DSL,1.0,3.0
55089,444.3083,2.789744,14570000.0,72.0,Hf,I,2.279016,3.0,5.068732,3.0,CB,1.0,7.0
55262,445.2986,2.7835400000000003,886400.0,72.0,Hf,I,0.0,2.0,2.783512,2.0,DSL,1.0,5.0
55334,445.735,2.780815,2407000.0,72.0,Hf,I,0.292191,3.0,3.072978,4.0,DSL,1.0,9.0
55413,446.1181,2.778427,4245000.0,72.0,Hf,I,0.699099,2.0,3.477498,1.0,DSL,1.0,3.0
55512,446.6391,2.775186,21470000.0,72.01,Hf,II,2.496414,2.5,5.271573,1.5,CB,2.0,4.0
55830,448.6131,2.762975,1786000.0,72.01,Hf,II,1.496546,2.5,4.259493,2.5,APH,2.0,6.0
56067,449.9654,2.754671,1864000.0,72.0,Hf,I,0.814891,1.0,3.5695349999999997,1.0,DSL,1.0,3.0
56331,451.8294,2.743307,7852000.0,72.0,Hf,I,2.004,2.0,4.747279,2.0,CB,1.0,5.0
56685,454.0936,2.729629,1716000.0,72.0,Hf,I,0.699099,2.0,3.4287,3.0,DSL,1.0,7.0
56733,454.4022,2.727775,1967000.0,72.0,Hf,I,1.30587,4.0,4.033618,3.0,CB,1.0,7.0
57104,456.5946,2.714677,3529000.0,72.0,Hf,I,0.699099,2.0,3.4137489999999997,1.0,CB,1.0,3.0
57210,457.3788,2.710023,4378000.0,72.01,Hf,II,2.153465,2.5,4.863461,1.5,CB,2.0,4.0
57577,459.8803,2.695282,3400000.0,72.0,Hf,I,0.0,2.0,2.695255,1.0,DSL,1.0,3.0
57683,460.5778,2.691201,581000.0,72.01,Hf,II,1.496546,2.5,4.18772,3.5,APH,2.0,8.0
57717,460.8096,2.6898470000000003,1224000.0,72.0,Hf,I,0.814891,1.0,3.504711,2.0,DSL,1.0,5.0
57892,462.0869,2.682411,606800.0,72.0,Hf,I,0.566315,4.0,3.2487,5.0,CB,1.0,11.0
57914,462.2705,2.681346,18030000.0,72.01,Hf,II,2.496414,2.5,5.177734,2.5,CB,2.0,6.0
58009,463.0606,2.676771,11950000.0,72.0,Hf,I,2.391987,3.0,5.068732,3.0,CB,1.0,7.0
58311,465.5194,2.662633,5900000.0,72.0,Hf,I,0.814891,1.0,3.477498,1.0,DSL,1.0,3.0
58424,466.4138,2.657527,2229000.0,72.01,Hf,II,1.601992,1.5,4.259493,2.5,APH,2.0,6.0
58501,466.9242,2.6546220000000003,381200.0,72.0,Hf,I,1.30587,4.0,3.9604660000000003,4.0,CB,1.0,9.0
58872,469.9007,2.637808,41000000.0,72.0,Hf,I,2.233084,2.0,4.870865,1.0,CB,1.0,3.0
58879,469.9718,2.637408,6261000.0,72.01,Hf,II,2.496414,2.5,5.133796,3.5,CB,2.0,8.0
58989,470.8852,2.632293,17240000.0,72.0,Hf,I,2.839407,5.0,5.471673,5.0,CB,1.0,11.0
59139,471.9112,2.62657,3200000.0,72.01,Hf,II,1.481822,0.5,4.108365,0.5,APH,2.0,2.0
59310,473.136,2.61977,3242000.0,72.01,Hf,II,2.153465,2.5,4.773209,3.5,CB,2.0,8.0
59418,473.8577,2.61578,2533000.0,72.0,Hf,I,1.737987,1.0,4.353741,2.0,CB,1.0,5.0
59674,475.761,2.605316,622300.0,72.0,Hf,I,1.113842,2.0,3.719132,3.0,DSL,1.0,7.0
59783,476.6514,2.60045,9558000.0,72.0,Hf,I,1.737987,1.0,4.33841,1.0,CB,1.0,3.0
59867,477.3722,2.596523,1476000.0,72.0,Hf,I,0.684612,0.0,3.281109,1.0,DSL,1.0,3.0
59879,477.4905,2.595879,11010000.0,72.0,Hf,I,2.839407,5.0,5.4352599999999995,4.0,CB,1.0,9.0
59973,478.2741,2.591627,22880000.0,72.0,Hf,I,2.259608,4.0,4.851209,3.0,CB,1.0,7.0
60080,479.0708,2.5873169999999996,3758000.0,72.01,Hf,II,2.195849,3.5,4.78314,2.5,CB,2.0,6.0
60196,480.0505,2.582036,5945000.0,72.0,Hf,I,0.699099,2.0,3.281109,1.0,DSL,1.0,3.0
60404,481.7206,2.573085,5601000.0,72.01,Hf,II,2.682766,3.5,5.255825,4.5,CB,2.0,10.0
60427,481.8827,2.572219,9614000.0,72.0,Hf,I,2.279016,3.0,4.851209,3.0,CB,1.0,7.0
60615,483.4199,2.5640400000000003,2608000.0,72.0,Hf,I,1.789727,2.0,4.353741,2.0,CB,1.0,5.0
60657,483.724,2.5624279999999997,467300.0,72.0,Hf,I,0.699099,2.0,3.261501,3.0,DSL,1.0,7.0
60856,485.0583,2.55538,450100.0,72.0,Hf,I,1.302935,2.0,3.858289,2.0,CB,1.0,5.0
60952,485.8414,2.5512610000000002,448700.0,72.0,Hf,I,0.814891,1.0,3.3661260000000004,2.0,DSL,1.0,5.0
60966,485.9234,2.550831,8745000.0,72.0,Hf,I,1.802936,3.0,4.353741,2.0,CB,1.0,5.0
61004,486.3278,2.548709,8373000.0,72.0,Hf,I,1.789727,2.0,4.33841,1.0,CB,1.0,3.0
61118,487.2945,2.543653,5932000.0,72.0,Hf,I,2.598721,4.0,5.142348999999999,3.0,CB,1.0,7.0
61170,487.7586,2.541233,19430000.0,72.0,Hf,I,2.391987,3.0,4.9331949999999996,2.0,CB,1.0,5.0
61635,491.5305,2.521732,5033000.0,72.0,Hf,I,2.453807,2.0,4.9755139999999995,2.0,CB,1.0,5.0
61861,493.4462,2.511943,523900.0,72.01,Hf,II,1.601992,1.5,4.11391,2.5,APH,2.0,6.0
62029,494.8947,2.5045900000000003,617500.0,72.0,Hf,I,1.30587,4.0,3.810435,4.0,DSL,1.0,9.0
62182,496.238,2.497811,3496000.0,72.0,Hf,I,2.249494,1.0,4.747279,2.0,CB,1.0,5.0
62332,497.5256,2.491346,1590000.0,72.0,Hf,I,0.292191,3.0,2.783512,2.0,DSL,1.0,5.0
62600,499.9678,2.479177,405400.0,72.01,Hf,II,1.780341,1.5,4.259493,2.5,APH,2.0,6.0
62828,501.8182,2.4700349999999998,19400000.0,72.0,Hf,I,2.598721,4.0,5.068732,3.0,CB,1.0,7.0
62880,502.1733,2.468289,2204000.0,72.0,Hf,I,2.279016,3.0,4.747279,2.0,CB,1.0,5.0
63098,504.0833,2.458936,1193000.0,72.01,Hf,II,1.481822,0.5,3.9407339999999995,1.5,APH,2.0,4.0
63183,504.744,2.455718,2515000.0,72.0,Hf,I,1.113842,2.0,3.5695349999999997,1.0,DSL,1.0,3.0
63497,507.9629,2.440156,2655000.0,72.01,Hf,II,2.343009,1.5,4.78314,2.5,CB,2.0,6.0
63824,511.213,2.424643,371200.0,72.0,Hf,I,0.699099,2.0,3.1237169999999996,1.0,CB',1.0,3.0
64000,512.8505,2.4169009999999997,814400.0,72.01,Hf,II,2.155969,4.5,4.572846,3.5,APH,2.0,8.0
64295,515.7942,2.403108,7668000.0,72.0,Hf,I,2.839407,5.0,5.242491,4.0,CB,1.0,9.0
64394,516.7379,2.398719,18880000.0,72.0,Hf,I,3.072978,4.0,5.471673,5.0,CB,1.0,11.0
64427,517.0167,2.397426,10270000.0,72.0,Hf,I,2.453807,2.0,4.851209,3.0,CB,1.0,7.0
64546,518.187,2.392011,456900.0,72.0,Hf,I,0.0,2.0,2.391987,3.0,CB',1.0,7.0
64604,518.6822,2.389728,7583000.0,72.0,Hf,I,2.839407,5.0,5.2291099999999995,4.0,CB,1.0,9.0
64616,518.7735,2.389307,823700.0,72.01,Hf,II,1.87021,3.5,4.259493,2.5,APH,2.0,6.0
65221,524.3982,2.36368,2934000.0,72.0,Hf,I,1.113842,2.0,3.477498,1.0,DSL,1.0,3.0
65251,524.7128,2.362262,40830000.0,72.01,Hf,II,3.4845550000000003,4.5,5.846793,3.5,CB,2.0,8.0
65400,526.0434,2.356287,2041000.0,72.01,Hf,II,2.153465,2.5,4.509729,1.5,APH,2.0,4.0
65454,526.4947,2.3542680000000002,3460000.0,72.01,Hf,II,2.343009,1.5,4.697253,1.5,CB,2.0,4.0
65568,527.5037,2.349765,3315000.0,72.0,Hf,I,2.004,2.0,4.353741,2.0,CB,1.0,5.0
65706,528.6099,2.344847,7286000.0,72.0,Hf,I,2.9072560000000003,3.0,5.25208,3.0,CB,1.0,7.0
65787,529.4868,2.340964,796300.0,72.0,Hf,I,0.566315,4.0,2.9072560000000003,3.0,CB',1.0,7.0
65824,529.8044,2.3395610000000002,1793000.0,72.01,Hf,II,1.891291,0.5,4.230828,1.5,CB,2.0,4.0
65935,530.7805,2.335258,7940000.0,72.0,Hf,I,2.9072560000000003,3.0,5.242491,4.0,CB,1.0,9.0
65963,530.968,2.334434,4536000.0,72.0,Hf,I,2.004,2.0,4.33841,1.0,CB,1.0,3.0
65979,531.1595,2.333592,1217000.0,72.01,Hf,II,1.780341,1.5,4.11391,2.5,APH,2.0,6.0
66112,532.4246,2.328047,813500.0,72.01,Hf,II,1.780341,1.5,4.108365,0.5,APH,2.0,2.0
66338,534.6275,2.3184549999999997,7156000.0,72.01,Hf,II,3.5283620000000004,3.5,5.846793,3.5,CB,2.0,8.0
66458,535.4717,2.3147990000000003,38460000.0,72.0,Hf,I,3.1568970000000003,6.0,5.471673,5.0,CB,1.0,11.0
66645,537.3861,2.306553,228600.0,72.0,Hf,I,0.292191,3.0,2.598721,4.0,DSL,1.0,9.0
66801,538.9337,2.29993,471700.0,72.0,Hf,I,1.113842,2.0,3.4137489999999997,1.0,CB,1.0,3.0
66828,539.1348,2.2990720000000002,1579000.0,72.01,Hf,II,2.21068,1.5,4.509729,1.5,APH,2.0,4.0
66959,540.4458,2.293495,2815000.0,72.0,Hf,I,2.453807,2.0,4.747279,2.0,CB,1.0,5.0
67150,542.3975,2.285243,6312000.0,72.0,Hf,I,2.783512,2.0,5.068732,3.0,CB,1.0,7.0
67305,543.8741,2.279038,61350.0,72.0,Hf,I,0.0,2.0,2.279016,3.0,CB',1.0,7.0
67345,544.4045,2.276818,952700.0,72.01,Hf,II,2.496414,2.5,4.773209,3.5,CB,2.0,8.0
67438,545.2915,2.273114,281300.0,72.0,Hf,I,0.566315,4.0,2.839407,5.0,CB',1.0,11.0
67531,546.3381,2.26876,736000.0,72.01,Hf,II,1.6719959999999998,2.5,3.9407339999999995,1.5,APH,2.0,4.0
67878,549.7332,2.2547479999999998,25610000.0,72.0,Hf,I,3.688883,2.0,5.9436089999999995,3.0,CB,1.0,7.0
68015,551.0437,2.249386,1039000.0,72.0,Hf,I,2.279016,3.0,4.528379,3.0,CB,1.0,7.0
68151,552.4347,2.243722,437700.0,72.01,Hf,II,1.87021,3.5,4.11391,2.5,APH,2.0,6.0
68283,553.8017,2.238184,18620000.0,72.0,Hf,I,2.695255,1.0,4.9334169999999995,1.0,CB,1.0,3.0
68287,553.8278,2.238079,390900.0,72.0,Hf,I,1.30587,4.0,3.5439260000000004,3.0,DSL,1.0,7.0
68413,555.0609,2.233107,544800.0,72.0,Hf,I,0.0,2.0,2.233084,2.0,DSL,1.0,5.0
68431,555.2122,2.232498,1202000.0,72.0,Hf,I,0.699099,2.0,2.9315740000000003,3.0,DSL,1.0,7.0
68664,557.5855,2.2229959999999997,20410000.0,72.0,Hf,I,3.2487,5.0,5.471673,5.0,CB,1.0,11.0
68909,560.0761,2.21311,5110000.0,72.0,Hf,I,2.9072560000000003,3.0,5.120344,2.0,CB,1.0,5.0
69022,561.3268,2.208179,631500.0,72.0,Hf,I,0.699099,2.0,2.9072560000000003,3.0,CB',1.0,7.0
69027,561.4009,2.207888,9294000.0,72.0,Hf,I,2.695255,1.0,4.903121,1.0,CB,1.0,3.0
69172,562.8301,2.202281,2781000.0,72.0,Hf,I,2.9072560000000003,3.0,5.109515,2.0,CB,1.0,5.0
69404,565.0813,2.193508,174100.0,72.0,Hf,I,1.302935,2.0,3.496421,2.0,CB,1.0,5.0
69974,571.3256,2.169534,6853000.0,72.0,Hf,I,3.072978,4.0,5.242491,4.0,CB,1.0,9.0
70033,571.9175,2.167289,2965000.0,72.0,Hf,I,1.113842,2.0,3.281109,1.0,DSL,1.0,3.0
70322,574.8711,2.156154,3315000.0,72.0,Hf,I,3.072978,4.0,5.2291099999999995,4.0,CB,1.0,9.0
70508,576.719,2.149245,183600.0,72.01,Hf,II,1.496546,2.5,3.6457699999999997,2.5,APH,2.0,6.0
70934,580.9525,2.133584,461900.0,72.01,Hf,II,1.481822,0.5,3.6153839999999997,0.5,CB',2.0,2.0
71008,581.7466,2.130671,462900.0,72.0,Hf,I,1.789727,2.0,3.920377,2.0,CB,1.0,5.0
71218,584.2226,2.121641,876100.0,72.01,Hf,II,2.21068,1.5,4.3323,2.5,CB,2.0,6.0
71260,584.5857,2.120323,538500.0,72.0,Hf,I,1.737987,1.0,3.858289,2.0,CB,1.0,5.0
71285,584.7769,2.11963,7291000.0,72.0,Hf,I,2.783512,2.0,4.903121,1.0,CB,1.0,3.0
71588,588.3651,2.106704,7008000.0,72.0,Hf,I,2.9315740000000003,3.0,5.038257,2.0,CB,1.0,5.0
71923,592.6465,2.091484,4890000.0,72.0,Hf,I,2.9315740000000003,3.0,5.023038,2.0,CB,1.0,5.0
71987,593.369,2.088938,6763000.0,72.0,Hf,I,2.249494,1.0,4.33841,1.0,CB,1.0,3.0
72279,597.4278,2.0747459999999998,5399000.0,72.0,Hf,I,2.279016,3.0,4.353741,2.0,CB,1.0,5.0
72282,597.472,2.074593,1804000.0,72.0,Hf,I,2.453807,2.0,4.528379,3.0,CB,1.0,7.0
72310,597.8661,2.073225,6816000.0,72.0,Hf,I,2.265206,0.0,4.33841,1.0,CB,1.0,3.0
72654,601.6767,2.060095,18780000.0,72.0,Hf,I,3.411599,4.0,5.471673,5.0,CB,1.0,11.0
72906,605.4166,2.0473689999999998,393300.0,72.0,Hf,I,1.802936,3.0,3.850285,3.0,CB,1.0,7.0
73167,609.8677,2.0324259999999996,223400.0,72.0,Hf,I,0.566315,4.0,2.598721,4.0,DSL,1.0,9.0
73801,618.5125,2.00402,115400.0,72.0,Hf,I,0.0,2.0,2.004,2.0,CB',1.0,5.0
73935,621.0681,1.9957740000000002,14210000.0,72.0,Hf,I,3.072978,4.0,5.068732,3.0,CB,1.0,7.0
73971,621.6795,1.993811,8366000.0,72.0,Hf,I,3.2487,5.0,5.242491,4.0,CB,1.0,9.0
74092,623.8594,1.9868439999999998,84840.0,72.0,Hf,I,0.292191,3.0,2.279016,3.0,CB',1.0,7.0
74150,624.8924,1.9835599999999998,1024000.0,72.01,Hf,II,1.496546,2.5,3.480086,1.5,APH,2.0,4.0
74479,629.9519,1.967629,6472000.0,72.0,Hf,I,3.261501,3.0,5.2291099999999995,4.0,CB,1.0,9.0
74571,631.1844,1.963787,4412000.0,72.0,Hf,I,2.783512,2.0,4.747279,2.0,CB,1.0,5.0
74608,631.8323,1.961773,1361000.0,72.0,Hf,I,2.391987,3.0,4.353741,2.0,CB,1.0,5.0
74710,633.8103,1.9556509999999998,206500.0,72.0,Hf,I,1.30587,4.0,3.261501,3.0,DSL,1.0,7.0
74944,638.0191,1.94275,379400.0,72.0,Hf,I,1.943244,3.0,3.885975,3.0,DSL,1.0,7.0
74985,638.6231,1.940913,167700.0,72.0,Hf,I,0.292191,3.0,2.233084,2.0,DSL,1.0,5.0
75127,640.9512,1.933863,4296000.0,72.0,Hf,I,2.695255,1.0,4.629099,1.0,CB,1.0,3.0
76044,655.6478,1.8905150000000002,4221000.0,72.0,Hf,I,3.178236,2.0,5.068732,3.0,CB,1.0,7.0
76244,658.7224,1.881691,481100.0,72.0,Hf,I,2.078793,4.0,3.9604660000000003,4.0,CB,1.0,9.0
76615,664.4582,1.865448,709300.0,72.01,Hf,II,1.780341,1.5,3.6457699999999997,2.5,APH,2.0,6.0
76635,664.7056,1.8647529999999999,1145000.0,72.01,Hf,II,2.869685,4.5,4.73442,4.5,CB,2.0,10.0
76721,665.9419,1.8612919999999997,293800.0,72.0,Hf,I,1.82761,2.0,3.688883,2.0,DSL,1.0,5.0
77050,671.3482,1.8463029999999998,822000.0,72.0,Hf,I,2.004,2.0,3.850285,3.0,CB,1.0,7.0
77066,671.6021,1.845605,2252000.0,72.0,Hf,I,2.783512,2.0,4.629099,1.0,CB,1.0,3.0
77323,675.4609,1.835061,1081000.0,72.01,Hf,II,1.780341,1.5,3.6153839999999997,0.5,CB',2.0,2.0
77424,676.9923,1.8309099999999998,5111000.0,72.0,Hf,I,3.411599,4.0,5.242491,4.0,CB,1.0,9.0
77566,678.9279,1.825691,320000.0,72.0,Hf,I,0.566315,4.0,2.391987,3.0,CB',1.0,7.0
77760,681.8935,1.817751,1484000.0,72.0,Hf,I,1.113842,2.0,2.9315740000000003,3.0,DSL,1.0,7.0
77809,682.6548,1.815723,4232000.0,72.0,Hf,I,2.9315740000000003,3.0,4.747279,2.0,CB,1.0,5.0
77990,685.0044,1.809496,5540000.0,72.0,Hf,I,3.1237169999999996,1.0,4.9331949999999996,2.0,CB,1.0,5.0
78047,685.8747,1.8071990000000002,1192000.0,72.0,Hf,I,2.078793,4.0,3.885975,3.0,DSL,1.0,7.0
78362,691.1399,1.793432,524400.0,72.0,Hf,I,1.113842,2.0,2.9072560000000003,3.0,CB',1.0,7.0
78451,692.6205,1.789598,876800.0,72.0,Hf,I,1.747218,1.0,3.536798,0.0,CB,1.0,1.0
78730,697.9609,1.7759049999999998,551000.0,72.0,Hf,I,1.943244,3.0,3.719132,3.0,DSL,1.0,7.0
78741,698.0895,1.7755779999999999,498800.0,72.01,Hf,II,1.87021,3.5,3.6457699999999997,2.5,APH,2.0,6.0
78976,701.9235,1.76588,7695000.0,72.0,Hf,I,3.626122,4.0,5.391985,3.0,CB,1.0,7.0
79037,703.0316,1.7630970000000001,448500.0,72.01,Hf,II,2.496414,2.5,4.259493,2.5,APH,2.0,6.0
79060,703.516,1.761883,154200.0,72.0,Hf,I,2.078793,4.0,3.8406580000000003,5.0,DSL,1.0,11.0
79194,706.1951,1.7551990000000002,10940000.0,72.0,Hf,I,3.178236,2.0,4.9334169999999995,1.0,CB,1.0,3.0
79200,706.2844,1.754977,8452000.0,72.0,Hf,I,3.178236,2.0,4.9331949999999996,2.0,CB,1.0,5.0
79205,706.3852,1.7547259999999998,1339000.0,72.0,Hf,I,0.699099,2.0,2.453807,2.0,CB',1.0,5.0
79376,709.442,1.747166,9659000.0,72.0,Hf,I,3.1237169999999996,1.0,4.870865,1.0,CB,1.0,3.0
79418,710.0552,1.745657,565400.0,72.0,Hf,I,1.943244,3.0,3.688883,2.0,DSL,1.0,5.0
79520,711.9515,1.741007,2017000.0,72.0,Hf,I,2.219476,5.0,3.9604660000000003,4.0,CB,1.0,9.0
79590,713.1816,1.738004,892000.0,72.0,Hf,I,0.0,2.0,1.737987,1.0,CB',1.0,3.0
80193,723.7112,1.712718,2628000.0,72.0,Hf,I,0.566315,4.0,2.279016,3.0,CB',1.0,7.0
80216,724.0881,1.7118259999999998,1110000.0,72.0,Hf,I,0.292191,3.0,2.004,2.0,CB',1.0,5.0
80327,726.2579,1.706712,129600.0,72.0,Hf,I,1.789727,2.0,3.496421,2.0,CB,1.0,5.0
80669,732.0059,1.6933099999999999,224200.0,72.0,Hf,I,0.566315,4.0,2.259608,4.0,CB',1.0,9.0
80682,732.1806,1.692906,85030.0,72.0,Hf,I,0.699099,2.0,2.391987,3.0,CB',1.0,7.0
80860,735.6195,1.6849919999999998,1591000.0,72.0,Hf,I,2.9072560000000003,3.0,4.592231,2.0,CB,1.0,5.0
80906,736.536,1.682895,133400.0,72.0,Hf,I,1.943244,3.0,3.626122,4.0,DSL,1.0,9.0
81029,739.0734,1.677118,613100.0,72.0,Hf,I,1.82761,2.0,3.504711,2.0,DSL,1.0,5.0
81187,742.3624,1.669687,205900.0,72.0,Hf,I,1.113842,2.0,2.783512,2.0,DSL,1.0,5.0
81251,743.7608,1.666548,783200.0,72.0,Hf,I,1.747218,1.0,3.4137489999999997,1.0,CB,1.0,3.0
81390,746.3918,1.660673,3707000.0,72.0,Hf,I,2.9315740000000003,3.0,4.592231,2.0,CB,1.0,5.0
81491,748.4594,1.6560860000000002,1048000.0,72.0,Hf,I,2.8367880000000003,3.0,4.492858,3.0,CB,1.0,7.0
81839,755.6373,1.640355,591800.0,72.0,Hf,I,2.078793,4.0,3.719132,3.0,DSL,1.0,7.0
81880,756.293,1.6389330000000002,642000.0,72.0,Hf,I,0.814891,1.0,2.453807,2.0,CB',1.0,5.0
81894,756.4332,1.6386290000000001,49220000.0,72.0,Hf,I,4.315382,4.0,5.953994000000001,4.0,CB,1.0,9.0
81957,757.7013,1.635886,389600.0,72.0,Hf,I,2.279016,3.0,3.914885,4.0,CB,1.0,9.0
82030,759.2971,1.632448,1235000.0,72.0,Hf,I,2.882981,4.0,4.515413,5.0,CB,1.0,11.0
82116,760.8261,1.629167,26070000.0,72.0,Hf,I,3.9604660000000003,4.0,5.589617,3.0,CB,1.0,7.0
82224,762.4392,1.625721,4835000.0,72.0,Hf,I,1.30587,4.0,2.9315740000000003,3.0,DSL,1.0,7.0
82324,764.5658,1.621199,463100.0,72.0,Hf,I,2.219476,5.0,3.8406580000000003,5.0,DSL,1.0,11.0
82853,774.0175,1.601402,2048000.0,72.0,Hf,I,1.30587,4.0,2.9072560000000003,3.0,CB',1.0,7.0
82875,774.358,1.600698,302600.0,72.0,Hf,I,1.943244,3.0,3.5439260000000004,3.0,DSL,1.0,7.0
82964,775.7912,1.597741,310700.0,72.01,Hf,II,2.343009,1.5,3.9407339999999995,1.5,APH,2.0,4.0
83106,779.0904,1.590975,1369000.0,72.0,Hf,I,2.219476,5.0,3.810435,4.0,DSL,1.0,9.0
83127,779.681,1.5897700000000001,924300.0,72.0,Hf,I,2.882981,4.0,4.472735,4.0,CB,1.0,9.0
83223,781.4582,1.586154,1099000.0,72.0,Hf,I,1.82761,2.0,3.4137489999999997,1.0,CB,1.0,3.0
83384,784.5355,1.579933,1348000.0,72.0,Hf,I,0.699099,2.0,2.279016,3.0,CB',1.0,7.0
83391,784.6568,1.579689,729700.0,72.0,Hf,I,2.882981,4.0,4.462654,5.0,CB,1.0,11.0
83703,792.0734,1.564897,1257000.0,72.0,Hf,I,0.684612,0.0,2.249494,1.0,CB',1.0,3.0
83787,793.8055,1.561483,923600.0,72.0,Hf,I,1.943244,3.0,3.504711,2.0,DSL,1.0,5.0
84055,799.4743,1.550411,2350000.0,72.0,Hf,I,0.699099,2.0,2.249494,1.0,CB',1.0,3.0
