,Wl/nm,E_Photon,A-Value,Elem. num,Element,ion state,E_lower_lev.,J_lower,E_upper_lev.,J_upper,Ref.,ion state num,g_j
10151,255.6859,4.847677,49580000.0,67.0,Ho,I,0.0,7.5,4.847628,7.5,MC,1.0,16.0
12435,264.0121,4.694804,36180000.0,67.0,Ho,I,0.0,7.5,4.694757,7.5,MC,1.0,16.0
30383,334.3609,3.707067,173200000.0,67.01,Ho,II,0.0,8.0,3.7070300000000005,0.0,MC',2.0,1.0
31795,339.8953,3.646707,1079000000.0,67.01,Ho,II,0.0,8.0,3.64667,0.0,GK,2.0,1.0
32148,341.4904,3.6296739999999996,211900000.0,67.01,Ho,II,0.0,8.0,3.6296370000000002,0.0,MC',2.0,1.0
32175,341.6444,3.6280379999999997,974400000.0,67.01,Ho,II,0.079028,7.0,3.7070300000000005,0.0,MC',2.0,1.0
32224,341.8503,3.6258529999999998,65630000.0,67.0,Ho,I,1.038852,8.5,4.664669,7.5,MC,1.0,16.0
32361,342.4147,3.619876,158700000.0,67.0,Ho,I,1.044828,7.5,4.664669,7.5,MC,1.0,16.0
33599,347.4247,3.567679,828200000.0,67.01,Ho,II,0.079028,7.0,3.64667,0.0,GK,2.0,1.0
33979,349.0914,3.550645,44870000.0,67.01,Ho,II,0.079028,7.0,3.6296370000000002,0.0,MC',2.0,1.0
41387,379.6748,3.264642,729600000.0,67.01,Ho,II,0.0,8.0,3.264609,0.0,GK,2.0,1.0
41727,381.0738,3.2526580000000003,636600000.0,67.01,Ho,II,0.0,8.0,3.252625,0.0,MC',2.0,1.0
43700,389.094,3.1856139999999997,1188000000.0,67.01,Ho,II,0.079028,7.0,3.264609,0.0,GK,2.0,1.0
44057,390.5634,3.173629,95390000.0,67.01,Ho,II,0.079028,7.0,3.252625,0.0,MC',2.0,1.0
45324,395.573,3.133438,7661000.0,67.0,Ho,I,0.0,7.5,3.133407,7.5,GK,1.0,16.0
47141,403.761,3.069896,2058000.0,67.0,Ho,I,0.0,7.5,3.069865,6.5,GK,1.0,14.0
47213,404.0811,3.0674639999999997,37310000.0,67.0,Ho,I,0.0,7.5,3.067434,6.5,GK,1.0,14.0
47314,404.5474,3.0639279999999998,267300000.0,67.01,Ho,II,0.0,8.0,3.0638970000000003,0.0,MC',2.0,1.0
47496,405.3873,3.0575799999999997,162200000.0,67.0,Ho,I,0.0,7.5,3.0575490000000003,7.5,GK,1.0,16.0
47779,406.7498,3.047339,30070000.0,67.0,Ho,I,1.044828,7.5,4.092137,7.5,MC,1.0,16.0
48499,410.1085,3.022382,6338000.0,67.0,Ho,I,0.0,7.5,3.022352,7.5,GK,1.0,16.0
48541,410.3796,3.0203860000000002,155000000.0,67.0,Ho,I,0.0,7.5,3.020355,8.5,GK,1.0,18.0
48870,412.0176,3.008378,13270000.0,67.0,Ho,I,0.0,7.5,3.008348,8.5,GK,1.0,18.0
49529,415.2585,2.9849,49800000.0,67.01,Ho,II,0.079028,7.0,3.0638970000000003,0.0,MC',2.0,1.0
49725,416.3026,2.977414,87890000.0,67.0,Ho,I,0.0,7.5,2.977384,6.5,GK,1.0,14.0
49930,417.3197,2.970157,25810000.0,67.0,Ho,I,0.0,7.5,2.970127,6.5,GK,1.0,14.0
50337,419.434,2.955186,5681000.0,67.0,Ho,I,0.0,7.5,2.955156,7.5,GK,1.0,16.0
51516,425.438,2.913481,11450000.0,67.0,Ho,I,0.0,7.5,2.913451,8.5,GK,1.0,18.0
51692,426.4051,2.906873,4038000.0,67.0,Ho,I,0.0,7.5,2.906844,7.5,GK,1.0,16.0
53400,435.073,2.848961,8864000.0,67.0,Ho,I,0.0,7.5,2.848932,6.5,GK,1.0,14.0
54944,443.4924,2.794876,49660000.0,67.0,Ho,I,1.869821,6.5,4.664669,7.5,MC,1.0,16.0
55127,444.4623,2.788777,92490000.0,67.0,Ho,I,1.875919,8.5,4.664669,7.5,MC,1.0,16.0
57038,456.2512,2.7167209999999997,21350000.0,67.0,Ho,I,1.044828,7.5,3.7615220000000003,6.5,MC,1.0,14.0
57793,461.3342,2.686788,11320000.0,67.0,Ho,I,1.038852,8.5,3.7256139999999998,7.5,MC,1.0,16.0
59108,471.7522,2.627455,14370000.0,67.0,Ho,I,1.134093,6.5,3.7615220000000003,6.5,MC,1.0,14.0
59975,478.2889,2.591546,5867000.0,67.0,Ho,I,1.134093,6.5,3.7256139999999998,7.5,MC,1.0,16.0
60014,478.6297,2.589701,42150000.0,67.0,Ho,I,2.074993,6.5,4.664669,7.5,MC,1.0,16.0
61371,489.2405,2.5335360000000002,36370000.0,67.0,Ho,I,2.3231900000000003,8.5,4.8567,7.5,MC,1.0,16.0
61919,493.9013,2.5096279999999997,2621000.0,67.0,Ho,I,0.0,7.5,2.509603,6.5,GK,1.0,14.0
62388,497.9958,2.488994,1612000.0,67.0,Ho,I,0.0,7.5,2.488969,7.5,GK,1.0,16.0
63151,504.472,2.457042,1782000.0,67.0,Ho,I,1.044828,7.5,3.501846,8.5,MC,1.0,18.0
64550,518.2034,2.391936,5198000.0,67.0,Ho,I,1.038852,8.5,3.430764,9.5,MC,1.0,20.0
65866,530.1261,2.338141,438500.0,67.0,Ho,I,0.0,7.5,2.338118,6.5,MC,1.0,14.0
66173,533.0082,2.325498,332900.0,67.0,Ho,I,0.0,7.5,2.325475,7.5,MC,1.0,16.0
66505,536.0,2.312518,366000.0,67.0,Ho,I,0.0,7.5,2.312495,7.5,MC,1.0,16.0
67272,543.5854,2.280248,586600.0,67.0,Ho,I,1.038852,8.5,3.3190779999999998,9.5,MC,1.0,20.0
67425,545.1702,2.27362,100800.0,67.0,Ho,I,0.0,7.5,2.273597,8.5,MC,1.0,18.0
69167,562.7592,2.202559,2042000.0,67.0,Ho,I,1.038852,8.5,3.24139,8.5,MC,1.0,18.0
71383,586.0264,2.115111,887000.0,67.0,Ho,I,0.0,7.5,2.1150900000000004,6.5,GK,1.0,14.0
71471,587.0822,2.111307,1583000.0,67.0,Ho,I,1.207792,9.5,3.3190779999999998,9.5,MC,1.0,20.0
71882,592.173,2.093157,323500.0,67.0,Ho,I,0.0,7.5,2.093136,7.5,GK,1.0,16.0
72270,597.3507,2.075014,320100.0,67.0,Ho,I,0.0,7.5,2.074993,6.5,GK,1.0,14.0
72338,598.1448,2.072259,1327000.0,67.0,Ho,I,1.429607,8.5,3.501846,8.5,MC,1.0,18.0
72348,598.2848,2.071774,926400.0,67.0,Ho,I,0.0,7.5,2.071754,8.5,GK,1.0,18.0
72796,603.8974,2.0525189999999998,974300.0,67.0,Ho,I,1.449347,9.5,3.501846,8.5,MC,1.0,18.0
73052,608.1778,2.038074,240200.0,67.0,Ho,I,0.0,7.5,2.0380529999999997,8.5,GK,1.0,18.0
74191,625.5618,1.981437,2174000.0,67.0,Ho,I,1.449347,9.5,3.430764,9.5,MC,1.0,20.0
74525,630.5304,1.9658240000000002,151800.0,67.0,Ho,I,0.0,7.5,1.965804,7.5,MC,1.0,16.0
74537,630.67,1.965389,30210000.0,67.0,Ho,I,2.776363,6.5,4.741732,6.5,MC,1.0,14.0
75151,641.3427,1.9326830000000002,3950000.0,67.0,Ho,I,1.965804,7.5,3.8984669999999997,7.5,MC,1.0,16.0
76004,655.0867,1.892134,10400000.0,67.0,Ho,I,1.965804,7.5,3.8579199999999996,8.5,MC,1.0,18.0
76072,656.0036,1.8894900000000001,588900.0,67.0,Ho,I,1.429607,8.5,3.3190779999999998,9.5,MC,1.0,20.0
76349,660.4915,1.8766509999999998,483100.0,67.0,Ho,I,0.0,7.5,1.876632,7.5,MC,1.0,16.0
76369,660.7425,1.875938,90690.0,67.0,Ho,I,0.0,7.5,1.875919,8.5,MC,1.0,18.0
76517,662.8977,1.869839,251700.0,67.0,Ho,I,0.0,7.5,1.869821,6.5,MC,1.0,14.0
76737,666.2494,1.8604330000000002,2796000.0,67.0,Ho,I,2.0380529999999997,8.5,3.8984669999999997,7.5,MC,1.0,16.0
76942,669.429,1.851596,13070000.0,67.0,Ho,I,2.093136,7.5,3.9447129999999997,6.5,MC,1.0,14.0
77253,674.5043,1.837664,366300.0,67.0,Ho,I,0.6719569999999999,6.5,2.509603,6.5,MC,1.0,14.0
77450,677.4617,1.8296419999999998,6745000.0,67.0,Ho,I,2.1150900000000004,6.5,3.9447129999999997,6.5,MC,1.0,14.0
77530,678.5408,1.826732,10440000.0,67.0,Ho,I,2.071754,8.5,3.8984669999999997,7.5,MC,1.0,16.0
77701,681.094,1.819884,2005000.0,67.0,Ho,I,2.0380529999999997,8.5,3.8579199999999996,8.5,MC,1.0,18.0
77779,682.1639,1.81703,185300.0,67.0,Ho,I,0.6719569999999999,6.5,2.488969,7.5,MC,1.0,16.0
78092,686.5775,1.80535,3269000.0,67.0,Ho,I,2.093136,7.5,3.8984669999999997,7.5,MC,1.0,16.0
78273,689.7999,1.796916,711700.0,67.0,Ho,I,1.429607,8.5,3.226505,7.5,MC,1.0,16.0
78391,691.6688,1.7920610000000001,347400.0,67.0,Ho,I,1.449347,9.5,3.24139,8.5,MC,1.0,18.0
78522,693.9445,1.786184,6295000.0,67.0,Ho,I,2.071754,8.5,3.8579199999999996,8.5,MC,1.0,18.0
80225,724.2003,1.711561,363800.0,67.0,Ho,I,1.5298459999999998,7.5,3.24139,8.5,MC,1.0,18.0
80270,725.0591,1.709534,465600.0,67.0,Ho,I,1.5298459999999998,7.5,3.239362,6.5,MC,1.0,14.0
81553,749.6144,1.653534,29250.0,67.0,Ho,I,0.6719569999999999,6.5,2.325475,7.5,MC,1.0,16.0
82015,758.9132,1.633274,208600.0,67.0,Ho,I,1.038852,8.5,2.67211,8.5,MC,1.0,18.0
82170,761.7003,1.627298,139700.0,67.0,Ho,I,1.044828,7.5,2.67211,8.5,MC,1.0,18.0
82245,762.7929,1.624967,143900.0,67.0,Ho,I,1.038852,8.5,2.6638029999999997,9.5,MC,1.0,20.0
82576,769.041,1.611765,223700.0,67.0,Ho,I,1.038852,8.5,2.650601,8.5,MC,1.0,18.0
82729,771.9031,1.605789,179700.0,67.0,Ho,I,1.044828,7.5,2.650601,8.5,MC,1.0,18.0
83226,781.54,1.585988,13120000.0,67.0,Ho,I,2.312495,7.5,3.8984669999999997,7.5,MC,1.0,16.0
