,Wl/nm,E_Photon,A-Value,Elem. num,Element,ion state,E_lower_lev.,J_lower,E_upper_lev.,J_upper,Ref.,ion state num,g_j
133,201.0648,6.164451000000001,4989000.0,77.0,Ir,I,0.0,4.5,6.164389,5.5,CB',1.0,12.0
318,202.2359,6.128757,7464000.0,77.0,Ir,I,0.35149400000000003,4.5,6.480189,5.5,CB',1.0,12.0
469,203.3577,6.094954,10900000.0,77.0,Ir,I,0.0,4.5,6.094893,4.5,CB',1.0,10.0
686,205.2224,6.039582,12860000.0,77.0,Ir,I,0.784071,3.5,6.823592999999999,4.5,CB',1.0,10.0
771,206.0653,6.014880000000001,14550000.0,77.0,Ir,I,0.8811100000000001,3.5,6.895929,3.5,CB',1.0,8.0
1023,208.3222,5.949725,12110000.0,77.0,Ir,I,0.7172029999999999,2.5,6.666867999999999,3.5,CB',1.0,8.0
1058,208.574,5.942543,9233000.0,77.0,Ir,I,0.8811100000000001,3.5,6.823592999999999,4.5,CB',1.0,10.0
1087,208.8831,5.933751,13030000.0,77.0,Ir,I,0.0,4.5,5.933692,5.5,CB',1.0,12.0
1151,209.2639,5.922954,22560000.0,77.0,Ir,I,0.35149400000000003,4.5,6.274389,5.5,CB',1.0,12.0
1451,211.2685,5.8667620000000005,9642000.0,77.0,Ir,I,0.784071,3.5,6.650774,4.5,CB',1.0,10.0
1554,211.9539,5.847792,2620000.0,77.0,Ir,I,0.0,4.5,5.847733,3.5,CB',1.0,8.0
1624,212.5439,5.831561,10860000.0,77.0,Ir,I,0.8811100000000001,3.5,6.712611999999999,3.5,CB',1.0,8.0
1658,212.7504,5.825901,5689000.0,77.0,Ir,I,0.35149400000000003,4.5,6.1773370000000005,3.5,CB',1.0,8.0
1665,212.7937,5.824717,7496000.0,77.0,Ir,I,0.0,4.5,5.824659,3.5,CB',1.0,8.0
1968,214.8222,5.769722,19480000.0,77.0,Ir,I,0.8811100000000001,3.5,6.650774,4.5,CB',1.0,10.0
2002,215.0545,5.763489,21220000.0,77.0,Ir,I,0.505725,1.5,6.269157,1.5,CB',1.0,4.0
2076,215.5812,5.749409,4331000.0,77.0,Ir,I,0.0,4.5,5.749352,4.5,CB',1.0,10.0
2104,215.8047,5.743457,24870000.0,77.0,Ir,I,0.35149400000000003,4.5,6.094893,4.5,CB',1.0,10.0
2165,216.287,5.73065,3340000.0,77.0,Ir,I,0.0,4.5,5.730593,4.5,CB',1.0,10.0
2342,217.5248,5.698045,6305000.0,77.0,Ir,I,0.0,4.5,5.697988,5.5,CB',1.0,12.0
2386,217.8163,5.690418,5554000.0,77.0,Ir,I,0.0,4.5,5.690361,3.5,CB',1.0,8.0
2585,219.1639,5.655435,3624000.0,77.0,Ir,I,0.35149400000000003,4.5,6.006872,3.5,CB',1.0,8.0
2981,222.0373,5.582253,5393000.0,77.0,Ir,I,0.35149400000000003,4.5,5.933692,5.5,CB',1.0,12.0
3445,225.3374,5.50051,28070000.0,77.0,Ir,I,0.8811100000000001,3.5,6.381565,4.5,CB',1.0,10.0
3471,225.5102,5.496294,15290000.0,77.0,Ir,I,0.35149400000000003,4.5,5.847733,3.5,CB',1.0,8.0
3487,225.5817,5.494552,41230000.0,77.0,Ir,I,0.7172029999999999,2.5,6.2117,1.5,CB',1.0,4.0
3533,225.8509,5.488003,9186000.0,77.0,Ir,I,1.224664,2.5,6.712611999999999,3.5,CB',1.0,8.0
3539,225.8858,5.487157,22030000.0,77.0,Ir,I,0.784071,3.5,6.271173,3.5,CB',1.0,8.0
3642,226.461,5.473219,6619000.0,77.0,Ir,I,0.35149400000000003,4.5,5.824659,3.5,CB',1.0,8.0
3668,226.6331,5.469062999999999,15250000.0,77.0,Ir,I,0.784071,3.5,6.253080000000001,4.5,CB',1.0,10.0
3706,226.8897,5.462879,45090000.0,77.0,Ir,I,1.311592,1.5,6.774416,2.5,CB',1.0,6.0
3896,228.0008,5.436261,17370000.0,77.0,Ir,I,0.784071,3.5,6.220276999999999,2.5,CB',1.0,6.0
3922,228.1908,5.431735,22090000.0,77.0,Ir,I,1.224664,2.5,6.656345,3.5,CB',1.0,8.0
3964,228.4608,5.425315,15960000.0,77.0,Ir,I,1.728319,4.5,7.153579,3.5,CB',1.0,8.0
4135,229.5087,5.400547,13500000.0,77.0,Ir,I,0.7172029999999999,2.5,6.117694999999999,1.5,CB',1.0,4.0
4211,229.9528,5.390117,11420000.0,77.0,Ir,I,0.8811100000000001,3.5,6.271173,3.5,CB',1.0,8.0
4226,230.05,5.387841000000001,26430000.0,77.0,Ir,I,0.784071,3.5,6.171858,2.5,CB',1.0,6.0
4282,230.4216,5.379153,22850000.0,77.0,Ir,I,0.35149400000000003,4.5,5.730593,4.5,CB',1.0,10.0
4301,230.5466,5.3762360000000005,11750000.0,77.0,Ir,I,0.7172029999999999,2.5,6.0933839999999995,2.5,CB',1.0,6.0
4337,230.7274,5.372024,4443000.0,77.0,Ir,I,0.8811100000000001,3.5,6.253080000000001,4.5,CB',1.0,10.0
4360,230.8898,5.368245,28770000.0,77.0,Ir,I,0.784071,3.5,6.152262,2.5,CB',1.0,6.0
4476,231.5381,5.3532150000000005,2299000.0,77.0,Ir,I,0.0,4.5,5.353162,3.5,CB',1.0,8.0
4585,232.145,5.339221,17960000.0,77.0,Ir,I,0.8811100000000001,3.5,6.220276999999999,2.5,CB',1.0,6.0
4588,232.1581,5.338921,4889000.0,77.0,Ir,I,0.35149400000000003,4.5,5.690361,3.5,CB',1.0,8.0
4704,232.7985,5.324235,26170000.0,77.0,Ir,I,1.514901,2.5,6.839082,1.5,CB',1.0,4.0
4795,233.3299,5.31211,13960000.0,77.0,Ir,I,0.7172029999999999,2.5,6.02926,3.5,CB',1.0,8.0
4805,233.3842,5.310875,17690000.0,77.0,Ir,I,0.784071,3.5,6.094893,4.5,CB',1.0,10.0
4822,233.4505,5.309367,23410000.0,77.0,Ir,I,0.784071,3.5,6.0933839999999995,2.5,CB',1.0,6.0
4971,234.3175,5.289722,45830000.0,77.0,Ir,I,0.7172029999999999,2.5,6.006872,3.5,CB',1.0,8.0
4977,234.3605,5.288751,41880000.0,77.0,Ir,I,0.7172029999999999,2.5,6.005901000000001,1.5,CB',1.0,4.0
5143,235.2629,5.2684690000000005,9071000.0,77.0,Ir,I,1.514901,2.5,6.783317,3.5,CB',1.0,8.0
5187,235.5005,5.263153,50320000.0,77.0,Ir,I,1.224664,2.5,6.487764,2.5,CB',1.0,6.0
5254,235.8164,5.256104,16850000.0,77.0,Ir,I,0.505725,1.5,5.761776,1.5,CB',1.0,4.0
5307,236.0731,5.250388,33470000.0,77.0,Ir,I,1.224664,2.5,6.4749989999999995,3.5,CB',1.0,8.0
5346,236.3048,5.245241,96340000.0,77.0,Ir,I,0.784071,3.5,6.02926,3.5,CB',1.0,8.0
5542,237.2777,5.223735,16370000.0,77.0,Ir,I,0.0,4.5,5.223682,5.5,CB',1.0,12.0
5646,237.7283,5.213836,8947000.0,77.0,Ir,I,0.8811100000000001,3.5,6.094893,4.5,CB',1.0,10.0
5657,237.7971,5.212326999999999,14900000.0,77.0,Ir,I,0.8811100000000001,3.5,6.0933839999999995,2.5,CB',1.0,6.0
5692,237.9381,5.209237,16320000.0,77.0,Ir,I,0.505725,1.5,5.71491,2.5,CB',1.0,6.0
5741,238.1628,5.204325,18200000.0,77.0,Ir,I,0.784071,3.5,5.9883440000000006,4.5,CB',1.0,10.0
5770,238.3174,5.200947,21360000.0,77.0,Ir,I,1.622698,3.5,6.823592999999999,4.5,CB',1.0,10.0
5784,238.379,5.199605,9576000.0,77.0,Ir,I,1.224664,2.5,6.424216,2.5,CB',1.0,6.0
5841,238.6896,5.192838,74140000.0,77.0,Ir,I,0.784071,3.5,5.976857,2.5,CB',1.0,6.0
5915,239.0618,5.184754,34420000.0,77.0,Ir,I,0.35149400000000003,4.5,5.536196,4.5,CB',1.0,10.0
5924,239.1176,5.183545,50530000.0,77.0,Ir,I,0.35149400000000003,4.5,5.534987,3.5,CB',1.0,8.0
6137,240.1775,5.160671,12870000.0,77.0,Ir,I,1.622698,3.5,6.783317,3.5,CB',1.0,8.0
6278,240.7593,5.1482019999999995,14370000.0,77.0,Ir,I,0.8811100000000001,3.5,6.02926,3.5,CB',1.0,8.0
6318,240.9373,5.144399,11270000.0,77.0,Ir,I,0.505725,1.5,5.650073,2.5,CB',1.0,6.0
6334,241.0174,5.142688,46420000.0,77.0,Ir,I,1.622698,3.5,6.765333999999999,3.5,CB',1.0,8.0
6352,241.0734,5.141495,41350000.0,77.0,Ir,I,1.514901,2.5,6.656345,3.5,CB',1.0,8.0
6404,241.3314,5.135999,62750000.0,77.0,Ir,I,0.505725,1.5,5.641673,0.5,CB',1.0,2.0
6459,241.5862,5.1305819999999995,17560000.0,77.0,Ir,I,0.7172029999999999,2.5,5.847733,3.5,CB',1.0,8.0
6518,241.8109,5.125813,44040000.0,77.0,Ir,I,0.8811100000000001,3.5,6.006872,3.5,CB',1.0,8.0
6669,242.4323,5.112676,24350000.0,77.0,Ir,I,1.311592,1.5,6.424216,2.5,CB',1.0,6.0
6680,242.466,5.111967,16270000.0,77.0,Ir,I,1.224664,2.5,6.336579,3.5,CB',1.0,8.0
6686,242.4889,5.111483,15360000.0,77.0,Ir,I,0.7172029999999999,2.5,5.828635,2.5,CB',1.0,6.0
6690,242.4991,5.111269,22980000.0,77.0,Ir,I,0.784071,3.5,5.895289,3.5,CB',1.0,8.0
6701,242.5661,5.109857,23770000.0,77.0,Ir,I,0.784071,3.5,5.893876000000001,2.5,CB',1.0,6.0
6725,242.6777,5.107507,2823000.0,77.0,Ir,I,0.7172029999999999,2.5,5.824659,3.5,CB',1.0,8.0
6741,242.7614,5.105746,34790000.0,77.0,Ir,I,0.505725,1.5,5.611421,1.5,CB',1.0,4.0
6843,243.1243,5.098126000000001,4594000.0,77.0,Ir,I,0.0,4.5,5.098075,4.5,GH',1.0,10.0
6860,243.1937,5.096672,62200000.0,77.0,Ir,I,0.505725,1.5,5.602346,2.5,CB',1.0,6.0
6871,243.2354,5.095798,17520000.0,77.0,Ir,I,0.8811100000000001,3.5,5.976857,2.5,CB',1.0,6.0
6876,243.2579,5.095325,17450000.0,77.0,Ir,I,1.728319,4.5,6.823592999999999,4.5,CB',1.0,10.0
6941,243.5141,5.089966,54670000.0,77.0,Ir,I,1.622698,3.5,6.712611999999999,3.5,CB',1.0,8.0
6971,243.6424,5.087285,23030000.0,77.0,Ir,I,1.622698,3.5,6.709932000000001,2.5,CB',1.0,6.0
7168,244.5344,5.068729,13400000.0,77.0,Ir,I,0.784071,3.5,5.85275,4.5,CB',1.0,10.0
7221,244.7492,5.064282,14570000.0,77.0,Ir,I,2.204352,3.5,7.2685830000000005,3.5,CB',1.0,8.0
7231,244.7767,5.063713,16340000.0,77.0,Ir,I,0.784071,3.5,5.847733,3.5,CB',1.0,8.0
7242,244.8227,5.062761,23660000.0,77.0,Ir,I,0.7172029999999999,2.5,5.779913,1.5,CB',1.0,4.0
7255,244.9026,5.061109,9393000.0,77.0,Ir,I,1.60581,2.5,6.666867999999999,3.5,CB',1.0,8.0
7338,245.281,5.053303,24070000.0,77.0,Ir,I,0.35149400000000003,4.5,5.404746,3.5,CB',1.0,8.0
7367,245.413,5.050585,18660000.0,77.0,Ir,I,1.60581,2.5,6.656345,3.5,CB',1.0,8.0
7406,245.5609,5.047544,14140000.0,77.0,Ir,I,0.0,4.5,5.047493,3.5,GH',1.0,8.0
7412,245.5867,5.0470120000000005,16650000.0,77.0,Ir,I,0.505725,1.5,5.552687000000001,1.5,CB',1.0,4.0
7434,245.703,5.044624,25180000.0,77.0,Ir,I,0.7172029999999999,2.5,5.761776,1.5,CB',1.0,4.0
7438,245.7226,5.044221,47850000.0,77.0,Ir,I,1.622698,3.5,6.666867999999999,3.5,CB',1.0,8.0
7556,246.2364,5.033697,18970000.0,77.0,Ir,I,1.622698,3.5,6.656345,3.5,CB',1.0,8.0
7575,246.3031,5.032333,33800000.0,77.0,Ir,I,1.514901,2.5,6.547184,1.5,CB',1.0,4.0
7614,246.4903,5.028512,64450000.0,77.0,Ir,I,1.4668729999999999,1.5,6.495335,0.5,CB',1.0,2.0
7620,246.5092,5.028127,22400000.0,77.0,Ir,I,1.622698,3.5,6.650774,4.5,CB',1.0,10.0
7675,246.7302,5.023623000000001,40860000.0,77.0,Ir,I,0.505725,1.5,5.529298000000001,2.5,CB',1.0,6.0
7853,247.5123,5.007751,20730000.0,77.0,Ir,I,0.0,4.5,5.007701,4.5,GHL,1.0,10.0
7920,247.8109,5.001718,4926000.0,77.0,Ir,I,0.35149400000000003,4.5,5.353162,3.5,CB',1.0,8.0
7958,247.9164,4.999589,8227000.0,77.0,Ir,I,1.728319,4.5,6.727857000000001,4.5,CB',1.0,10.0
8000,248.1183,4.995521,15190000.0,77.0,Ir,I,0.0,4.5,4.995471,3.5,GH',1.0,8.0
8096,248.538,4.987086,28250000.0,77.0,Ir,I,1.224664,2.5,6.2117,1.5,CB',1.0,4.0
8122,248.6747,4.984344,9989000.0,77.0,Ir,I,1.728319,4.5,6.712611999999999,3.5,CB',1.0,8.0
8189,248.9203,4.979426,16730000.0,77.0,Ir,I,1.996563,2.5,6.97594,2.5,CB',1.0,6.0
8295,249.3077,4.97169,37190000.0,77.0,Ir,I,0.8811100000000001,3.5,5.85275,4.5,CB',1.0,10.0
8375,249.627,4.965330000000001,9983000.0,77.0,Ir,I,0.784071,3.5,5.749352,4.5,CB',1.0,10.0
8473,250.0267,4.957393,19940000.0,77.0,Ir,I,1.4668729999999999,1.5,6.424216,2.5,CB',1.0,6.0
8538,250.2625,4.9527220000000005,32660000.0,77.0,Ir,I,1.224664,2.5,6.1773370000000005,3.5,CB',1.0,8.0
8544,250.2978,4.952024,29360000.0,77.0,Ir,I,0.0,4.5,4.951975,5.5,GHL,1.0,12.0
8572,250.4368,4.9492769999999995,56670000.0,77.0,Ir,I,2.204352,3.5,7.153579,3.5,CB',1.0,8.0
8619,250.5738,4.946571,5834000.0,77.0,Ir,I,0.784071,3.5,5.730593,4.5,CB',1.0,10.0
8651,250.66,4.944869000000001,65260000.0,77.0,Ir,I,1.5505149999999999,0.5,6.495335,0.5,CB',1.0,2.0
8690,250.7626,4.942846,73170000.0,77.0,Ir,I,1.311592,1.5,6.254388,0.5,CB',1.0,2.0
8712,250.8348,4.941424,34120000.0,77.0,Ir,I,1.60581,2.5,6.547184,1.5,CB',1.0,4.0
8741,250.9709,4.938744,41350000.0,77.0,Ir,I,1.514901,2.5,6.453596,2.5,CB',1.0,6.0
8799,251.1936,4.934365000000001,64830000.0,77.0,Ir,I,1.5505149999999999,0.5,6.484831,1.5,CB',1.0,4.0
8853,251.3708,4.930889,15670000.0,77.0,Ir,I,0.784071,3.5,5.71491,2.5,CB',1.0,6.0
8895,251.5361,4.9276480000000005,21110000.0,77.0,Ir,I,1.224664,2.5,6.152262,2.5,CB',1.0,6.0
9205,252.5053,4.908735,30990000.0,77.0,Ir,I,1.311592,1.5,6.220276999999999,2.5,CB',1.0,6.0
9257,252.6765,4.90541,15330000.0,77.0,Ir,I,2.363223,2.5,7.2685830000000005,3.5,CB',1.0,8.0
9411,253.2518,4.894267,10830000.0,77.0,Ir,I,0.7172029999999999,2.5,5.611421,1.5,CB',1.0,4.0
9422,253.3132,4.89308,236900000.0,77.0,Ir,I,1.224664,2.5,6.117694999999999,1.5,CB',1.0,4.0
9465,253.4458,4.890521,17220000.0,77.0,Ir,I,0.35149400000000003,4.5,5.241966000000001,4.5,CB',1.0,10.0
9541,253.7222,4.885192,32880000.0,77.0,Ir,I,0.7172029999999999,2.5,5.602346,2.5,CB',1.0,6.0
9554,253.7697,4.88428,93960000.0,77.0,Ir,I,1.996563,2.5,6.880794,1.5,CB',1.0,4.0
9583,253.888,4.882004,10880000.0,77.0,Ir,I,1.60581,2.5,6.487764,2.5,CB',1.0,6.0
9627,254.0406,4.87907,16290000.0,77.0,Ir,I,1.60581,2.5,6.484831,1.5,CB',1.0,4.0
9658,254.1474,4.877021,34800000.0,77.0,Ir,I,1.4668729999999999,1.5,6.343845,1.5,CB',1.0,4.0
9669,254.2014,4.875984,24570000.0,77.0,Ir,I,0.7172029999999999,2.5,5.593138,3.5,CB',1.0,8.0
9742,254.3969,4.872237,94120000.0,77.0,Ir,I,0.35149400000000003,4.5,5.223682,5.5,CB',1.0,12.0
9790,254.5536,4.869238,28130000.0,77.0,Ir,I,1.60581,2.5,6.4749989999999995,3.5,CB',1.0,8.0
9808,254.6032,4.868291,39100000.0,77.0,Ir,I,0.8811100000000001,3.5,5.749352,4.5,CB',1.0,10.0
9845,254.7204,4.86605,8009000.0,77.0,Ir,I,0.784071,3.5,5.650073,2.5,CB',1.0,6.0
9854,254.7694,4.865116,32620000.0,77.0,Ir,I,1.622698,3.5,6.487764,2.5,CB',1.0,6.0
9998,255.1401,4.858046,40480000.0,77.0,Ir,I,1.60581,2.5,6.463807,3.5,CB',1.0,8.0
10072,255.4396,4.85235,36830000.0,77.0,Ir,I,1.622698,3.5,6.4749989999999995,3.5,CB',1.0,8.0
10104,255.5343,4.8505519999999995,10160000.0,77.0,Ir,I,0.505725,1.5,5.356229,1.5,CB',1.0,4.0
10121,255.5881,4.849532,7921000.0,77.0,Ir,I,0.8811100000000001,3.5,5.730593,4.5,CB',1.0,10.0
10339,256.3281,4.835533,11070000.0,77.0,Ir,I,0.7172029999999999,2.5,5.552687000000001,1.5,CB',1.0,4.0
10364,256.4174,4.833849,70440000.0,77.0,Ir,I,0.8811100000000001,3.5,5.71491,2.5,CB',1.0,6.0
10525,256.988,4.823117,38990000.0,77.0,Ir,I,1.60581,2.5,6.428878,3.5,CB',1.0,8.0
10534,257.0621,4.821727,17410000.0,77.0,Ir,I,1.514901,2.5,6.336579,3.5,CB',1.0,8.0
10582,257.2069,4.819012,36500000.0,77.0,Ir,I,1.311592,1.5,6.130555,0.5,CB',1.0,2.0
10594,257.2366,4.818455,17990000.0,77.0,Ir,I,1.60581,2.5,6.424216,2.5,CB',1.0,6.0
10600,257.2699,4.817832,8511000.0,77.0,Ir,I,0.7172029999999999,2.5,5.534987,3.5,CB',1.0,8.0
10719,257.7263,4.8093,39670000.0,77.0,Ir,I,0.8811100000000001,3.5,5.690361,3.5,CB',1.0,8.0
10777,257.891,4.806229,13740000.0,77.0,Ir,I,1.622698,3.5,6.428878,3.5,CB',1.0,8.0
10900,258.3174,4.798297,25560000.0,77.0,Ir,I,2.299547,1.5,7.097797,1.5,CB',1.0,4.0
11126,259.2044,4.781877,4503000.0,77.0,Ir,I,0.0,4.5,4.781829,3.5,GH',1.0,8.0
11318,259.9038,4.769011,48540000.0,77.0,Ir,I,0.8811100000000001,3.5,5.650073,2.5,CB',1.0,6.0
11390,260.2035,4.763517,81500000.0,77.0,Ir,I,2.053849,1.5,6.817317999999999,1.5,CB',1.0,4.0
11472,260.4552,4.758915,26450000.0,77.0,Ir,I,1.622698,3.5,6.381565,4.5,CB',1.0,10.0
11563,260.7514,4.753508999999999,43980000.0,77.0,Ir,I,1.622698,3.5,6.3761589999999995,2.5,CB',1.0,6.0
11581,260.8248,4.752172,21440000.0,77.0,Ir,I,0.784071,3.5,5.536196,4.5,CB',1.0,10.0
11672,261.1294,4.746629,19060000.0,77.0,Ir,I,0.35149400000000003,4.5,5.098075,4.5,GH',1.0,10.0
11695,261.2039,4.745275,3563000.0,77.0,Ir,I,0.784071,3.5,5.529298000000001,2.5,CB',1.0,6.0
11779,261.4983,4.739932,1145000.0,77.0,Ir,I,0.0,4.5,4.739885,4.5,GH',1.0,10.0
11810,261.5884,4.738301,37720000.0,77.0,Ir,I,1.996563,2.5,6.734817,1.5,CB',1.0,4.0
11862,261.778,4.734869000000001,8508000.0,77.0,Ir,I,0.505725,1.5,5.240547,2.5,CB',1.0,6.0
11909,261.9883,4.731069000000001,1271000.0,77.0,Ir,I,0.0,4.5,4.731021,3.5,GH',1.0,8.0
12056,262.5313,4.721284,14700000.0,77.0,Ir,I,0.8811100000000001,3.5,5.602346,2.5,CB',1.0,6.0
12064,262.5685,4.720614,15040000.0,77.0,Ir,I,2.053849,1.5,6.774416,2.5,CB',1.0,6.0
12097,262.6757,4.718689,32580000.0,77.0,Ir,I,1.5505149999999999,0.5,6.269157,1.5,CB',1.0,4.0
12130,262.8201,4.716096,13230000.0,77.0,Ir,I,1.996563,2.5,6.712611999999999,3.5,CB',1.0,8.0
12158,262.9409,4.713929,7097000.0,77.0,Ir,I,1.622698,3.5,6.336579,3.5,CB',1.0,8.0
12281,263.4162,4.705424,136300000.0,77.0,Ir,I,1.514901,2.5,6.220276999999999,2.5,CB',1.0,6.0
12301,263.527,4.703446,12060000.0,77.0,Ir,I,0.505725,1.5,5.209124,0.5,CB',1.0,2.0
12404,263.8973,4.696846,9527000.0,77.0,Ir,I,1.514901,2.5,6.2117,1.5,CB',1.0,4.0
12417,263.9422,4.696046,2804000.0,77.0,Ir,I,0.35149400000000003,4.5,5.047493,3.5,GH',1.0,8.0
12423,263.9708,4.695538,46850000.0,77.0,Ir,I,0.0,4.5,4.6954910000000005,4.5,GHL,1.0,10.0
12443,264.0373,4.694357,10930000.0,77.0,Ir,I,1.311592,1.5,6.005901000000001,1.5,CB',1.0,4.0
12544,264.4184,4.687591,5837000.0,77.0,Ir,I,0.7172029999999999,2.5,5.404746,3.5,CB',1.0,8.0
12780,265.3763,4.670672,14230000.0,77.0,Ir,I,1.224664,2.5,5.895289,3.5,CB',1.0,8.0
12785,265.3945,4.670351999999999,17910000.0,77.0,Ir,I,1.996563,2.5,6.666867999999999,3.5,CB',1.0,8.0
12844,265.6812,4.665312,13710000.0,77.0,Ir,I,1.311592,1.5,5.976857,2.5,CB',1.0,6.0
12865,265.7714,4.663728,17130000.0,77.0,Ir,I,1.4668729999999999,1.5,6.130555,0.5,CB',1.0,2.0
12979,266.1981,4.6562529999999995,25320000.0,77.0,Ir,I,0.35149400000000003,4.5,5.007701,4.5,GHL,1.0,10.0
12993,266.2622,4.655133,16720000.0,77.0,Ir,I,0.8811100000000001,3.5,5.536196,4.5,CB',1.0,10.0
13010,266.3313,4.653924,4786000.0,77.0,Ir,I,0.8811100000000001,3.5,5.534987,3.5,CB',1.0,8.0
13046,266.4785,4.651353,39760000.0,77.0,Ir,I,0.0,4.5,4.651307,3.5,GHL,1.0,8.0
13170,266.8991,4.644023000000001,1615000.0,77.0,Ir,I,0.35149400000000003,4.5,4.995471,3.5,GH',1.0,8.0
13181,266.9463,4.643204,27090000.0,77.0,Ir,I,1.996563,2.5,6.639721000000001,2.5,CB',1.0,6.0
13196,266.9912,4.642423,16700000.0,77.0,Ir,I,0.505725,1.5,5.148102,2.5,CB',1.0,6.0
13245,267.184,4.639073000000001,40570000.0,77.0,Ir,I,0.7172029999999999,2.5,5.356229,1.5,CB',1.0,4.0
13291,267.3608,4.636005,12780000.0,77.0,Ir,I,0.7172029999999999,2.5,5.353162,3.5,CB',1.0,8.0
13378,267.6828,4.630428,23370000.0,77.0,Ir,I,1.622698,3.5,6.253080000000001,4.5,CB',1.0,10.0
13431,267.9068,4.626558,23430000.0,77.0,Ir,I,1.4668729999999999,1.5,6.0933839999999995,2.5,CB',1.0,6.0
13494,268.1091,4.623066000000001,2748000.0,77.0,Ir,I,0.7172029999999999,2.5,5.340223,2.5,CB',1.0,6.0
13528,268.2452,4.620722,1185000.0,77.0,Ir,I,0.784071,3.5,5.404746,3.5,CB',1.0,8.0
13568,268.4036,4.617994,30500000.0,77.0,Ir,I,1.311592,1.5,5.929539,1.5,CB',1.0,4.0
13755,269.1063,4.605936,24660000.0,77.0,Ir,I,1.60581,2.5,6.2117,1.5,CB',1.0,4.0
13790,269.2339,4.603754,24690000.0,77.0,Ir,I,0.505725,1.5,5.109433,0.5,CB',1.0,2.0
13811,269.2873,4.6028400000000005,10500000.0,77.0,Ir,I,1.514901,2.5,6.117694999999999,1.5,CB',1.0,4.0
13831,269.3488,4.601789,11750000.0,77.0,Ir,I,2.204352,3.5,6.806095,3.5,CB',1.0,8.0
13856,269.4227,4.600527,46110000.0,77.0,Ir,I,0.35149400000000003,4.5,4.951975,5.5,GHL,1.0,12.0
14141,270.4021,4.583866,2196000.0,77.0,Ir,I,0.35149400000000003,4.5,4.935314,2.5,CB',1.0,6.0
14153,270.4927,4.582331,7268000.0,77.0,Ir,I,1.311592,1.5,5.893876000000001,2.5,CB',1.0,6.0
14208,270.6888,4.57901,11640000.0,77.0,Ir,I,2.204352,3.5,6.783317,3.5,CB',1.0,8.0
14358,271.2738,4.569136,6367000.0,77.0,Ir,I,0.784071,3.5,5.353162,3.5,CB',1.0,8.0
14567,272.0442,4.556197,3519000.0,77.0,Ir,I,0.784071,3.5,5.340223,2.5,CB',1.0,6.0
14655,272.3749,4.5506660000000005,23520000.0,77.0,Ir,I,1.996563,2.5,6.547184,1.5,CB',1.0,4.0
14812,272.9557,4.540984,20450000.0,77.0,Ir,I,1.311592,1.5,5.852530000000001,0.5,CB',1.0,2.0
14837,273.0706,4.539073,17750000.0,77.0,Ir,I,1.4668729999999999,1.5,6.005901000000001,1.5,CB',1.0,4.0
14879,273.2668,4.535814,23910000.0,77.0,Ir,I,1.514901,2.5,6.050669,1.5,CB',1.0,4.0
15082,273.9316,4.524806,6585000.0,77.0,Ir,I,1.728319,4.5,6.253080000000001,4.5,CB',1.0,10.0
15103,273.9997,4.523682,1532000.0,77.0,Ir,I,0.8811100000000001,3.5,5.404746,3.5,CB',1.0,8.0
15108,274.0175,4.523389,1413000.0,77.0,Ir,I,0.7172029999999999,2.5,5.240547,2.5,CB',1.0,6.0
15218,274.3997,4.517087999999999,21330000.0,77.0,Ir,I,1.311592,1.5,5.828635,2.5,CB',1.0,6.0
15312,274.7512,4.511309,10620000.0,77.0,Ir,I,2.4292569999999998,5.5,6.940521,4.5,CB',1.0,10.0
15365,274.9343,4.508305,11020000.0,77.0,Ir,I,2.204352,3.5,6.712611999999999,3.5,CB',1.0,8.0
15595,275.8223,4.493793,4683000.0,77.0,Ir,I,0.7172029999999999,2.5,5.21095,1.5,CB',1.0,4.0
15639,275.9314,4.4920160000000005,11200000.0,77.0,Ir,I,1.514901,2.5,6.006872,3.5,CB',1.0,8.0
15659,275.991,4.491045,18200000.0,77.0,Ir,I,1.514901,2.5,6.005901000000001,1.5,CB',1.0,4.0
15907,276.7654,4.4784809999999995,8842000.0,77.0,Ir,I,1.996563,2.5,6.4749989999999995,3.5,CB',1.0,8.0
16041,277.1605,4.472097,3276000.0,77.0,Ir,I,0.8811100000000001,3.5,5.353162,3.5,CB',1.0,8.0
16064,277.2451,4.470731,83170000.0,77.0,Ir,I,1.622698,3.5,6.0933839999999995,2.5,CB',1.0,6.0
16122,277.4588,4.467288,8798000.0,77.0,Ir,I,1.996563,2.5,6.463807,3.5,CB',1.0,8.0
16157,277.5549,4.465742,21090000.0,77.0,Ir,I,1.224664,2.5,5.690361,3.5,CB',1.0,8.0
16209,277.7434,4.462711,23690000.0,77.0,Ir,I,1.4668729999999999,1.5,5.929539,1.5,CB',1.0,4.0
16341,278.1293,4.456519999999999,21740000.0,77.0,Ir,I,0.784071,3.5,5.240547,2.5,CB',1.0,6.0
16465,278.5224,4.450229,67930000.0,77.0,Ir,I,1.311592,1.5,5.761776,1.5,CB',1.0,4.0
16773,279.6454,4.432359,24980000.0,77.0,Ir,I,1.996563,2.5,6.428878,3.5,CB',1.0,8.0
16804,279.7348,4.430943,18720000.0,77.0,Ir,I,0.7172029999999999,2.5,5.148102,2.5,CB',1.0,6.0
16813,279.7704,4.430379,16110000.0,77.0,Ir,I,0.35149400000000003,4.5,4.781829,3.5,GH',1.0,8.0
16830,279.8176,4.429633,7979000.0,77.0,Ir,I,0.505725,1.5,4.935314,2.5,CB',1.0,6.0
16869,279.9735,4.4271650000000005,54780000.0,77.0,Ir,I,2.0682139999999998,0.5,6.495335,0.5,CB',1.0,2.0
16896,280.0818,4.425453,43770000.0,77.0,Ir,I,1.224664,2.5,5.650073,2.5,CB',1.0,6.0
17271,281.2798,4.406606,7120000.0,77.0,Ir,I,1.622698,3.5,6.02926,3.5,CB',1.0,8.0
17589,282.3179,4.390404,3085000.0,77.0,Ir,I,0.0,4.5,4.39036,3.5,GH',1.0,8.0
17614,282.4446,4.388434999999999,11270000.0,77.0,Ir,I,0.35149400000000003,4.5,4.739885,4.5,GH',1.0,10.0
17774,283.0162,4.379571,687300.0,77.0,Ir,I,0.35149400000000003,4.5,4.731021,3.5,GH',1.0,8.0
17785,283.0519,4.379019,10050000.0,77.0,Ir,I,1.514901,2.5,5.893876000000001,2.5,CB',1.0,6.0
17806,283.1355,4.377726,3906000.0,77.0,Ir,I,1.224664,2.5,5.602346,2.5,CB',1.0,6.0
17915,283.5654,4.371091000000001,23460000.0,77.0,Ir,I,1.60581,2.5,5.976857,2.5,CB',1.0,6.0
17930,283.6397,4.3699449999999995,15140000.0,77.0,Ir,I,0.505725,1.5,4.8756260000000005,2.5,CB',1.0,6.0
17967,283.7324,4.368518,11610000.0,77.0,Ir,I,1.224664,2.5,5.593138,3.5,CB',1.0,8.0
18015,283.9162,4.36569,143700000.0,77.0,Ir,I,1.622698,3.5,5.9883440000000006,4.5,CB',1.0,10.0
18041,284.0213,4.364074,28120000.0,77.0,Ir,I,0.784071,3.5,5.148102,2.5,CB',1.0,6.0
18097,284.228,4.3609,4232000.0,77.0,Ir,I,0.8811100000000001,3.5,5.241966000000001,4.5,CB',1.0,10.0
18283,284.9733,4.349496,22090000.0,77.0,Ir,I,0.0,4.5,4.349451999999999,4.5,GHL,1.0,10.0
18458,285.5826,4.340217,21590000.0,77.0,Ir,I,2.299547,1.5,6.639721000000001,2.5,CB',1.0,6.0
18581,286.0664,4.332876000000001,5222000.0,77.0,Ir,I,1.514901,2.5,5.847733,3.5,CB',1.0,8.0
18651,286.3843,4.328066000000001,14390000.0,77.0,Ir,I,1.224664,2.5,5.552687000000001,1.5,CB',1.0,4.0
18719,286.6687,4.323773,16480000.0,77.0,Ir,I,1.60581,2.5,5.929539,1.5,CB',1.0,4.0
18735,286.7629,4.322353,13510000.0,77.0,Ir,I,2.053849,1.5,6.3761589999999995,2.5,CB',1.0,6.0
18791,286.9703,4.319229,25540000.0,77.0,Ir,I,1.311592,1.5,5.630776999999999,0.5,CB',1.0,2.0
18937,287.5604,4.310366,24170000.0,77.0,Ir,I,1.224664,2.5,5.534987,3.5,CB',1.0,8.0
18940,287.5981,4.309801,47120000.0,77.0,Ir,I,1.514901,2.5,5.824659,3.5,CB',1.0,8.0
18981,287.7674,4.3072669999999995,10810000.0,77.0,Ir,I,0.7172029999999999,2.5,5.024426,1.5,CB',1.0,4.0
19032,287.9404,4.304678,11410000.0,77.0,Ir,I,1.224664,2.5,5.529298000000001,2.5,CB',1.0,6.0
19082,288.1158,4.302058000000001,28430000.0,77.0,Ir,I,1.5505149999999999,0.5,5.852530000000001,0.5,CB',1.0,2.0
19123,288.2633,4.299856,7099000.0,77.0,Ir,I,0.35149400000000003,4.5,4.651307,3.5,GHL,1.0,8.0
19484,289.7151,4.278311,8450000.0,77.0,Ir,I,0.7172029999999999,2.5,4.995471,3.5,GH',1.0,8.0
19559,289.963,4.274652,21680000.0,77.0,Ir,I,1.996563,2.5,6.271173,3.5,CB',1.0,8.0
19574,290.039,4.2735330000000005,9767000.0,77.0,Ir,I,2.4292569999999998,5.5,6.7027470000000005,5.5,CB',1.0,12.0
19597,290.196,4.271222,49020000.0,77.0,Ir,I,1.622698,3.5,5.893876000000001,2.5,CB',1.0,6.0
19666,290.4807,4.267035,9109000.0,77.0,Ir,I,0.8811100000000001,3.5,5.148102,2.5,CB',1.0,6.0
19692,290.5633,4.265822,923300.0,77.0,Ir,I,0.505725,1.5,4.771505,1.5,CB',1.0,4.0
19729,290.7239,4.263465,3835000.0,77.0,Ir,I,0.784071,3.5,5.047493,3.5,GH',1.0,8.0
19787,290.9558,4.260068,9252000.0,77.0,Ir,I,1.728319,4.5,5.9883440000000006,4.5,CB',1.0,10.0
19967,291.6369,4.250119000000001,6855000.0,77.0,Ir,I,0.505725,1.5,4.755802,2.5,GH',1.0,6.0
20028,291.8567,4.246918,51460000.0,77.0,Ir,I,1.514901,2.5,5.761776,1.5,CB',1.0,4.0
20196,292.4792,4.237879,14540000.0,77.0,Ir,I,0.0,4.5,4.237837,5.5,GHL,1.0,12.0
20344,293.0629,4.22944,18960000.0,77.0,Ir,I,1.5505149999999999,0.5,5.779913,1.5,CB',1.0,4.0
20449,293.4631,4.2236720000000005,19900000.0,77.0,Ir,I,0.784071,3.5,5.007701,4.5,GHL,1.0,10.0
20494,293.6689,4.220712000000001,36070000.0,77.0,Ir,I,0.505725,1.5,4.726395,0.5,CB',1.0,2.0
20538,293.8471,4.218153,5364000.0,77.0,Ir,I,0.7172029999999999,2.5,4.935314,2.5,CB',1.0,6.0
20557,293.9269,4.217008,3527000.0,77.0,Ir,I,0.8811100000000001,3.5,5.098075,4.5,GH',1.0,10.0
20588,294.0544,4.215179,66830000.0,77.0,Ir,I,1.996563,2.5,6.2117,1.5,CB',1.0,4.0
20609,294.1081,4.21441,5186000.0,77.0,Ir,I,1.311592,1.5,5.5259599999999995,1.5,CB',1.0,4.0
20676,294.3153,4.211442,35740000.0,77.0,Ir,I,0.784071,3.5,4.995471,3.5,GH',1.0,8.0
20774,294.6976,4.205979,39530000.0,77.0,Ir,I,1.622698,3.5,5.828635,2.5,CB',1.0,6.0
20855,294.9765,4.2020029999999995,25780000.0,77.0,Ir,I,1.622698,3.5,5.824659,3.5,CB',1.0,8.0
20902,295.1216,4.199937,2889000.0,77.0,Ir,I,0.0,4.5,4.199895,3.5,GHL,1.0,8.0
21189,296.2995,4.183241000000001,17070000.0,77.0,Ir,I,1.4668729999999999,1.5,5.650073,2.5,CB',1.0,6.0
21258,296.5205,4.180124,2326000.0,77.0,Ir,I,1.224664,2.5,5.404746,3.5,CB',1.0,8.0
21344,296.8487,4.175502,3131000.0,77.0,Ir,I,1.514901,2.5,5.690361,3.5,CB',1.0,8.0
21490,297.4098,4.167626,320000.0,77.0,Ir,I,0.505725,1.5,4.673309,1.5,GH',1.0,4.0
21505,297.4923,4.1664699999999995,68990000.0,77.0,Ir,I,2.053849,1.5,6.220276999999999,2.5,CB',1.0,6.0
21662,298.0649,4.1584650000000005,8455000.0,77.0,Ir,I,0.7172029999999999,2.5,4.8756260000000005,2.5,CB',1.0,6.0
21798,298.5806,4.1512839999999995,3354000.0,77.0,Ir,I,0.784071,3.5,4.935314,2.5,CB',1.0,6.0
21930,299.0629,4.144589,29530000.0,77.0,Ir,I,1.4668729999999999,1.5,5.611421,1.5,CB',1.0,4.0
22064,299.6081,4.137048,2708000.0,77.0,Ir,I,0.505725,1.5,4.642732,2.5,GH',1.0,6.0
22092,299.7192,4.135515,6955000.0,77.0,Ir,I,1.4668729999999999,1.5,5.602346,2.5,CB',1.0,6.0
22097,299.741,4.135212999999999,20060000.0,77.0,Ir,I,1.514901,2.5,5.650073,2.5,CB',1.0,6.0
22214,300.2256,4.128539,9460000.0,77.0,Ir,I,1.224664,2.5,5.353162,3.5,CB',1.0,8.0
22252,300.3643,4.126632,5869000.0,77.0,Ir,I,0.8811100000000001,3.5,5.007701,4.5,GHL,1.0,10.0
22292,300.5216,4.124472,8874000.0,77.0,Ir,I,1.728319,4.5,5.85275,4.5,CB',1.0,10.0
22404,300.9903,4.11805,12840000.0,77.0,Ir,I,2.053849,1.5,6.171858,2.5,CB',1.0,6.0
22443,301.1695,4.1156,9292000.0,77.0,Ir,I,1.224664,2.5,5.340223,2.5,CB',1.0,6.0
22557,301.6429,4.109141999999999,16860000.0,77.0,Ir,I,1.60581,2.5,5.71491,2.5,CB',1.0,6.0
22583,301.7314,4.1079360000000005,23150000.0,77.0,Ir,I,1.622698,3.5,5.730593,4.5,CB',1.0,10.0
22623,301.9224,4.105338,95720000.0,77.0,Ir,I,3.2617130000000003,4.5,7.3670100000000005,3.5,CB',1.0,8.0
22650,302.0006,4.104274,38430000.0,77.0,Ir,I,3.2617130000000003,4.5,7.365946000000001,5.5,CB',1.0,12.0
22705,302.2412,4.101007,38370000.0,77.0,Ir,I,3.2617130000000003,4.5,7.362678999999999,5.5,CB',1.0,12.0
22785,302.5826,4.096381,14100000.0,77.0,Ir,I,1.728319,4.5,5.824659,3.5,CB',1.0,8.0
22860,302.9364,4.091596,7465000.0,77.0,Ir,I,0.784071,3.5,4.8756260000000005,2.5,CB',1.0,6.0
22935,303.241,4.087486,7115000.0,77.0,Ir,I,1.514901,2.5,5.602346,2.5,CB',1.0,6.0
22965,303.3621,4.0858550000000005,5727000.0,77.0,Ir,I,1.4668729999999999,1.5,5.552687000000001,1.5,CB',1.0,4.0
23053,303.7749,4.080303,31460000.0,77.0,Ir,I,1.5505149999999999,0.5,5.630776999999999,0.5,CB',1.0,2.0
23098,303.9258,4.078278,24850000.0,77.0,Ir,I,1.514901,2.5,5.593138,3.5,CB',1.0,8.0
23132,304.0469,4.076651999999999,22900000.0,77.0,Ir,I,2.299547,1.5,6.3761589999999995,2.5,CB',1.0,6.0
23298,304.7158,4.067704,28380000.0,77.0,Ir,I,1.622698,3.5,5.690361,3.5,CB',1.0,8.0
23351,304.9435,4.064667,3253000.0,77.0,Ir,I,0.7172029999999999,2.5,4.781829,3.5,GH',1.0,8.0
23406,305.2163,4.061033999999999,18470000.0,77.0,Ir,I,2.363223,2.5,6.424216,2.5,CB',1.0,6.0
23432,305.3597,4.059126999999999,10770000.0,77.0,Ir,I,1.4668729999999999,1.5,5.5259599999999995,1.5,CB',1.0,4.0
23516,305.7275,4.054245,6840000.0,77.0,Ir,I,0.8811100000000001,3.5,4.935314,2.5,CB',1.0,6.0
23611,306.141,4.048768,14860000.0,77.0,Ir,I,2.204352,3.5,6.253080000000001,4.5,CB',1.0,10.0
23689,306.4506,4.044678,4888000.0,77.0,Ir,I,1.311592,1.5,5.356229,1.5,CB',1.0,4.0
23794,306.8886,4.038906,10640000.0,77.0,Ir,I,0.35149400000000003,4.5,4.39036,3.5,GH',1.0,8.0
23801,306.9088,4.03864,4283000.0,77.0,Ir,I,0.7172029999999999,2.5,4.755802,2.5,GH',1.0,6.0
23816,306.9707,4.037826,36110000.0,77.0,Ir,I,1.514901,2.5,5.552687000000001,1.5,CB',1.0,4.0
23982,307.6683,4.028671,13480000.0,77.0,Ir,I,1.311592,1.5,5.340223,2.5,CB',1.0,6.0
24159,308.3223,4.020126,29700000.0,77.0,Ir,I,1.514901,2.5,5.534987,3.5,CB',1.0,8.0
24217,308.645,4.015923,15020000.0,77.0,Ir,I,1.224664,2.5,5.240547,2.5,CB',1.0,6.0
24257,308.8037,4.013859,5642000.0,77.0,Ir,I,0.7172029999999999,2.5,4.731021,3.5,GH',1.0,8.0
24416,309.4003,4.00612,1002000.0,77.0,Ir,I,0.505725,1.5,4.511805000000001,1.5,GH',1.0,4.0
24573,310.0288,3.9979989999999996,4798000.0,77.0,Ir,I,0.35149400000000003,4.5,4.349451999999999,4.5,GHL,1.0,10.0
24579,310.0444,3.9977980000000004,7378000.0,77.0,Ir,I,0.784071,3.5,4.781829,3.5,GH',1.0,8.0
24909,311.4048,3.9803330000000003,19460000.0,77.0,Ir,I,1.996563,2.5,5.976857,2.5,CB',1.0,6.0
24924,311.4553,3.979688,13150000.0,77.0,Ir,I,1.622698,3.5,5.602346,2.5,CB',1.0,6.0
25068,312.0762,3.971771,7892000.0,77.0,Ir,I,0.784071,3.5,4.755802,2.5,GH',1.0,6.0
25086,312.1776,3.9704800000000002,21480000.0,77.0,Ir,I,1.622698,3.5,5.593138,3.5,CB',1.0,8.0
25098,312.2383,3.9697089999999995,8049000.0,77.0,Ir,I,1.728319,4.5,5.697988,5.5,CB',1.0,12.0
25250,312.8393,3.962082,9336000.0,77.0,Ir,I,1.728319,4.5,5.690361,3.5,CB',1.0,8.0
25358,313.3088,3.956146,1202000.0,77.0,Ir,I,0.7172029999999999,2.5,4.673309,1.5,GH',1.0,4.0
25364,313.3319,3.955853,46970000.0,77.0,Ir,I,0.784071,3.5,4.739885,4.5,GH',1.0,10.0
25556,314.0414,3.946917,13740000.0,77.0,Ir,I,1.60581,2.5,5.552687000000001,1.5,CB',1.0,4.0
25670,314.5085,3.9410559999999997,58700000.0,77.0,Ir,I,3.5276370000000004,5.5,7.468653,4.5,CB',1.0,10.0
25793,315.0611,3.9341440000000003,3119000.0,77.0,Ir,I,0.7172029999999999,2.5,4.651307,3.5,GH',1.0,8.0
25878,315.4562,3.9292160000000003,6651000.0,77.0,Ir,I,1.60581,2.5,5.534987,3.5,CB',1.0,8.0
25880,315.474,3.9289940000000003,12240000.0,77.0,Ir,I,1.311592,1.5,5.240547,2.5,CB',1.0,6.0
25990,315.9135,3.9235279999999997,23800000.0,77.0,Ir,I,1.60581,2.5,5.529298000000001,2.5,CB',1.0,6.0
26209,316.8179,3.912328,13160000.0,77.0,Ir,I,1.622698,3.5,5.534987,3.5,CB',1.0,8.0
26224,316.8883,3.911459,5522000.0,77.0,Ir,I,0.784071,3.5,4.6954910000000005,4.5,GHL,1.0,10.0
26419,317.7577,3.900758,5452000.0,77.0,Ir,I,0.8811100000000001,3.5,4.781829,3.5,GH',1.0,8.0
26488,318.0354,3.8973519999999997,47950000.0,77.0,Ir,I,1.996563,2.5,5.893876000000001,2.5,CB',1.0,6.0
26956,319.8922,3.8747309999999997,8624000.0,77.0,Ir,I,0.8811100000000001,3.5,4.755802,2.5,GH',1.0,6.0
27241,321.2118,3.8588139999999997,8517000.0,77.0,Ir,I,0.8811100000000001,3.5,4.739885,4.5,GH',1.0,10.0
27271,321.3551,3.857093,34810000.0,77.0,Ir,I,2.363223,2.5,6.220276999999999,2.5,CB',1.0,6.0
27375,321.8461,3.851208,13660000.0,77.0,Ir,I,1.996563,2.5,5.847733,3.5,CB',1.0,8.0
27397,321.9513,3.84995,5562000.0,77.0,Ir,I,0.8811100000000001,3.5,4.731021,3.5,GH',1.0,8.0
27423,322.0776,3.84844,24820000.0,77.0,Ir,I,0.35149400000000003,4.5,4.199895,3.5,GHL,1.0,8.0
27432,322.1275,3.8478449999999995,57770000.0,77.0,Ir,I,3.5276370000000004,5.5,7.375442999999999,6.5,CB',1.0,14.0
27602,322.9286,3.8382989999999997,19170000.0,77.0,Ir,I,1.514901,2.5,5.353162,3.5,CB',1.0,8.0
27640,323.076,3.8365480000000005,5335000.0,77.0,Ir,I,1.311592,1.5,5.148102,2.5,CB',1.0,6.0
27670,323.1996,3.8350800000000005,40340000.0,77.0,Ir,I,3.5276370000000004,5.5,7.362678999999999,5.5,CB',1.0,12.0
27905,324.1513,3.8238209999999997,3121000.0,77.0,Ir,I,0.505725,1.5,4.329508000000001,2.5,GH',1.0,6.0
28181,325.4406,3.808673,37220000.0,77.0,Ir,I,2.363223,2.5,6.171858,2.5,CB',1.0,6.0
28355,326.2006,3.7998,12160000.0,77.0,Ir,I,1.224664,2.5,5.024426,1.5,CB',1.0,4.0
28455,326.6442,3.7946400000000002,5803000.0,77.0,Ir,I,0.7172029999999999,2.5,4.511805000000001,1.5,GH',1.0,4.0
28709,327.7284,3.782087,11740000.0,77.0,Ir,I,1.622698,3.5,5.404746,3.5,CB',1.0,8.0
28943,328.7055,3.7708449999999996,1194000.0,77.0,Ir,I,1.224664,2.5,4.995471,3.5,GH',1.0,8.0
28959,328.7587,3.770235,1687000.0,77.0,Ir,I,0.8811100000000001,3.5,4.651307,3.5,GH',1.0,8.0
29496,331.0523,3.7441150000000003,15210000.0,77.0,Ir,I,1.4668729999999999,1.5,5.21095,1.5,CB',1.0,4.0
29534,331.2138,3.742288,15230000.0,77.0,Ir,I,1.4668729999999999,1.5,5.209124,0.5,CB',1.0,2.0
29829,332.2604,3.7305010000000003,13120000.0,77.0,Ir,I,1.622698,3.5,5.353162,3.5,CB',1.0,8.0
29835,332.2873,3.730199,33320000.0,77.0,Ir,I,2.363223,2.5,6.0933839999999995,2.5,CB',1.0,6.0
30138,333.4169,3.7175620000000005,11210000.0,77.0,Ir,I,1.622698,3.5,5.340223,2.5,CB',1.0,6.0
30254,333.8381,3.712872,3756000.0,77.0,Ir,I,1.311592,1.5,5.024426,1.5,CB',1.0,4.0
30985,336.8483,3.679693,1227000.0,77.0,Ir,I,0.35149400000000003,4.5,4.03115,4.5,GH',1.0,10.0
32249,341.9421,3.624879,4101000.0,77.0,Ir,I,1.728319,4.5,5.353162,3.5,CB',1.0,8.0
32678,343.7015,3.606325,4880000.0,77.0,Ir,I,0.784071,3.5,4.39036,3.5,GH',1.0,8.0
32691,343.7497,3.6058190000000003,15970000.0,77.0,Ir,I,1.996563,2.5,5.602346,2.5,CB',1.0,6.0
32977,344.8966,3.593828,1780000.0,77.0,Ir,I,0.505725,1.5,4.099518,2.5,GH',1.0,6.0
33645,347.645,3.5654169999999996,633300.0,77.0,Ir,I,0.784071,3.5,4.349451999999999,4.5,GH',1.0,10.0
33679,347.7764,3.5640709999999998,1876000.0,77.0,Ir,I,1.311592,1.5,4.8756260000000005,2.5,CB',1.0,6.0
33848,348.4481,3.557201,1338000.0,77.0,Ir,I,1.224664,2.5,4.781829,3.5,GH',1.0,8.0
34500,351.3648,3.527672,2473000.0,77.0,Ir,I,0.0,4.5,3.5276370000000004,5.5,GH',1.0,12.0
34545,351.5947,3.5253660000000004,2364000.0,77.0,Ir,I,0.8811100000000001,3.5,4.406441,2.5,CB',1.0,6.0
34681,352.2024,3.519283,2743000.0,77.0,Ir,I,0.505725,1.5,4.024973,1.5,GH',1.0,4.0
35486,355.7175,3.4845080000000004,35450000.0,77.0,Ir,I,2.0682139999999998,0.5,5.552687000000001,1.5,CB',1.0,4.0
35532,355.8993,3.4827269999999997,1406000.0,77.0,Ir,I,0.7172029999999999,2.5,4.199895,3.5,GHL,1.0,8.0
35769,356.799,3.4739459999999998,4045000.0,77.0,Ir,I,1.5505149999999999,0.5,5.024426,1.5,CB',1.0,4.0
35924,357.3719,3.468377,5341000.0,77.0,Ir,I,0.8811100000000001,3.5,4.349451999999999,4.5,GHL,1.0,10.0
36429,359.4388,3.448433,2424000.0,77.0,Ir,I,0.8811100000000001,3.5,4.329508000000001,2.5,GH',1.0,6.0
36809,360.9772,3.4337370000000003,351400.0,77.0,Ir,I,0.35149400000000003,4.5,3.785197,3.5,GH',1.0,8.0
37017,361.7209,3.4266769999999998,2061000.0,77.0,Ir,I,1.224664,2.5,4.651307,3.5,GHL,1.0,8.0
37225,362.5703,3.418651,5408000.0,77.0,Ir,I,1.60581,2.5,5.024426,1.5,CB',1.0,4.0
37239,362.6284,3.418103,2381000.0,77.0,Ir,I,1.224664,2.5,4.642732,2.5,GH',1.0,6.0
37295,362.8666,3.415858,2827000.0,77.0,Ir,I,0.784071,3.5,4.199895,3.5,GHL,1.0,8.0
37482,363.6194,3.4087870000000002,7152000.0,77.0,Ir,I,1.4668729999999999,1.5,4.8756260000000005,2.5,CB',1.0,6.0
38082,366.1707,3.385037,3949000.0,77.0,Ir,I,1.622698,3.5,5.007701,4.5,GHL,1.0,10.0
38169,366.4617,3.3823489999999996,1438000.0,77.0,Ir,I,0.7172029999999999,2.5,4.099518,2.5,GH',1.0,6.0
38406,367.4985,3.372807,7084000.0,77.0,Ir,I,1.622698,3.5,4.995471,3.5,GH',1.0,8.0
38682,368.7071,3.3617510000000004,3967000.0,77.0,Ir,I,1.311592,1.5,4.673309,1.5,GH',1.0,4.0
38940,369.8105,3.351721,18190000.0,77.0,Ir,I,2.363223,2.5,5.71491,2.5,CB',1.0,6.0
39621,372.5392,3.327172,22310000.0,77.0,Ir,I,2.363223,2.5,5.690361,3.5,CB',1.0,8.0
39952,373.853,3.3154800000000004,676600.0,77.0,Ir,I,0.784071,3.5,4.099518,2.5,GH',1.0,6.0
40159,374.7205,3.307804,3930000.0,77.0,Ir,I,0.7172029999999999,2.5,4.024973,1.5,GH',1.0,4.0
40239,375.0409,3.3049779999999997,26890000.0,77.0,Ir,I,4.070498000000001,6.5,7.375442999999999,6.5,CB',1.0,14.0
40317,375.3323,3.3024129999999996,5929000.0,77.0,Ir,I,2.053849,1.5,5.356229,1.5,CB',1.0,4.0
40712,376.8673,3.288962,1965000.0,77.0,Ir,I,1.4668729999999999,1.5,4.755802,2.5,GH',1.0,6.0
40767,377.0723,3.287174,868900.0,77.0,Ir,I,1.224664,2.5,4.511805000000001,1.5,GH',1.0,4.0
41306,379.3793,3.267185,2771000.0,77.0,Ir,I,1.728319,4.5,4.995471,3.5,GH',1.0,8.0
41313,379.4054,3.2669610000000002,634700.0,77.0,Ir,I,1.514901,2.5,4.781829,3.5,GH',1.0,8.0
41471,380.012,3.261746,1638000.0,77.0,Ir,I,0.0,4.5,3.2617130000000003,4.5,GH',1.0,10.0
41887,381.7247,3.247112,603100.0,77.0,Ir,I,0.784071,3.5,4.03115,4.5,GH',1.0,10.0
43059,386.5633,3.206468,3779000.0,77.0,Ir,I,1.4668729999999999,1.5,4.673309,1.5,GH',1.0,4.0
43984,390.2503,3.176175,428600.0,77.0,Ir,I,0.35149400000000003,4.5,3.5276370000000004,5.5,GH',1.0,12.0
43987,390.2656,3.1760509999999997,1854000.0,77.0,Ir,I,1.60581,2.5,4.781829,3.5,GH',1.0,8.0
44296,391.5382,3.165728,4219000.0,77.0,Ir,I,1.224664,2.5,4.39036,3.5,GH',1.0,8.0
44809,393.4842,3.150072,1159000.0,77.0,Ir,I,0.8811100000000001,3.5,4.03115,4.5,GH',1.0,10.0
45112,394.628,3.140942,29540000.0,77.0,Ir,I,2.0682139999999998,0.5,5.209124,0.5,CB',1.0,2.0
45242,395.1948,3.136437,1436000.0,77.0,Ir,I,1.514901,2.5,4.651307,3.5,GH',1.0,8.0
45264,395.2623,3.135902,3564000.0,77.0,Ir,I,2.204352,3.5,5.340223,2.5,CB',1.0,6.0
45480,396.2782,3.127863,562000.0,77.0,Ir,I,1.514901,2.5,4.642732,2.5,GH',1.0,6.0
45567,396.6104,3.125243,765700.0,77.0,Ir,I,1.60581,2.5,4.731021,3.5,GH',1.0,8.0
45799,397.6314,3.117218,11350000.0,77.0,Ir,I,1.622698,3.5,4.739885,4.5,GH',1.0,10.0
46158,399.2121,3.104876,4201000.0,77.0,Ir,I,1.224664,2.5,4.329508000000001,2.5,GH',1.0,6.0
46757,402.0026,3.083323,73490000.0,77.0,Ir,I,3.2617130000000003,4.5,6.3450050000000005,5.5,CB',1.0,12.0
47059,403.3762,3.072824,2707000.0,77.0,Ir,I,1.622698,3.5,4.6954910000000005,4.5,GH',1.0,10.0
47196,404.0072,3.068025,250000.0,77.0,Ir,I,0.7172029999999999,2.5,3.785197,3.5,GH',1.0,8.0
47829,406.9917,3.045528,3561000.0,77.0,Ir,I,1.60581,2.5,4.651307,3.5,GHL,1.0,8.0
47843,407.0673,3.044962,3037000.0,77.0,Ir,I,1.4668729999999999,1.5,4.511805000000001,1.5,GH',1.0,4.0
48311,409.2612,3.028639,2327000.0,77.0,Ir,I,1.622698,3.5,4.651307,3.5,GH',1.0,8.0
48788,411.5773,3.011596,2723000.0,77.0,Ir,I,1.728319,4.5,4.739885,4.5,GH',1.0,10.0
49028,412.7922,3.002733,500400.0,77.0,Ir,I,1.728319,4.5,4.731021,3.5,GH',1.0,8.0
49583,415.5699,2.982663,16470000.0,77.0,Ir,I,3.5276370000000004,5.5,6.510269999999999,4.5,CB',1.0,10.0
49788,416.6037,2.975261,110000.0,77.0,Ir,I,1.224664,2.5,4.199895,3.5,GH',1.0,8.0
49917,417.2565,2.9706069999999998,7781000.0,77.0,Ir,I,2.053849,1.5,5.024426,1.5,CB',1.0,4.0
50113,418.246,2.963579,33960000.0,77.0,Ir,I,4.03115,4.5,6.9947,4.5,CB',1.0,10.0
50125,418.3195,2.963059,16280000.0,77.0,Ir,I,4.739885,4.5,7.702914,5.5,CB',1.0,12.0
50168,418.5652,2.961319,387500.0,77.0,Ir,I,1.5505149999999999,0.5,4.511805000000001,1.5,GH',1.0,4.0
50388,419.7532,2.952938,330900.0,77.0,Ir,I,1.4668729999999999,1.5,4.4197809999999995,2.5,CB',1.0,6.0
50801,421.7755,2.93878,1275000.0,77.0,Ir,I,1.996563,2.5,4.935314,2.5,CB',1.0,6.0
50864,422.08,2.93666,5286000.0,77.0,Ir,I,3.2688669999999997,3.5,6.205497,4.5,CB',1.0,10.0
51597,425.9106,2.910248,46260.0,77.0,Ir,I,0.35149400000000003,4.5,3.2617130000000003,4.5,GH',1.0,10.0
51719,426.5297,2.906024,591500.0,77.0,Ir,I,1.60581,2.5,4.511805000000001,1.5,GH',1.0,4.0
51764,426.8099,2.904116,525200.0,77.0,Ir,I,0.8811100000000001,3.5,3.785197,3.5,GH',1.0,8.0
52164,428.662,2.891569,324700.0,77.0,Ir,I,1.514901,2.5,4.406441,2.5,CB',1.0,6.0
52466,430.1609,2.881494,3536000.0,77.0,Ir,I,2.053849,1.5,4.935314,2.5,CB',1.0,6.0
52661,431.0593,2.8754880000000003,564600.0,77.0,Ir,I,1.514901,2.5,4.39036,3.5,GH',1.0,8.0
52676,431.15,2.874883,1338000.0,77.0,Ir,I,1.224664,2.5,4.099518,2.5,GH',1.0,6.0
53412,435.1307,2.848583,1440000.0,77.0,Ir,I,2.299547,1.5,5.148102,2.5,CB',1.0,6.0
53437,435.2571,2.847756,2479000.0,77.0,Ir,I,2.363223,2.5,5.21095,1.5,CB',1.0,4.0
54182,439.2599,2.821806,776800.0,77.0,Ir,I,2.053849,1.5,4.8756260000000005,2.5,CB',1.0,6.0
54297,439.9415,2.817434,20700000.0,77.0,Ir,I,2.053849,1.5,4.871255000000001,0.5,CB',1.0,2.0
54374,440.3789,2.814636,642800.0,77.0,Ir,I,1.514901,2.5,4.329508000000001,2.5,GH',1.0,6.0
54777,442.6275,2.800338,1023000.0,77.0,Ir,I,1.224664,2.5,4.024973,1.5,GH',1.0,4.0
55219,445.0183,2.7852930000000002,342000.0,77.0,Ir,I,1.996563,2.5,4.781829,3.5,GH',1.0,8.0
55701,447.8488,2.76769,586900.0,77.0,Ir,I,1.622698,3.5,4.39036,3.5,GH',1.0,8.0
55989,449.5356,2.757305,24560000.0,77.0,Ir,I,4.099518,2.5,6.856795,2.5,CB',1.0,6.0
55999,449.6031,2.756891,10920000.0,77.0,Ir,I,4.237837,5.5,6.9947,4.5,CB',1.0,10.0
56764,454.5677,2.726782,614700.0,77.0,Ir,I,1.622698,3.5,4.349451999999999,4.5,GH',1.0,10.0
56807,454.8481,2.725101,21290000.0,77.0,Ir,I,3.785197,3.5,6.510269999999999,4.5,CB',1.0,10.0
56841,455.0777,2.7237259999999996,131700.0,77.0,Ir,I,1.60581,2.5,4.329508000000001,2.5,GH',1.0,6.0
57130,456.808,2.713409,348600.0,77.0,Ir,I,1.311592,1.5,4.024973,1.5,GH',1.0,4.0
57155,457.0029,2.712252,4226000.0,77.0,Ir,I,2.8901209999999997,2.5,5.602346,2.5,CB',1.0,6.0
57657,460.4477,2.691961,24230000.0,77.0,Ir,I,4.349451999999999,4.5,7.041386,3.5,CB',1.0,8.0
57839,461.6378,2.685021,527500.0,77.0,Ir,I,1.514901,2.5,4.199895,3.5,GH',1.0,8.0
58322,465.6183,2.662068,253900.0,77.0,Ir,I,1.728319,4.5,4.39036,3.5,GH',1.0,8.0
58495,466.8982,2.65477,382300.0,77.0,Ir,I,1.996563,2.5,4.651307,3.5,GH',1.0,8.0
58992,470.8885,2.6322740000000002,568800.0,77.0,Ir,I,2.363223,2.5,4.995471,3.5,GH',1.0,8.0
59276,472.8851,2.6211599999999997,542500.0,77.0,Ir,I,1.728319,4.5,4.349451999999999,4.5,GH',1.0,10.0
59322,473.1873,2.619486,514900.0,77.0,Ir,I,2.053849,1.5,4.673309,1.5,GH',1.0,4.0
59657,475.6456,2.605948,20860000.0,77.0,Ir,I,4.199895,3.5,6.805817,4.5,CB',1.0,10.0
59679,475.7966,2.605121,314000.0,77.0,Ir,I,2.0682139999999998,0.5,4.673309,1.5,GH',1.0,4.0
59920,477.816,2.5941110000000003,470200.0,77.0,Ir,I,1.60581,2.5,4.199895,3.5,GH',1.0,8.0
60137,479.5665,2.5846430000000002,187900.0,77.0,Ir,I,1.514901,2.5,4.099518,2.5,GH',1.0,6.0
60270,480.7146,2.5784689999999997,288500.0,77.0,Ir,I,2.4292569999999998,5.5,5.007701,4.5,GH',1.0,10.0
60307,480.9471,2.577223,157300.0,77.0,Ir,I,1.622698,3.5,4.199895,3.5,GH',1.0,8.0
60782,484.5376,2.5581259999999997,148300.0,77.0,Ir,I,1.4668729999999999,1.5,4.024973,1.5,GH',1.0,4.0
61907,493.8089,2.510098,472800.0,77.0,Ir,I,1.514901,2.5,4.024973,1.5,GH',1.0,4.0
62276,497.0495,2.493733,159600.0,77.0,Ir,I,1.60581,2.5,4.099518,2.5,GH',1.0,6.0
62602,499.9743,2.479145,13370000.0,77.0,Ir,I,4.03115,4.5,6.510269999999999,4.5,CB',1.0,10.0
62714,500.9163,2.474483,135600.0,77.0,Ir,I,1.5505149999999999,0.5,4.024973,1.5,GH',1.0,4.0
62785,501.5002,2.4716009999999997,204300.0,77.0,Ir,I,1.728319,4.5,4.199895,3.5,GH',1.0,8.0
63164,504.6059,2.4563900000000003,12530000.0,77.0,Ir,I,4.349451999999999,4.5,6.805817,4.5,CB',1.0,10.0
63937,512.3658,2.419188,247000.0,77.0,Ir,I,1.60581,2.5,4.024973,1.5,GH',1.0,4.0
64495,517.7954,2.3938200000000003,178800.0,77.0,Ir,I,1.996563,2.5,4.39036,3.5,GH',1.0,8.0
65166,523.8937,2.365956,300100.0,77.0,Ir,I,2.053849,1.5,4.4197809999999995,2.5,CB',1.0,6.0
66277,534.0752,2.320852,1537000.0,77.0,Ir,I,2.8901209999999997,2.5,5.21095,1.5,CB',1.0,4.0
66547,536.4331,2.310651,715900.0,77.0,Ir,I,2.4292569999999998,5.5,4.739885,4.5,GH',1.0,10.0
67406,544.952,2.27453,29650000.0,77.0,Ir,I,4.070498000000001,6.5,6.3450050000000005,5.5,CB',1.0,12.0
67453,545.4495,2.272456,18210000.0,77.0,Ir,I,4.237837,5.5,6.510269999999999,4.5,CB',1.0,10.0
67587,546.9416,2.266257,244300.0,77.0,Ir,I,2.4292569999999998,5.5,4.6954910000000005,4.5,GH',1.0,10.0
69084,562.0062,2.20551,13690000.0,77.0,Ir,I,4.651307,3.5,6.856795,2.5,CB',1.0,6.0
69150,562.5562,2.203354,323900.0,77.0,Ir,I,1.996563,2.5,4.199895,3.5,GH',1.0,8.0
71110,582.853,2.126627,10710000.0,77.0,Ir,I,4.739885,4.5,6.86649,3.5,CB',1.0,8.0
71578,588.2294,2.10719,4223000.0,77.0,Ir,I,4.237837,5.5,6.3450050000000005,5.5,CB',1.0,12.0
71608,588.7376,2.105371,214300.0,77.0,Ir,I,2.8901209999999997,2.5,4.995471,3.5,GH',1.0,8.0
71666,589.4082,2.102975,226400.0,77.0,Ir,I,1.996563,2.5,4.099518,2.5,GH',1.0,6.0
72983,606.7869,2.0427459999999997,12240000.0,77.0,Ir,I,4.951975,5.5,6.9947,4.5,CB',1.0,10.0
73267,611.0692,2.0284299999999997,190400.0,77.0,Ir,I,1.996563,2.5,4.024973,1.5,GH',1.0,4.0
74409,628.8285,1.9711439999999998,121600.0,77.0,Ir,I,2.053849,1.5,4.024973,1.5,GH',1.0,4.0
74690,633.4449,1.956779,73860.0,77.0,Ir,I,2.0682139999999998,0.5,4.024973,1.5,GH',1.0,4.0
76490,662.4729,1.8710380000000002,6144000.0,77.0,Ir,I,4.995471,3.5,6.86649,3.5,CB',1.0,8.0
76895,668.6111,1.853861,14240000.0,77.0,Ir,I,4.951975,5.5,6.805817,4.5,CB',1.0,10.0
77847,683.0032,1.8147970000000002,5433000.0,77.0,Ir,I,4.6954910000000005,4.5,6.510269999999999,4.5,CB',1.0,10.0
78469,692.9873,1.7886509999999998,24510.0,77.0,Ir,I,1.996563,2.5,3.785197,3.5,GH',1.0,8.0
79887,718.3735,1.725443,97530.0,77.0,Ir,I,2.299547,1.5,4.024973,1.5,GH',1.0,4.0
83311,783.4356,1.582151,13670000.0,77.0,Ir,I,5.223682,5.5,6.805817,4.5,CB',1.0,10.0
