,Wl/nm,E_Photon,A-Value,Elem. num,Element,ion state,E_lower_lev.,J_lower,E_upper_lev.,J_upper,Ref.,ion state num,g_j
2534,218.7874,5.665164,15370000.0,57.01,La,II,0.0,2.0,5.665107,1.0,CB,2.0,3.0
3509,225.6754,5.492271,107100000.0,57.01,La,II,0.17289100000000002,2.0,5.665107,1.0,CB,2.0,3.0
4509,231.7813,5.347599,133300000.0,57.01,La,II,2.342732,2.0,7.690277,2.0,CB,2.0,5.0
4551,231.9442,5.343843,54450000.0,57.01,La,II,0.321317,2.0,5.665107,1.0,CB,2.0,3.0
4714,232.8744,5.3225,65370000.0,57.01,La,II,2.058035,4.0,7.380482000000001,4.0,CB,2.0,9.0
7012,243.8007,5.083982,112400000.0,57.01,La,II,2.342732,2.0,7.4266630000000005,2.0,CB,2.0,5.0
7776,247.1901,5.014277,87230000.0,57.01,La,II,0.65088,0.0,5.665107,1.0,CB,2.0,3.0
7790,247.2432,5.0132010000000005,105500000.0,57.01,La,II,2.210095,4.0,7.2232460000000005,4.0,CB,2.0,9.0
7974,247.9837,4.998232,115000000.0,57.01,La,II,2.382299,4.0,7.380482000000001,4.0,CB,2.0,9.0
8146,248.7576,4.982683,357600000.0,57.01,La,II,2.134007,2.0,7.116641,2.0,CB,2.0,5.0
9424,253.3146,4.893054,60180000.0,57.01,La,II,0.7721020000000001,2.0,5.665107,1.0,CB,2.0,3.0
10259,256.0388,4.8409949999999995,145500000.0,57.01,La,II,2.382299,4.0,7.2232460000000005,4.0,CB,2.0,9.0
10841,258.0811,4.802689,34590000.0,57.01,La,II,1.946396,4.0,6.749036,5.0,CB,2.0,11.0
10881,258.2546,4.7994639999999995,56840000.0,57.01,La,II,1.7541259999999999,2.0,6.553542,3.0,CB,2.0,7.0
11238,259.6081,4.774441,115100000.0,57.01,La,II,2.058035,4.0,6.832428,4.0,CB,2.0,9.0
11644,261.035,4.748345,713400000.0,57.01,La,II,0.91681,0.0,5.665107,1.0,CB,2.0,3.0
13274,267.2882,4.637264,157900000.0,57.01,La,II,2.303677,5.0,6.940894999999999,5.0,CB,2.0,11.0
13902,269.5467,4.598412000000001,169300000.0,57.01,La,II,2.448641,6.0,7.047006,6.0,CB,2.0,13.0
14701,272.5571,4.547625,79410000.0,57.0,La,I,0.13058,2.5,4.678159,3.5,CB,1.0,8.0
16646,279.1499,4.440226,300000000.0,57.01,La,II,2.740797,2.0,7.180979,3.0,CB,2.0,7.0
16838,279.8562,4.429022,243100000.0,57.01,La,II,2.794269,3.0,7.2232460000000005,4.0,CB,2.0,9.0
17122,280.8374,4.4135480000000005,794000000.0,57.01,La,II,1.251603,2.0,5.665107,1.0,CB,2.0,3.0
17998,283.8452,4.366781,28600000.0,57.01,La,II,2.382299,4.0,6.749036,5.0,CB,2.0,11.0
18056,284.0515,4.363611,129400000.0,57.01,La,II,3.657292,2.0,8.020859,3.0,CB,2.0,7.0
18459,285.5904,4.340098,222900000.0,57.01,La,II,3.040427,3.0,7.380482000000001,4.0,CB,2.0,9.0
18631,286.2968,4.329389,96830000.0,57.01,La,II,2.529627,3.0,6.858973,4.0,CB,2.0,9.0
19066,288.0631,4.302844,316700000.0,57.01,La,II,2.529627,3.0,6.832428,4.0,CB,2.0,9.0
19164,288.5116,4.296156,418900000.0,57.01,La,II,2.644781,4.0,6.940894999999999,5.0,CB,2.0,11.0
19372,289.3086,4.284322,464700000.0,57.01,La,II,2.762727,5.0,7.047006,6.0,CB,2.0,13.0
20882,295.0497,4.20096,436700000.0,57.01,La,II,3.5367370000000005,5.0,7.737655,6.0,CB,2.0,13.0
24670,310.4588,3.992461,6680000.0,57.01,La,II,0.0,2.0,3.9924209999999998,3.0,CB',2.0,7.0
24770,310.8455,3.9874940000000003,5148000.0,57.01,La,II,0.0,2.0,3.987455,1.0,CB',2.0,3.0
25613,314.276,3.943971,9339000.0,57.01,La,II,0.17289100000000002,2.0,4.116822,2.0,CB',2.0,5.0
26820,319.302,3.8818919999999997,5327000.0,57.01,La,II,0.234969,1.0,4.116822,2.0,CB',2.0,5.0
27329,321.5808,3.8543849999999997,16080000.0,57.0,La,I,0.13058,2.5,3.984926,3.5,CB,1.0,8.0
27974,324.5122,3.8195690000000004,20240000.0,57.01,La,II,0.17289100000000002,2.0,3.9924209999999998,3.0,CB',2.0,7.0
28064,324.9348,3.814602,191900000.0,57.01,La,II,0.17289100000000002,2.0,3.987455,1.0,CB',2.0,3.0
28435,326.5665,3.795543,40450000.0,57.01,La,II,0.321317,2.0,4.116822,2.0,CB',2.0,5.0
29292,330.3104,3.7525230000000005,73950000.0,57.01,La,II,0.234969,1.0,3.987455,1.0,CB',2.0,3.0
30231,333.7486,3.713867,111700000.0,57.01,La,II,0.402992,3.0,4.116822,2.0,CB',2.0,5.0
30347,334.2221,3.7086050000000004,31100000.0,57.0,La,I,0.13058,2.5,3.8391480000000002,3.5,CB,1.0,8.0
30414,334.4564,3.706008,221400000.0,57.01,La,II,0.234969,1.0,3.9409389999999997,0.0,CB',2.0,1.0
31187,337.633,3.6711410000000004,8354000.0,57.01,La,II,0.321317,2.0,3.9924209999999998,3.0,CB',2.0,7.0
31318,338.0905,3.666174,137600000.0,57.01,La,II,0.321317,2.0,3.987455,1.0,CB',2.0,3.0
33042,345.2184,3.590478,9562000.0,57.01,La,II,0.17289100000000002,2.0,3.7633330000000003,1.0,CB',2.0,3.0
33074,345.3159,3.589465,7453000.0,57.01,La,II,0.402992,3.0,3.9924209999999998,3.0,CB',2.0,7.0
33286,346.1189,3.5811370000000005,33370000.0,57.0,La,I,0.13058,2.5,3.7116809999999996,1.5,CB,1.0,4.0
34402,350.9992,3.5313470000000002,2596000.0,57.01,La,II,0.12598,3.0,3.657292,2.0,CB',2.0,5.0
34476,351.2923,3.5284,5438000.0,57.01,La,II,0.234969,1.0,3.7633330000000003,1.0,CB',2.0,3.0
34514,351.4061,3.5272580000000002,13310000.0,57.0,La,I,0.13058,2.5,3.657803,2.5,CB,1.0,6.0
35327,355.0809,3.490754,2219000.0,57.01,La,II,0.0,2.0,3.4907190000000003,1.0,CB',2.0,3.0
35488,355.7248,3.484436,2359000.0,57.01,La,II,0.17289100000000002,2.0,3.657292,2.0,CB',2.0,5.0
35945,357.4427,3.46769,62430000.0,57.0,La,I,0.0,1.5,3.467656,1.5,CB,1.0,4.0
36588,360.1054,3.44205,5057000.0,57.01,La,II,0.321317,2.0,3.7633330000000003,1.0,CB',2.0,3.0
36877,361.2343,3.431293,318600000.0,57.01,La,II,3.040427,3.0,6.471686,3.0,CB,2.0,7.0
36903,361.3073,3.4306,12300000.0,57.0,La,I,0.0,1.5,3.4305660000000002,2.5,CB,1.0,6.0
37299,362.8822,3.415712,4678000.0,57.01,La,II,0.12598,3.0,3.541658,4.0,APR,2.0,9.0
37495,363.6663,3.408347,5241000.0,57.0,La,I,0.13058,2.5,3.538893,3.5,CB,1.0,8.0
37507,363.7141,3.4079,8383000.0,57.01,La,II,0.708957,1.0,4.116822,2.0,CB',2.0,5.0
37614,364.1526,3.403796,34930000.0,57.0,La,I,0.13058,2.5,3.5343419999999997,2.5,CB,1.0,6.0
37694,364.5414,3.4001660000000005,47130000.0,57.01,La,II,0.0,2.0,3.4001309999999996,1.0,CB',2.0,3.0
37809,364.9528,3.3963330000000003,14170000.0,57.0,La,I,0.0,1.5,3.396299,2.5,CB,1.0,6.0
37830,365.0179,3.3957269999999995,10720000.0,57.01,La,II,0.0,2.0,3.395693,2.0,CB',2.0,5.0
38095,366.2075,3.384697,3029000.0,57.01,La,II,0.12598,3.0,3.510644,3.0,APR,2.0,7.0
38334,367.2012,3.3755370000000005,3648000.0,57.0,La,I,0.0,1.5,3.3755029999999997,1.5,CB,1.0,4.0
39030,370.1814,3.3483629999999995,167000000.0,57.01,La,II,3.510644,3.0,6.858973,4.0,CB,2.0,9.0
39096,370.4524,3.345913,16340000.0,57.0,La,I,0.13058,2.5,3.47646,3.5,CB,1.0,8.0
39124,370.5808,3.344754,23290000.0,57.01,La,II,0.7721020000000001,2.0,4.116822,2.0,CB',2.0,5.0
39309,371.3545,3.337786,9982000.0,57.01,La,II,0.17289100000000002,2.0,3.510644,3.0,APR,2.0,7.0
39342,371.4856,3.336608,12210000.0,57.01,La,II,0.65088,0.0,3.987455,1.0,CB',2.0,3.0
39368,371.5524,3.336008,8808000.0,57.01,La,II,0.321317,2.0,3.657292,2.0,CB',2.0,5.0
39613,372.5048,3.3274790000000003,1685000.0,57.01,La,II,0.0,2.0,3.327446,3.0,APR,2.0,7.0
39885,373.5846,3.3178620000000003,1556000.0,57.01,La,II,0.17289100000000002,2.0,3.4907190000000003,1.0,CB',2.0,3.0
40469,375.9079,3.2973559999999997,36260000.0,57.01,La,II,0.24433600000000003,4.0,3.541658,4.0,APR,2.0,9.0
40817,377.3124,3.285082,306400000.0,57.01,La,II,3.327446,3.0,6.612495,4.0,CB,2.0,9.0
40987,378.0664,3.2785309999999996,10760000.0,57.01,La,II,0.708957,1.0,3.987455,1.0,CB',2.0,3.0
41085,378.4795,3.274953,1694000.0,57.01,La,II,0.0,2.0,3.2749200000000003,2.0,APR,2.0,5.0
41222,379.0823,3.269745,106500000.0,57.01,La,II,0.12598,3.0,3.395693,2.0,CB',2.0,5.0
41332,379.4774,3.266341,72510000.0,57.01,La,II,0.24433600000000003,4.0,3.510644,3.0,APR,2.0,7.0
41680,380.8776,3.2543330000000004,2256000.0,57.01,La,II,0.402992,3.0,3.657292,2.0,CB',2.0,5.0
42356,383.5077,3.232015,40400000.0,57.01,La,II,0.708957,1.0,3.9409389999999997,0.0,CB',2.0,1.0
42483,384.0713,3.227273,25000000.0,57.01,La,II,0.17289100000000002,2.0,3.4001309999999996,1.0,CB',2.0,3.0
42606,384.6003,3.222834,2985000.0,57.01,La,II,0.17289100000000002,2.0,3.395693,2.0,CB',2.0,5.0
42683,384.9006,3.22032,44270000.0,57.01,La,II,0.0,2.0,3.220287,1.0,CB',2.0,3.0
42802,385.4913,3.215385,10340000.0,57.01,La,II,0.7721020000000001,2.0,3.987455,1.0,CB',2.0,3.0
43034,386.449,3.207417,2816000000.0,57.01,La,II,3.5367370000000005,5.0,6.744122,0.0,CB,2.0,1.0
43205,387.1635,3.2014970000000003,54070000.0,57.01,La,II,0.12598,3.0,3.327446,3.0,APR,2.0,7.0
43566,388.6372,3.1893580000000004,26900000.0,57.01,La,II,0.321317,2.0,3.510644,3.0,APR,2.0,7.0
43897,389.8592,3.179361,6310000.0,57.0,La,I,0.0,1.5,3.179329,1.5,CB,1.0,4.0
43986,390.2567,3.176123,8713000.0,57.0,La,I,0.0,1.5,3.176091,0.5,CB,1.0,2.0
44178,391.0804,3.169434,1630000.0,57.01,La,II,0.321317,2.0,3.4907190000000003,1.0,CB',2.0,3.0
44313,391.6042,3.165195,55090000.0,57.01,La,II,0.234969,1.0,3.4001309999999996,1.0,CB',2.0,3.0
44460,392.1541,3.160756,27420000.0,57.01,La,II,0.234969,1.0,3.395693,2.0,CB',2.0,5.0
44618,392.7556,3.1559150000000002,38420000.0,57.0,La,I,0.0,1.5,3.155884,0.5,CB,1.0,2.0
44665,392.9211,3.154586,35500000.0,57.01,La,II,0.17289100000000002,2.0,3.327446,3.0,APR,2.0,7.0
44851,393.6218,3.148971,3933000.0,57.01,La,II,0.12598,3.0,3.2749200000000003,2.0,APR,2.0,5.0
45171,394.9102,3.1386979999999998,122100000.0,57.01,La,II,0.402992,3.0,3.541658,4.0,APR,2.0,9.0
45292,395.3686,3.135059,4090000.0,57.0,La,I,0.13058,2.5,3.265607,2.5,CB,1.0,6.0
46070,398.8515,3.107683,71970000.0,57.01,La,II,0.402992,3.0,3.510644,3.0,APR,2.0,7.0
46240,399.5745,3.10206,79750000.0,57.01,La,II,0.17289100000000002,2.0,3.2749200000000003,2.0,APR,2.0,5.0
46666,401.5383,3.0868889999999998,25370000.0,57.0,La,I,0.13058,2.5,3.217438,1.5,CB,1.0,4.0
46837,402.3578,3.080602,11490000.0,57.01,La,II,1.7822939999999998,3.0,4.862865,4.0,CB,2.0,9.0
46889,402.5874,3.0788450000000003,10890000.0,57.01,La,II,0.321317,2.0,3.4001309999999996,1.0,CB',2.0,3.0
46994,403.1686,3.074406,71440000.0,57.01,La,II,0.321317,2.0,3.395693,2.0,CB',2.0,5.0
47118,403.6585,3.070675,3348000.0,57.01,La,II,0.91681,0.0,3.987455,1.0,CB',2.0,3.0
47130,403.7204,3.070204,14110000.0,57.0,La,I,0.0,1.5,3.070174,1.5,CB,1.0,4.0
47253,404.2901,3.065878,108500000.0,57.01,La,II,0.926574,4.0,3.9924209999999998,3.0,CB',2.0,7.0
47418,405.0073,3.060449,104700000.0,57.01,La,II,1.955698,3.0,5.0161169999999995,2.0,CB,2.0,5.0
47620,406.0346,3.052706,22780000.0,57.0,La,I,0.511015,4.5,3.5636900000000002,5.5,CB,1.0,12.0
47719,406.4785,3.049372,16440000.0,57.0,La,I,0.43327299999999996,3.5,3.482614,4.5,CB,1.0,10.0
47737,406.5575,3.04878,7827000.0,57.0,La,I,0.13058,2.5,3.179329,1.5,CB,1.0,4.0
47777,406.738,3.047427,25010000.0,57.01,La,II,0.17289100000000002,2.0,3.220287,1.0,CB',2.0,3.0
47962,407.6703,3.040458,908200.0,57.01,La,II,0.0,2.0,3.040427,3.0,CB',2.0,7.0
47981,407.7342,3.039982,63700000.0,57.01,La,II,0.234969,1.0,3.2749200000000003,2.0,APR,2.0,5.0
48017,407.9167,3.038622,7666000.0,57.0,La,I,0.0,1.5,3.038591,2.5,CB,1.0,6.0
48192,408.6709,3.033014,56510000.0,57.01,La,II,0.0,2.0,3.032983,2.0,APR,2.0,5.0
48247,408.9606,3.0308650000000004,19830000.0,57.0,La,I,0.373194,2.5,3.404028,3.5,CB,1.0,8.0
48467,409.9535,3.023525,89390000.0,57.01,La,II,1.7541259999999999,2.0,4.777621,1.0,CB,2.0,3.0
48568,410.4876,3.019591,14100000.0,57.0,La,I,0.330815,1.5,3.350375,2.5,CB,1.0,6.0
48669,410.9793,3.015978,3042000.0,57.0,La,I,0.13058,2.5,3.146528,3.5,CB,1.0,8.0
48925,412.3218,3.006158,73840000.0,57.01,La,II,0.321317,2.0,3.327446,3.0,APR,2.0,7.0
49218,413.7041,2.996114,8558000.0,57.0,La,I,0.13058,2.5,3.126664,2.5,CB,1.0,6.0
49309,414.1718,2.992731,14470000.0,57.01,La,II,0.402992,3.0,3.395693,2.0,CB',2.0,5.0
49515,415.196,2.9853490000000003,32380000.0,57.01,La,II,0.234969,1.0,3.220287,1.0,CB',2.0,3.0
49535,415.2773,2.9847650000000003,39650000.0,57.01,La,II,1.7541259999999999,2.0,4.738861,2.0,CB,2.0,5.0
49618,415.7513,2.981361,2281000.0,57.0,La,I,0.0,1.5,2.981331,2.5,CB,1.0,6.0
49672,416.0254,2.979397,5657000.0,57.0,La,I,0.13058,2.5,3.109948,3.5,CB,1.0,8.0
49912,417.2314,2.970785,5624000.0,57.0,La,I,0.43327299999999996,3.5,3.404028,3.5,CB,1.0,8.0
50016,417.748,2.9671119999999997,5175000.0,57.0,La,I,0.13058,2.5,3.0976619999999997,2.5,CB,1.0,6.0
50200,418.7302,2.960152,15200000.0,57.0,La,I,0.0,1.5,2.960123,2.5,CB,1.0,6.0
50309,419.2338,2.956596,50120000.0,57.01,La,II,1.7822939999999998,3.0,4.738861,2.0,CB,2.0,5.0
50371,419.6546,2.953632,35410000.0,57.01,La,II,0.321317,2.0,3.2749200000000003,2.0,APR,2.0,5.0
50532,420.4042,2.9483650000000003,7372000.0,57.01,La,II,0.708957,1.0,3.657292,2.0,CB',2.0,5.0
50796,421.7543,2.938927,54790000.0,57.01,La,II,1.946396,4.0,4.885294,3.0,CB,2.0,7.0
51046,423.0936,2.929625,35970000.0,57.01,La,II,1.955698,3.0,4.885294,3.0,CB,2.0,7.0
51213,423.8374,2.9244830000000004,27820000.0,57.01,La,II,0.402992,3.0,3.327446,3.0,APR,2.0,7.0
51441,424.9978,2.916498,18740000.0,57.01,La,II,1.946396,4.0,4.862865,4.0,CB,2.0,9.0
51663,426.234,2.90804,3284000.0,57.0,La,I,0.13058,2.5,3.038591,2.5,CB,1.0,6.0
51680,426.3578,2.907196,43660000.0,57.01,La,II,1.955698,3.0,4.862865,4.0,CB,2.0,9.0
51805,426.9492,2.9031689999999997,43540000.0,57.01,La,II,1.7822939999999998,3.0,4.685433,4.0,CB,2.0,9.0
51928,427.5633,2.8989990000000003,7324000.0,57.01,La,II,0.321317,2.0,3.220287,1.0,CB',2.0,3.0
52024,428.0259,2.895866,14380000.0,57.0,La,I,0.13058,2.5,3.026417,3.5,CB,1.0,8.0
52168,428.6958,2.89134,54730000.0,57.01,La,II,1.946396,4.0,4.837707,5.0,APR,2.0,11.0
52344,429.6054,2.8852189999999998,19000000.0,57.01,La,II,0.7721020000000001,2.0,3.657292,2.0,CB',2.0,5.0
52440,430.0434,2.8822810000000003,1282000.0,57.01,La,II,0.0,2.0,2.8822520000000003,2.0,CB',2.0,5.0
52755,431.5893,2.871957,1216000.0,57.01,La,II,0.402992,3.0,3.2749200000000003,2.0,APR,2.0,5.0
52878,432.2503,2.8675650000000004,3866000.0,57.01,La,II,0.17289100000000002,2.0,3.040427,3.0,CB',2.0,7.0
53095,433.3753,2.860121,50260000.0,57.01,La,II,0.17289100000000002,2.0,3.032983,2.0,APR,2.0,5.0
53115,433.4969,2.8593189999999997,2017000.0,57.01,La,II,1.7541259999999999,2.0,4.613416,3.0,CB,2.0,7.0
53219,434.0729,2.855525,19080000.0,57.0,La,I,1.047174,1.5,3.9026699999999996,2.5,CB,1.0,6.0
53468,435.4412,2.846552,37060000.0,57.01,La,II,0.91681,0.0,3.7633330000000003,1.0,CB',2.0,3.0
53478,435.4778,2.8463130000000003,25870000.0,57.0,La,I,1.138642,2.5,3.984926,3.5,CB,1.0,8.0
53656,436.4661,2.839868,5092000.0,57.01,La,II,0.65088,0.0,3.4907190000000003,1.0,CB',2.0,3.0
53913,437.81,2.83115,11120000.0,57.01,La,II,1.7822939999999998,3.0,4.613416,3.0,CB,2.0,7.0
54013,438.3451,2.8276950000000003,33510000.0,57.01,La,II,1.7541259999999999,2.0,4.581793,3.0,CB',2.0,7.0
54040,438.5191,2.826573,7864000.0,57.01,La,II,1.7822939999999998,3.0,4.608839,4.0,CB,2.0,9.0
54113,438.9862,2.8235650000000003,38980000.0,57.0,La,I,1.205057,1.5,4.028594,2.5,CB,1.0,6.0
54349,440.2601,2.815396,39300000.0,57.0,La,I,1.1213389999999999,0.5,3.936707,1.5,CB,1.0,4.0
54513,441.121,2.809901,1333000000.0,57.01,La,II,3.5367370000000005,5.0,6.34661,0.0,CB,2.0,1.0
54649,441.9141,2.8048580000000003,11190000.0,57.01,La,II,2.058035,4.0,4.862865,4.0,CB,2.0,9.0
54740,442.3893,2.801845,52860000.0,57.0,La,I,1.229916,4.5,4.031733,5.5,CB,1.0,12.0
54806,442.7557,2.799527,31370000.0,57.01,La,II,1.7822939999999998,3.0,4.581793,3.0,CB',2.0,7.0
54846,442.9905,2.798043,21980000.0,57.01,La,II,0.234969,1.0,3.032983,2.0,APR,2.0,5.0
54959,443.5843,2.7942970000000003,484000.0,57.01,La,II,0.0,2.0,2.794269,3.0,ABH,2.0,7.0
55245,445.2141,2.784068,386100000.0,57.0,La,I,1.235002,3.5,4.019042,0.0,CB,1.0,1.0
55307,445.5786,2.781791,4666000.0,57.01,La,II,0.708957,1.0,3.4907190000000003,1.0,CB',2.0,3.0
55556,446.8955,2.7735939999999997,2633000.0,57.0,La,I,0.373194,2.5,3.14676,3.5,CB,1.0,8.0
55828,448.6043,2.763029,12360000.0,57.0,La,I,0.9286989999999999,1.5,3.6917,2.5,CB,1.0,6.0
55957,449.3099,2.75869,1499000.0,57.0,La,I,0.13058,2.5,2.889242,3.5,CB,1.0,8.0
55982,449.4699,2.757708,4639000.0,57.0,La,I,0.330815,1.5,3.088495,1.5,CB,1.0,4.0
56075,450.0207,2.7543330000000004,21590000.0,57.0,La,I,0.952191,2.5,3.706496,3.5,CB,1.0,8.0
56393,452.2352,2.740846,34520000.0,57.01,La,II,1.251603,2.0,3.9924209999999998,3.0,CB',2.0,7.0
56394,452.237,2.740825,41130000.0,57.01,La,II,0.0,2.0,2.740797,2.0,RM,2.0,5.0
56448,452.5291,2.739065,16160000.0,57.01,La,II,1.946396,4.0,4.685433,4.0,CB,2.0,9.0
56458,452.6111,2.738569,7895000.0,57.01,La,II,0.7721020000000001,2.0,3.510644,3.0,APR,2.0,7.0
56701,454.1763,2.729132,8735000.0,57.0,La,I,0.9286989999999999,1.5,3.657803,2.5,CB,1.0,6.0
56825,454.9491,2.724496,6454000.0,57.0,La,I,0.373194,2.5,3.0976619999999997,2.5,CB,1.0,6.0
56972,455.8457,2.719137,3725000.0,57.01,La,II,0.321317,2.0,3.040427,3.0,CB',2.0,7.0
56986,455.9282,2.718645,5236000.0,57.01,La,II,0.7721020000000001,2.0,3.4907190000000003,1.0,CB',2.0,3.0
57127,456.7903,2.713514,10750000.0,57.0,La,I,0.43327299999999996,3.5,3.14676,3.5,CB,1.0,8.0
57153,457.001,2.712263,13000000.0,57.0,La,I,0.511015,4.5,3.223251,4.5,CB,1.0,10.0
57226,457.486,2.709388,4615000.0,57.01,La,II,0.17289100000000002,2.0,2.8822520000000003,2.0,CB',2.0,5.0
57302,458.0045,2.706321,30350000.0,57.01,La,II,0.708957,1.0,3.41525,0.0,CB',2.0,1.0
57622,460.2037,2.693388,9546000.0,57.0,La,I,0.998339,3.5,3.6917,2.5,CB,1.0,6.0
57682,460.5775,2.691202,6921000.0,57.01,La,II,0.708957,1.0,3.4001309999999996,1.0,CB',2.0,3.0
57795,461.3385,2.686763,10640000.0,57.01,La,II,0.708957,1.0,3.395693,2.0,CB',2.0,5.0
57824,461.5063,2.6857860000000002,14950000.0,57.0,La,I,0.896574,0.5,3.5823339999999995,0.5,CB,1.0,2.0
57882,461.9874,2.682989,45250000.0,57.01,La,II,1.7541259999999999,2.0,4.437088,2.0,CB',2.0,5.0
58077,463.6426,2.673411,13260000.0,57.01,La,II,2.342732,2.0,5.0161169999999995,2.0,CB,2.0,5.0
58195,464.528,2.668315,1011000.0,57.01,La,II,0.12598,3.0,2.794269,3.0,ABH,2.0,7.0
58209,464.636,2.667696,20490000.0,57.0,La,I,1.235002,3.5,3.9026699999999996,2.5,CB,1.0,6.0
58227,464.749,2.667047,6373000.0,57.01,La,II,1.946396,4.0,4.613416,3.0,CB,2.0,7.0
58241,464.8637,2.666389,6873000.0,57.0,La,I,0.330815,1.5,2.997177,1.5,CB,1.0,4.0
58265,465.0319,2.6654240000000002,2142000.0,57.0,La,I,0.373194,2.5,3.038591,2.5,CB,1.0,6.0
58275,465.2079,2.664416,3315000.0,57.0,La,I,0.43327299999999996,3.5,3.0976619999999997,2.5,CB,1.0,6.0
58313,465.548,2.66247,40150000.0,57.01,La,II,1.946396,4.0,4.608839,4.0,CB,2.0,9.0
58379,466.0696,2.6594900000000004,8889000.0,57.0,La,I,0.998339,3.5,3.657803,2.5,CB,1.0,6.0
58401,466.2498,2.658462,5882000.0,57.01,La,II,0.0,2.0,2.658436,1.0,ABH,2.0,3.0
58414,466.3757,2.6577439999999997,21440000.0,57.01,La,II,1.955698,3.0,4.613416,3.0,CB,2.0,7.0
58493,466.8893,2.654821,22720000.0,57.01,La,II,1.7822939999999998,3.0,4.437088,2.0,CB',2.0,5.0
58536,467.1803,2.653167,11500000.0,57.01,La,II,1.955698,3.0,4.608839,4.0,CB,2.0,9.0
58777,469.1168,2.642215,1676000.0,57.01,La,II,0.17289100000000002,2.0,2.81508,1.0,CB',2.0,3.0
58795,469.2491,2.64147,16440000.0,57.01,La,II,1.7541259999999999,2.0,4.395569999999999,3.0,CB',2.0,7.0
58877,469.9623,2.6374619999999998,766800.0,57.01,La,II,0.402992,3.0,3.040427,3.0,CB',2.0,7.0
58918,470.2636,2.6357720000000002,2119000.0,57.0,La,I,0.511015,4.5,3.14676,3.5,CB,1.0,8.0
58927,470.3258,2.635423,15280000.0,57.01,La,II,1.946396,4.0,4.581793,3.0,CB',2.0,7.0
58981,470.8177,2.63267,17220000.0,57.0,La,I,1.138642,2.5,3.771286,1.5,CB,1.0,4.0
59047,471.2925,2.630018,705200.0,57.01,La,II,0.402992,3.0,3.032983,2.0,APR,2.0,5.0
59096,471.6443,2.628056,7578000.0,57.01,La,II,0.7721020000000001,2.0,3.4001309999999996,1.0,CB',2.0,3.0
59110,471.7576,2.627425,2966000.0,57.01,La,II,2.058035,4.0,4.685433,4.0,CB,2.0,9.0
59144,471.9919,2.626121,15170000.0,57.01,La,II,1.955698,3.0,4.581793,3.0,CB',2.0,7.0
59218,472.4422,2.623617,904100.0,57.01,La,II,0.7721020000000001,2.0,3.395693,2.0,CB',2.0,5.0
59263,472.8411,2.621404,2039000.0,57.01,La,II,0.17289100000000002,2.0,2.794269,3.0,ABH,2.0,7.0
59438,474.0276,2.614843,6812000.0,57.01,La,II,0.12598,3.0,2.740797,2.0,ABH,2.0,5.0
59479,474.3071,2.613302,28620000.0,57.01,La,II,1.7822939999999998,3.0,4.395569999999999,3.0,CB',2.0,7.0
59546,474.8726,2.6101900000000002,3710000.0,57.01,La,II,0.926574,4.0,3.5367370000000005,5.0,CB',2.0,11.0
59580,475.0421,2.609259,13720000.0,57.0,La,I,1.229916,4.5,3.8391480000000002,3.5,CB,1.0,8.0
59796,476.688,2.60025,3795000.0,57.0,La,I,0.0,1.5,2.6002240000000003,2.5,CB,1.0,6.0
59838,477.0426,2.5983169999999998,8805000.0,57.0,La,I,0.8693649999999999,2.5,3.467656,1.5,CB,1.0,4.0
60151,479.6679,2.5840959999999997,497600.0,57.01,La,II,0.926574,4.0,3.510644,3.0,APR,2.0,7.0
60192,480.0017,2.5822990000000003,11050000.0,57.0,La,I,1.235002,3.5,3.817275,2.5,CB,1.0,6.0
60195,480.0245,2.582177,4605000.0,57.0,La,I,0.952191,2.5,3.5343419999999997,2.5,CB,1.0,6.0
60232,480.4039,2.5801369999999997,3045000.0,57.01,La,II,0.234969,1.0,2.81508,1.0,CB',2.0,3.0
60300,480.8996,2.5774779999999997,9115000.0,57.01,La,II,0.234969,1.0,2.81242,0.0,CB',2.0,1.0
60405,481.7243,2.573065,13070000.0,57.0,La,I,1.138642,2.5,3.7116809999999996,1.5,CB,1.0,4.0
60494,482.4052,2.569433,6165000.0,57.01,La,II,0.65088,0.0,3.220287,1.0,CB',2.0,3.0
60526,482.6873,2.567932,314500.0,57.01,La,II,0.17289100000000002,2.0,2.740797,2.0,ABH,2.0,5.0
60685,483.9509,2.561227,10870000.0,57.0,La,I,0.8693649999999999,2.5,3.4305660000000002,2.5,CB,1.0,6.0
60700,484.0013,2.5609599999999997,484400.0,57.01,La,II,0.321317,2.0,2.8822520000000003,2.0,CB',2.0,5.0
60857,485.0602,2.55537,789200.0,57.01,La,II,0.7721020000000001,2.0,3.327446,3.0,APR,2.0,7.0
60860,485.0797,2.5552669999999997,1511000.0,57.0,La,I,0.13058,2.5,2.685821,3.5,CB,1.0,8.0
60907,485.4946,2.553083,6658000.0,57.0,La,I,1.138642,2.5,3.6917,2.5,CB,1.0,6.0
60979,486.0895,2.549959,2920000.0,57.01,La,II,0.24433600000000003,4.0,2.794269,3.0,ABH,2.0,7.0
61090,487.0559,2.544899,9924000.0,57.0,La,I,1.047174,1.5,3.592048,1.5,CB,1.0,4.0
61187,487.8841,2.540579,8793000.0,57.0,La,I,0.998339,3.5,3.538893,3.5,CB,1.0,8.0
61301,488.7597,2.536028,4651000.0,57.0,La,I,0.998339,3.5,3.5343419999999997,2.5,CB,1.0,6.0
61446,489.9915,2.5296529999999997,4554000.0,57.01,La,II,0.0,2.0,2.529627,3.0,CB',2.0,7.0
61482,490.1861,2.528648,1202000.0,57.0,La,I,0.13058,2.5,2.6592029999999998,3.5,CB,1.0,8.0
61523,490.5137,2.52696,3423000.0,57.0,La,I,0.8693649999999999,2.5,3.396299,2.5,CB,1.0,6.0
61703,492.0976,2.518826,5696000.0,57.01,La,II,0.12598,3.0,2.644781,4.0,CB',2.0,9.0
61715,492.1776,2.518417,5227000.0,57.01,La,II,0.24433600000000003,4.0,2.762727,5.0,CB',2.0,11.0
61866,493.4829,2.511755,8516000.0,57.01,La,II,1.251603,2.0,3.7633330000000003,1.0,CB',2.0,3.0
61876,493.5614,2.511356,708100.0,57.01,La,II,0.708957,1.0,3.220287,1.0,CB',2.0,3.0
61996,494.584,2.506164,4936000.0,57.0,La,I,0.8693649999999999,2.5,3.3755029999999997,1.5,CB,1.0,4.0
62004,494.6452,2.5058540000000002,1277000.0,57.01,La,II,0.234969,1.0,2.740797,2.0,ABH,2.0,5.0
62037,494.9756,2.504181,19220000.0,57.0,La,I,0.0,1.5,2.504156,0.5,CB,1.0,2.0
62070,495.2053,2.5030189999999997,10700000.0,57.01,La,II,2.382299,4.0,4.885294,3.0,CB,2.0,7.0
62274,497.0386,2.4937869999999998,5807000.0,57.01,La,II,0.321317,2.0,2.81508,1.0,CB',2.0,3.0
62368,497.7942,2.490002,827400.0,57.0,La,I,0.0,1.5,2.489977,1.5,CB,1.0,4.0
62465,498.6819,2.48557,5510000.0,57.01,La,II,0.17289100000000002,2.0,2.658436,1.0,ABH,2.0,3.0
62518,499.1283,2.483347,5893000.0,57.01,La,II,0.91681,0.0,3.4001309999999996,1.0,CB',2.0,3.0
62544,499.3861,2.482065,1640000.0,57.0,La,I,0.0,1.5,2.48204,1.5,CB,1.0,4.0
62568,499.6829,2.4805900000000003,4002000.0,57.01,La,II,2.382299,4.0,4.862865,4.0,CB,2.0,9.0
62596,499.9461,2.479285,6872000.0,57.01,La,II,0.402992,3.0,2.8822520000000003,2.0,CB',2.0,5.0
62633,500.1759,2.478145,6347000.0,57.0,La,I,0.998339,3.5,3.47646,3.5,CB,1.0,8.0
62637,500.2125,2.477964,5328000.0,57.01,La,II,2.2609209999999997,3.0,4.738861,2.0,CB,2.0,5.0
63172,504.6872,2.455994,4621000.0,57.0,La,I,0.43327299999999996,3.5,2.889242,3.5,CB,1.0,8.0
63187,504.8026,2.455432,2169000.0,57.01,La,II,2.382299,4.0,4.837707,5.0,APR,2.0,11.0
63209,505.0564,2.454199,7746000.0,57.0,La,I,0.373194,2.5,2.827368,2.5,CB,1.0,6.0
63266,505.646,2.451337,8593000.0,57.0,La,I,0.330815,1.5,2.782127,1.5,CB,1.0,4.0
63327,506.2918,2.44821,1282000.0,57.01,La,II,0.7721020000000001,2.0,3.220287,1.0,CB',2.0,3.0
63385,506.789,2.445809,1449000.0,57.0,La,I,0.43327299999999996,3.5,2.879057,3.5,CB,1.0,8.0
63505,508.0171,2.439896,2275000.0,57.01,La,II,1.955698,3.0,4.395569999999999,3.0,CB',2.0,7.0
63766,510.6236,2.427441,18910000.0,57.0,La,I,0.330815,1.5,2.758232,0.5,CB,1.0,2.0
63846,511.4559,2.423491,7399000.0,57.01,La,II,0.234969,1.0,2.658436,1.0,ABH,2.0,3.0
63905,512.0868,2.420506,11040000.0,57.0,La,I,1.047174,1.5,3.467656,1.5,CB,1.0,4.0
63930,512.2988,2.419504,5969000.0,57.01,La,II,0.321317,2.0,2.740797,2.0,ABH,2.0,5.0
64148,514.5416,2.408958,22860000.0,57.0,La,I,0.373194,2.5,2.782127,1.5,CB,1.0,4.0
64283,515.6734,2.403671,1033000.0,57.01,La,II,0.12598,3.0,2.529627,3.0,CB',2.0,7.0
64293,515.7433,2.4033450000000003,16750000.0,57.01,La,II,2.210095,4.0,4.613416,3.0,CB,2.0,7.0
64303,515.8671,2.402768,4175000.0,57.0,La,I,0.0,1.5,2.4027439999999998,2.5,CB,1.0,6.0
64355,516.3611,2.40047,666400.0,57.01,La,II,0.24433600000000003,4.0,2.644781,4.0,CB',2.0,9.0
64398,516.7791,2.3985279999999998,2174000.0,57.0,La,I,0.511015,4.5,2.909519,4.5,CB,1.0,10.0
64448,517.2914,2.396153,4441000.0,57.01,La,II,2.342732,2.0,4.738861,2.0,CB,2.0,5.0
64456,517.379,2.395747,395600000.0,57.01,La,II,3.9924209999999998,3.0,6.3881440000000005,2.0,CB,2.0,5.0
64487,517.7308,2.394119,21750000.0,57.0,La,I,0.43327299999999996,3.5,2.827368,2.5,CB,1.0,6.0
64513,517.9094,2.393293,5411000.0,57.0,La,I,1.047174,1.5,3.4404440000000003,1.5,CB,1.0,4.0
64563,518.3409,2.391301,7237000.0,57.01,La,II,0.402992,3.0,2.794269,3.0,ABH,2.0,7.0
64571,518.3907,2.3910720000000003,1724000.0,57.0,La,I,0.13058,2.5,2.5216279999999998,2.5,CB,1.0,6.0
64620,518.8206,2.38909,22000000.0,57.01,La,II,2.448641,6.0,4.837707,5.0,APR,2.0,11.0
64802,520.413,2.38178,14350000.0,57.01,La,II,2.303677,5.0,4.685433,4.0,CB,2.0,9.0
64885,521.1851,2.3782520000000003,23810000.0,57.0,La,I,0.511015,4.5,2.889242,3.5,CB,1.0,8.0
65034,522.6202,2.371721,3568000.0,57.01,La,II,2.210095,4.0,4.581793,3.0,CB',2.0,7.0
65115,523.4268,2.368066,17100000.0,57.0,La,I,0.511015,4.5,2.879057,3.5,CB,1.0,8.0
65170,523.9535,2.365686,3178000.0,57.0,La,I,0.998339,3.5,3.364001,3.5,CB,1.0,8.0
65328,525.3448,2.3594209999999998,9140000.0,57.0,La,I,0.13058,2.5,2.489977,1.5,CB,1.0,4.0
65390,525.9379,2.35676,598300.0,57.01,La,II,0.17289100000000002,2.0,2.529627,3.0,CB',2.0,7.0
65522,527.1182,2.351483,9728000.0,57.0,La,I,0.13058,2.5,2.48204,1.5,CB,1.0,4.0
65594,527.642,2.349148,7431000.0,57.0,La,I,1.047174,1.5,3.396299,2.5,CB,1.0,6.0
65622,527.9134,2.347941,1882000.0,57.01,La,II,2.2609209999999997,3.0,4.608839,4.0,CB,2.0,9.0
65739,529.0818,2.342756,847000.0,57.01,La,II,0.0,2.0,2.342732,2.0,ABH,2.0,5.0
65873,530.1969,2.337829,4743000.0,57.01,La,II,0.402992,3.0,2.740797,2.0,ABH,2.0,5.0
65887,530.2582,2.337558,10230000.0,57.01,La,II,2.058035,4.0,4.395569999999999,3.0,CB',2.0,7.0
65903,530.3528,2.3371419999999996,2935000.0,57.01,La,II,0.321317,2.0,2.658436,1.0,ABH,2.0,3.0
65905,530.4003,2.336932,4859000.0,57.0,La,I,0.9286989999999999,1.5,3.265607,2.5,CB,1.0,6.0
66071,532.014,2.329844,317700.0,57.0,La,I,0.43327299999999996,3.5,2.763093,4.5,CB,1.0,10.0
66104,532.3548,2.328352,6598000.0,57.0,La,I,1.047174,1.5,3.3755029999999997,1.5,CB,1.0,4.0
66275,534.0655,2.320895,11580000.0,57.01,La,II,2.2609209999999997,3.0,4.581793,3.0,CB',2.0,7.0
66486,535.7865,2.313439,11160000.0,57.0,La,I,0.952191,2.5,3.265607,2.5,CB,1.0,6.0
66565,536.5872,2.309988,2770000.0,57.0,La,I,0.8693649999999999,2.5,3.179329,1.5,CB,1.0,4.0
66676,537.7052,2.305184,9518000.0,57.01,La,II,2.303677,5.0,4.608839,4.0,CB,2.0,9.0
66704,538.0016,2.303915,3157000.0,57.0,La,I,1.235002,3.5,3.538893,3.5,CB,1.0,8.0
66712,538.0983,2.303501,4217000.0,57.01,La,II,0.91681,0.0,3.220287,1.0,CB',2.0,3.0
66719,538.191,2.3031040000000003,8771000.0,57.01,La,II,2.134007,2.0,4.437088,2.0,CB',2.0,5.0
67061,541.5633,2.288763,3754000.0,57.0,La,I,0.9286989999999999,1.5,3.217438,1.5,CB,1.0,4.0
67214,542.9832,2.282778,5275000.0,57.0,La,I,0.896574,0.5,3.179329,1.5,CB,1.0,4.0
67289,543.7546,2.2795389999999998,5521000.0,57.0,La,I,0.896574,0.5,3.176091,0.5,CB,1.0,2.0
67459,545.5141,2.2721869999999997,7623000.0,57.0,La,I,0.13058,2.5,2.4027439999999998,2.5,CB,1.0,6.0
67491,545.8697,2.270707,3123000.0,57.01,La,II,2.342732,2.0,4.613416,3.0,CB,2.0,7.0
67539,546.4372,2.268348,392400.0,57.01,La,II,0.7721020000000001,2.0,3.040427,3.0,CB',2.0,7.0
67558,546.6921,2.267291,1413000.0,57.0,La,I,0.998339,3.5,3.265607,2.5,CB,1.0,6.0
67715,548.0714,2.2615849999999997,1955000.0,57.01,La,II,2.134007,2.0,4.395569999999999,3.0,CB',2.0,7.0
67748,548.2268,2.260944,276000.0,57.01,La,II,0.0,2.0,2.2609209999999997,3.0,ABH,2.0,7.0
67828,549.1063,2.2573220000000003,2072000.0,57.0,La,I,0.8693649999999999,2.5,3.126664,2.5,CB,1.0,6.0
67843,549.345,2.2563419999999996,144500.0,57.01,La,II,0.12598,3.0,2.382299,4.0,ABH,2.0,9.0
67918,550.1325,2.253112,7778000.0,57.0,La,I,0.0,1.5,2.253089,1.5,CB,1.0,4.0
67934,550.2279,2.2527209999999998,2837000.0,57.0,La,I,1.229916,4.5,3.482614,4.5,CB,1.0,10.0
67937,550.2645,2.252571,397800.0,57.0,La,I,0.43327299999999996,3.5,2.685821,3.5,CB,1.0,8.0
67950,550.3794,2.2521009999999997,1917000.0,57.0,La,I,0.511015,4.5,2.763093,4.5,CB,1.0,10.0
67975,550.5988,2.251204,567600.0,57.0,La,I,0.0,1.5,2.2511810000000003,2.5,CB,1.0,6.0
68063,551.5271,2.247415,10460000.0,57.0,La,I,0.9286989999999999,1.5,3.176091,0.5,CB,1.0,2.0
68083,551.7353,2.2465669999999998,8656000.0,57.0,La,I,1.229916,4.5,3.47646,3.5,CB,1.0,8.0
68209,552.9872,2.2414810000000003,2429000.0,57.0,La,I,1.235002,3.5,3.47646,3.5,CB,1.0,8.0
68264,553.5656,2.2391389999999998,4078000.0,57.01,La,II,1.251603,2.0,3.4907190000000003,1.0,CB',2.0,3.0
68312,554.1237,2.236883,13950000.0,57.0,La,I,1.138642,2.5,3.3755029999999997,1.5,CB,1.0,4.0
68352,554.4892,2.235409,5808000.0,57.0,La,I,1.205057,1.5,3.4404440000000003,1.5,CB,1.0,4.0
68559,556.5429,2.22716,7093000.0,57.0,La,I,0.952191,2.5,3.179329,1.5,CB,1.0,4.0
68562,556.5698,2.2270529999999997,965400.0,57.0,La,I,0.373194,2.5,2.6002240000000003,2.5,CB,1.0,6.0
68573,556.6925,2.226562,1772000.0,57.01,La,II,2.382299,4.0,4.608839,4.0,CB,2.0,9.0
68586,556.8448,2.225953,1657000.0,57.0,La,I,0.43327299999999996,3.5,2.6592029999999998,3.5,CB,1.0,8.0
68600,557.0365,2.225187,163700.0,57.0,La,I,0.0,1.5,2.225164,2.5,CB,1.0,6.0
68795,558.8326,2.218035,1286000.0,57.0,La,I,0.43327299999999996,3.5,2.6512860000000003,4.5,CB,1.0,10.0
69192,563.1193,2.201151,2752000.0,57.0,La,I,0.373194,2.5,2.574322,3.5,CB,1.0,8.0
69200,563.2011,2.200831,7088000.0,57.0,La,I,0.8693649999999999,2.5,3.070174,1.5,CB,1.0,4.0
69281,563.9296,2.197988,3186000.0,57.0,La,I,0.9286989999999999,1.5,3.126664,2.5,CB,1.0,6.0
69374,564.823,2.194511,22910000.0,57.0,La,I,1.229916,4.5,3.424405,4.5,CB,1.0,10.0
69450,565.66,2.191264,2348000.0,57.0,La,I,1.205057,1.5,3.396299,2.5,CB,1.0,6.0
69455,565.7707,2.190835,2694000.0,57.0,La,I,0.330815,1.5,2.5216279999999998,2.5,CB,1.0,6.0
69585,567.1528,2.185496,3994000.0,57.01,La,II,2.210095,4.0,4.395569999999999,3.0,CB',2.0,7.0
69798,569.6182,2.176037,870200.0,57.0,La,I,0.13058,2.5,2.306596,3.5,CB,1.0,8.0
69825,569.9348,2.174829,294500.0,57.0,La,I,0.511015,4.5,2.685821,3.5,CB,1.0,8.0
69868,570.3311,2.173317,504300.0,57.01,La,II,0.708957,1.0,2.8822520000000003,2.0,CB',2.0,5.0
69946,571.0798,2.170468,2283000.0,57.0,La,I,1.205057,1.5,3.3755029999999997,1.5,CB,1.0,4.0
69968,571.2391,2.1698630000000003,418100.0,57.01,La,II,0.17289100000000002,2.0,2.342732,2.0,ABH,2.0,5.0
69978,571.401,2.169248,2642000.0,57.0,La,I,0.8693649999999999,2.5,3.038591,2.5,CB,1.0,6.0
69981,571.4536,2.169048,1538000.0,57.0,La,I,1.235002,3.5,3.404028,3.5,CB,1.0,8.0
70043,572.0009,2.166973,1151000.0,57.0,La,I,0.43327299999999996,3.5,2.6002240000000003,2.5,CB,1.0,6.0
70106,572.7281,2.164222,513900.0,57.01,La,II,0.65088,0.0,2.81508,1.0,CB',2.0,3.0
70167,573.4972,2.1613189999999998,6007000.0,57.0,La,I,1.235002,3.5,3.396299,2.5,CB,1.0,6.0
70230,574.0643,2.159184,5419000.0,57.0,La,I,0.330815,1.5,2.489977,1.5,CB,1.0,4.0
70252,574.2922,2.158327,1921000.0,57.0,La,I,0.896574,0.5,3.05488,1.5,CB,1.0,4.0
70272,574.4384,2.157778,9382000.0,57.0,La,I,0.952191,2.5,3.109948,3.5,CB,1.0,8.0
70454,576.1825,2.151247,4578000.0,57.0,La,I,0.330815,1.5,2.48204,1.5,CB,1.0,4.0
70527,576.9057,2.14855,7491000.0,57.01,La,II,1.251603,2.0,3.4001309999999996,1.0,CB',2.0,3.0
70531,576.931,2.148456,7647000.0,57.0,La,I,0.373194,2.5,2.5216279999999998,2.5,CB,1.0,6.0
70541,576.9969,2.1482099999999997,5110000.0,57.0,La,I,0.998339,3.5,3.146528,3.5,CB,1.0,8.0
70731,578.9208,2.1410709999999997,5566000.0,57.0,La,I,0.43327299999999996,3.5,2.574322,3.5,CB,1.0,8.0
70754,579.1315,2.1402919999999996,7557000.0,57.0,La,I,0.511015,4.5,2.6512860000000003,4.5,CB,1.0,10.0
70814,579.7565,2.137985,857300.0,57.01,La,II,0.24433600000000003,4.0,2.382299,4.0,ABH,2.0,9.0
70886,580.5773,2.134962,693500.0,57.01,La,II,0.12598,3.0,2.2609209999999997,3.0,ABH,2.0,7.0
70922,580.8313,2.134029,249400.0,57.01,La,II,0.0,2.0,2.134007,2.0,ABH,2.0,5.0
71050,582.1975,2.129021,15510000.0,57.0,La,I,1.235002,3.5,3.364001,3.5,CB,1.0,8.0
71068,582.382,2.128346,4419000.0,57.0,La,I,0.998339,3.5,3.126664,2.5,CB,1.0,6.0
71102,582.7545,2.126986,2721000.0,57.0,La,I,1.138642,2.5,3.265607,2.5,CB,1.0,6.0
71118,582.9692,2.126203,8522000.0,57.0,La,I,0.9286989999999999,1.5,3.05488,1.5,CB,1.0,4.0
71204,583.9779,2.12253,274800.0,57.0,La,I,0.13058,2.5,2.253089,1.5,CB,1.0,4.0
71250,584.5034,2.120622,270500.0,57.0,La,I,0.13058,2.5,2.2511810000000003,2.5,CB,1.0,6.0
71290,584.8398,2.119402,23530000.0,57.0,La,I,1.644075,1.5,3.7634559999999997,2.5,CB,1.0,6.0
71296,584.8939,2.119206,4598000.0,57.01,La,II,2.658436,1.0,4.777621,1.0,CB,2.0,3.0
71326,585.226,2.118004,3691000.0,57.0,La,I,0.952191,2.5,3.070174,1.5,CB,1.0,4.0
71351,585.5575,2.116805,2326000.0,57.0,La,I,0.373194,2.5,2.489977,1.5,CB,1.0,4.0
71410,586.3691,2.113875,711900.0,57.01,La,II,0.926574,4.0,3.040427,3.0,CB',2.0,7.0
71464,586.9926,2.11163,962800.0,57.0,La,I,0.998339,3.5,3.109948,3.5,CB,1.0,8.0
71499,587.3982,2.110171,232800.0,57.01,La,II,0.7721020000000001,2.0,2.8822520000000003,2.0,CB',2.0,5.0
71505,587.47,2.109914,3219000.0,57.0,La,I,0.9286989999999999,1.5,3.038591,2.5,CB,1.0,6.0
71528,587.7615,2.108867,621500.0,57.0,La,I,0.373194,2.5,2.48204,1.5,CB,1.0,4.0
71565,588.0633,2.107785,432600.0,57.01,La,II,0.234969,1.0,2.342732,2.0,ABH,2.0,5.0
71670,589.4826,2.1027099999999996,7094000.0,57.0,La,I,0.952191,2.5,3.05488,1.5,CB,1.0,4.0
71720,590.0681,2.100623,1000000.0,57.0,La,I,0.896574,0.5,2.997177,1.5,CB,1.0,4.0
71734,590.1988,2.100158,2227000.0,57.01,La,II,2.762727,5.0,4.862865,4.0,CB,2.0,9.0
71758,590.4278,2.099344,1269000.0,57.0,La,I,0.998339,3.5,3.0976619999999997,2.5,CB,1.0,6.0
71854,591.7636,2.094605,502800.0,57.0,La,I,0.13058,2.5,2.225164,2.5,CB,1.0,6.0
71933,592.7709,2.0910450000000003,3041000.0,57.01,La,II,2.794269,3.0,4.885294,3.0,CB,2.0,7.0
71942,592.8465,2.090779,1230000.0,57.0,La,I,0.8693649999999999,2.5,2.960123,2.5,CB,1.0,6.0
71964,593.0617,2.09002,2598000.0,57.0,La,I,0.13058,2.5,2.2205790000000003,3.5,CB,1.0,8.0
72006,593.5286,2.088376,1409000.0,57.0,La,I,0.43327299999999996,3.5,2.5216279999999998,2.5,CB,1.0,6.0
72013,593.621,2.0880509999999997,235400.0,57.01,La,II,0.17289100000000002,2.0,2.2609209999999997,3.0,ABH,2.0,7.0
72049,594.0849,2.086421,929000.0,57.0,La,I,0.952191,2.5,3.038591,2.5,CB,1.0,6.0
72099,594.8293,2.0838099999999997,1905000.0,57.01,La,II,2.529627,3.0,4.613416,3.0,CB,2.0,7.0
72176,596.0589,2.079511,2265000.0,57.0,La,I,1.047174,1.5,3.126664,2.5,CB,1.0,6.0
72186,596.258,2.078817,2517000.0,57.0,La,I,1.138642,2.5,3.217438,1.5,CB,1.0,4.0
72249,597.1063,2.075863,243600.0,57.01,La,II,1.251603,2.0,3.327446,3.0,APR,2.0,7.0
72271,597.3546,2.075,4467000.0,57.01,La,II,2.762727,5.0,4.837707,5.0,APR,2.0,11.0
72290,597.5717,2.074247,950600.0,57.0,La,I,0.952191,2.5,3.026417,3.5,CB,1.0,8.0
72345,598.2339,2.07195,438500.0,57.0,La,I,0.330815,1.5,2.4027439999999998,2.5,CB,1.0,6.0
72431,599.2322,2.068499,1537000.0,57.0,La,I,0.9286989999999999,1.5,2.997177,1.5,CB,1.0,4.0
72564,600.7338,2.063328,1212000.0,57.0,La,I,0.511015,4.5,2.574322,3.5,CB,1.0,8.0
72656,601.7162,2.05996,7639000.0,57.0,La,I,1.644075,1.5,3.704014,1.5,CB,1.0,4.0
72794,603.858,2.052653,3265000.0,57.0,La,I,0.9286989999999999,1.5,2.981331,2.5,CB,1.0,6.0
72975,606.7117,2.042999,275900.0,57.01,La,II,0.7721020000000001,2.0,2.81508,1.0,CB',2.0,3.0
72989,606.8712,2.042462,3941000.0,57.0,La,I,0.896574,0.5,2.939016,1.5,CB,1.0,4.0
73003,607.2044,2.041341,1567000.0,57.0,La,I,1.047174,1.5,3.088495,1.5,CB,1.0,4.0
73073,608.4861,2.037041,80420000.0,57.0,La,I,2.089979,2.5,4.127,0.0,CB,1.0,1.0
73181,610.0374,2.031861,594600.0,57.01,La,II,0.708957,1.0,2.740797,2.0,ABH,2.0,5.0
73245,610.7258,2.029571,265500.0,57.0,La,I,0.373194,2.5,2.4027439999999998,2.5,CB,1.0,6.0
73259,610.8493,2.029161,4942000.0,57.0,La,I,0.952191,2.5,2.981331,2.5,CB,1.0,6.0
73274,611.1693,2.028098,2446000.0,57.0,La,I,0.998339,3.5,3.026417,3.5,CB,1.0,8.0
73370,612.6075,2.0233369999999997,2044000.0,57.01,La,II,1.251603,2.0,3.2749200000000003,2.0,APR,2.0,5.0
73379,612.7036,2.0230200000000003,3071000.0,57.0,La,I,1.047174,1.5,3.070174,1.5,CB,1.0,4.0
73402,612.9556,2.0221880000000003,801500.0,57.01,La,II,0.7721020000000001,2.0,2.794269,3.0,ABH,2.0,7.0
73436,613.4393,2.020593,8656000.0,57.0,La,I,0.896574,0.5,2.917147,0.5,CB,1.0,2.0
73519,614.53,2.017007,4827000.0,57.0,La,I,1.8621869999999998,3.5,3.879174,3.5,CB,1.0,8.0
73531,614.6523,2.0166060000000003,85410.0,57.01,La,II,0.24433600000000003,4.0,2.2609209999999997,3.0,ABH,2.0,7.0
73671,616.5689,2.010337,6790000.0,57.0,La,I,0.9286989999999999,1.5,2.939016,1.5,CB,1.0,4.0
73716,617.2721,2.008047,167500.0,57.01,La,II,0.12598,3.0,2.134007,2.0,ABH,2.0,5.0
73818,618.8084,2.003062,5317000.0,57.01,La,II,2.8822520000000003,2.0,4.885294,3.0,CB,2.0,7.0
73903,620.3501,1.998084,3233000.0,57.01,La,II,2.740797,2.0,4.738861,2.0,CB,2.0,5.0
73979,621.8218,1.993355,884200.0,57.0,La,I,1.229916,4.5,3.223251,4.5,CB,1.0,10.0
74065,623.3498,1.9884689999999998,5538000.0,57.0,La,I,0.9286989999999999,1.5,2.917147,0.5,CB,1.0,2.0
74071,623.4835,1.9880419999999999,2925000.0,57.0,La,I,1.138642,2.5,3.126664,2.5,CB,1.0,6.0
74081,623.6757,1.98743,2056000.0,57.0,La,I,0.896574,0.5,2.883984,0.5,CB,1.0,2.0
74093,623.8594,1.9868439999999998,1628000.0,57.0,La,I,0.952191,2.5,2.939016,1.5,CB,1.0,4.0
74155,624.9916,1.9832450000000001,7638000.0,57.0,La,I,0.511015,4.5,2.49424,5.5,CB,1.0,12.0
74249,626.2287,1.979327,1087000.0,57.01,La,II,0.402992,3.0,2.382299,4.0,ABH,2.0,9.0
74271,626.5997,1.9781549999999999,5020000.0,57.0,La,I,1.229916,4.5,3.2080509999999998,5.5,CB,1.0,12.0
74324,627.3755,1.975709,5127000.0,57.01,La,II,3.040427,3.0,5.0161169999999995,2.0,CB,2.0,5.0
74405,628.7708,1.971325,1213000.0,57.0,La,I,1.138642,2.5,3.109948,3.5,CB,1.0,8.0
74411,628.8574,1.971054,4850000.0,57.0,La,I,1.205057,1.5,3.176091,0.5,CB,1.0,2.0
74442,629.3562,1.9694909999999999,1143000.0,57.0,La,I,0.43327299999999996,3.5,2.4027439999999998,2.5,CB,1.0,6.0
74456,629.6079,1.968704,6290000.0,57.01,La,II,1.251603,2.0,3.220287,1.0,CB',2.0,3.0
74526,630.5447,1.9657790000000002,77660.0,57.01,La,II,0.24433600000000003,4.0,2.210095,4.0,CB',2.0,9.0
74568,631.0912,1.964077,2815000.0,57.01,La,II,2.644781,4.0,4.608839,4.0,CB,2.0,9.0
74606,631.8227,1.961803,987500.0,57.0,La,I,0.998339,3.5,2.960123,2.5,CB,1.0,6.0
74623,632.0376,1.961136,819300.0,57.01,La,II,0.17289100000000002,2.0,2.134007,2.0,ABH,2.0,5.0
74652,632.5915,1.9594189999999998,898400.0,57.0,La,I,0.13058,2.5,2.089979,2.5,CB,1.0,6.0
74809,635.8105,1.949499,631100.0,57.01,La,II,0.708957,1.0,2.658436,1.0,ABH,2.0,3.0
74825,636.0208,1.948854,3934000.0,57.0,La,I,1.1213389999999999,0.5,3.070174,1.5,CB,1.0,4.0
75011,639.0477,1.9396229999999999,827400.0,57.01,La,II,0.321317,2.0,2.2609209999999997,3.0,ABH,2.0,7.0
75029,639.4237,1.9384830000000002,4388000.0,57.0,La,I,0.43327299999999996,3.5,2.371736,4.5,CB,1.0,10.0
75060,639.903,1.9370310000000002,6864000.0,57.01,La,II,2.644781,4.0,4.581793,3.0,CB',2.0,7.0
75132,641.0975,1.9334220000000002,2275000.0,57.0,La,I,0.373194,2.5,2.306596,3.5,CB,1.0,8.0
75377,644.664,1.922725,3396000.0,57.01,La,II,2.762727,5.0,4.685433,4.0,CB,2.0,9.0
75385,644.8087,1.922294,400800.0,57.0,La,I,0.330815,1.5,2.253089,1.5,CB,1.0,4.0
75399,645.0326,1.921627,1221000.0,57.0,La,I,1.205057,1.5,3.126664,2.5,CB,1.0,6.0
75423,645.4494,1.9203860000000001,1164000.0,57.0,La,I,0.330815,1.5,2.2511810000000003,2.5,CB,1.0,6.0
75438,645.5978,1.9199439999999999,1448000.0,57.0,La,I,0.13058,2.5,2.050505,3.5,CB,1.0,8.0
75519,646.8401,1.9162569999999999,1550000.0,57.0,La,I,1.138642,2.5,3.05488,1.5,CB,1.0,4.0
75604,648.5522,1.911198,812800.0,57.0,La,I,0.998339,3.5,2.909519,4.5,CB,1.0,10.0
75675,649.8165,1.9074799999999998,5362000.0,57.01,La,II,2.529627,3.0,4.437088,2.0,CB',2.0,5.0
75726,650.6234,1.905114,19370000.0,57.0,La,I,1.747644,0.5,3.652739,0.0,CB,1.0,1.0
75859,652.6984,1.8990580000000001,569500.0,57.01,La,II,0.234969,1.0,2.134007,2.0,ABH,2.0,5.0
75873,652.9627,1.898289,238200.0,57.01,La,II,0.91681,0.0,2.81508,1.0,CB',2.0,3.0
75955,654.314,1.894369,1600000.0,57.0,La,I,0.330815,1.5,2.225164,2.5,CB,1.0,6.0
76111,656.5468,1.8879259999999998,273700.0,57.0,La,I,0.13058,2.5,2.018488,1.5,CB,1.0,4.0
76148,657.0944,1.886353,155400.0,57.01,La,II,0.7721020000000001,2.0,2.658436,1.0,ABH,2.0,3.0
76196,657.8516,1.884182,630200.0,57.0,La,I,0.0,1.5,1.884163,2.5,CB,1.0,6.0
76214,658.219,1.88313,4112000.0,57.0,La,I,1.996056,3.5,3.879168,3.5,CB,1.0,8.0
76282,659.345,1.8799139999999999,898700.0,57.0,La,I,0.373194,2.5,2.253089,1.5,CB,1.0,4.0
76319,660.0149,1.878006,423300.0,57.0,La,I,0.373194,2.5,2.2511810000000003,2.5,CB,1.0,6.0
76371,660.8198,1.875719,2533000.0,57.0,La,I,1.235002,3.5,3.110702,4.5,CB,1.0,10.0
76423,661.6582,1.8733419999999998,588200.0,57.0,La,I,0.43327299999999996,3.5,2.306596,3.5,CB,1.0,8.0
76569,663.6519,1.8677139999999999,116100.0,57.01,La,II,0.926574,4.0,2.794269,3.0,ABH,2.0,7.0
76603,664.2755,1.865961,2366000.0,57.01,La,II,2.529627,3.0,4.395569999999999,3.0,CB',2.0,7.0
76614,664.4415,1.8654950000000001,160700.0,57.0,La,I,0.13058,2.5,1.996056,3.5,CB,1.0,8.0
76619,664.516,1.865286,7342000.0,57.0,La,I,2.013906,4.5,3.879173,3.5,CB,1.0,8.0
76658,665.0793,1.863706,474300.0,57.0,La,I,0.0,1.5,1.8636869999999999,1.5,CB,1.0,4.0
76729,666.1393,1.86074,947900.0,57.0,La,I,0.511015,4.5,2.371736,4.5,CB,1.0,10.0
76799,667.1404,1.857948,199700.0,57.01,La,II,0.402992,3.0,2.2609209999999997,3.0,ABH,2.0,7.0
76932,669.287,1.8519889999999999,568200.0,57.0,La,I,0.373194,2.5,2.225164,2.5,CB,1.0,6.0
77029,670.948,1.847404,1851000.0,57.0,La,I,0.373194,2.5,2.2205790000000003,3.5,CB,1.0,8.0
77055,671.4113,1.8461299999999998,1930000.0,57.01,La,II,2.762727,5.0,4.608839,4.0,CB,2.0,9.0
77084,671.8643,1.8448849999999999,1715000.0,57.01,La,II,3.040427,3.0,4.885294,3.0,CB,2.0,7.0
77168,673.2769,1.841014,1103000.0,57.01,La,II,2.740797,2.0,4.581793,3.0,CB',2.0,7.0
77275,674.8112,1.836828,6676000.0,57.0,La,I,1.047174,1.5,2.883984,0.5,CB,1.0,2.0
77311,675.3021,1.835493,238100.0,57.0,La,I,0.0,1.5,1.835474,2.5,CB,1.0,6.0
77447,677.4268,1.829736,314100.0,57.01,La,II,0.12598,3.0,1.955698,3.0,CB',2.0,7.0
77619,679.6701,1.8236970000000001,41420.0,57.0,La,I,0.0,1.5,1.823679,1.5,CB,1.0,4.0
77692,680.8885,1.820434,59360.0,57.01,La,II,0.12598,3.0,1.946396,4.0,CB',2.0,9.0
77727,681.3633,1.8191650000000001,1871000.0,57.01,La,II,2.794269,3.0,4.613416,3.0,CB,2.0,7.0
77785,682.3725,1.816475,1422000.0,57.0,La,I,0.8693649999999999,2.5,2.685821,3.5,CB,1.0,8.0
77873,683.4099,1.8137169999999998,104800.0,57.01,La,II,0.24433600000000003,4.0,2.058035,4.0,CB',2.0,9.0
77894,683.7904,1.8127080000000002,149600.0,57.01,La,II,0.321317,2.0,2.134007,2.0,ABH,2.0,5.0
78049,685.9044,1.807121,36910.0,57.01,La,II,0.402992,3.0,2.210095,4.0,CB',2.0,9.0
78397,691.7272,1.791909,306100.0,57.0,La,I,0.43327299999999996,3.5,2.225164,2.5,CB,1.0,6.0
78403,691.8282,1.791648,68510.0,57.0,La,I,0.13058,2.5,1.9222099999999998,2.5,CB,1.0,6.0
78442,692.5207,1.7898560000000001,2041000.0,57.0,La,I,0.8693649999999999,2.5,2.6592029999999998,3.5,CB,1.0,8.0
78500,693.5016,1.787325,499700.0,57.0,La,I,0.43327299999999996,3.5,2.2205790000000003,3.5,CB,1.0,8.0
78594,695.2519,1.782825,22620.0,57.01,La,II,0.17289100000000002,2.0,1.955698,3.0,CB',2.0,7.0
78603,695.4521,1.782312,29800.0,57.01,La,II,0.0,2.0,1.7822939999999998,3.0,CB',2.0,7.0
78624,695.8089,1.781398,524700.0,57.01,La,II,1.251603,2.0,3.032983,2.0,APR,2.0,5.0
78996,702.3643,1.764772,2459000.0,57.0,La,I,0.998339,3.5,2.763093,4.5,CB,1.0,10.0
79045,703.2047,1.762663,5737000.0,57.0,La,I,1.1213389999999999,0.5,2.883984,0.5,CB,1.0,2.0
79114,704.5959,1.759182,1259000.0,57.0,La,I,0.330815,1.5,2.089979,2.5,CB,1.0,6.0
79217,706.6198,1.754144,306600.0,57.01,La,II,0.0,2.0,1.7541259999999999,2.0,CB',2.0,5.0
79228,706.8387,1.7536,369100.0,57.0,La,I,0.13058,2.5,1.884163,2.5,CB,1.0,6.0
79506,711.6915,1.741643,283300.0,57.01,La,II,0.91681,0.0,2.658436,1.0,ABH,2.0,3.0
79707,714.9739,1.7336470000000002,373400.0,57.0,La,I,0.952191,2.5,2.685821,3.5,CB,1.0,8.0
79748,715.8094,1.731624,170300.0,57.0,La,I,0.13058,2.5,1.8621869999999998,3.5,CB,1.0,8.0
79770,716.1186,1.7308759999999999,2069000.0,57.0,La,I,0.8693649999999999,2.5,2.6002240000000003,2.5,CB,1.0,6.0
80104,721.989,1.7168029999999999,256300.0,57.0,La,I,0.373194,2.5,2.089979,2.5,CB,1.0,6.0
80373,726.9978,1.704975,737400.0,57.0,La,I,0.8693649999999999,2.5,2.574322,3.5,CB,1.0,8.0
80375,727.0248,1.704911,51600.0,57.0,La,I,0.13058,2.5,1.835474,2.5,CB,1.0,6.0
80446,728.2354,1.702077,254200.0,57.01,La,II,0.24433600000000003,4.0,1.946396,4.0,CB',2.0,9.0
80674,732.09,1.6931150000000001,74590.0,57.0,La,I,0.13058,2.5,1.823679,1.5,CB,1.0,4.0
80764,733.4155,1.6900549999999999,278600.0,57.0,La,I,0.0,1.5,1.6900389999999998,2.5,CB,1.0,6.0
80811,734.5267,1.687499,2284000.0,57.0,La,I,0.998339,3.5,2.685821,3.5,CB,1.0,8.0
80988,738.2694,1.6789439999999998,8442000.0,57.0,La,I,1.205057,1.5,2.883984,0.5,CB,1.0,2.0
81383,746.2988,1.66088,1841000.0,57.0,La,I,0.998339,3.5,2.6592029999999998,3.5,CB,1.0,8.0
81482,748.349,1.6563299999999999,123200.0,57.01,La,II,0.12598,3.0,1.7822939999999998,3.0,CB',2.0,7.0
81562,749.8736,1.6529630000000002,1459000.0,57.0,La,I,0.998339,3.5,2.6512860000000003,4.5,CB,1.0,10.0
81734,753.3613,1.6453099999999998,476200.0,57.0,La,I,0.373194,2.5,2.018488,1.5,CB,1.0,4.0
81760,753.9198,1.6440919999999999,273600.0,57.0,La,I,0.0,1.5,1.644075,1.5,CB,1.0,4.0
82143,761.296,1.628162,39980.0,57.01,La,II,0.12598,3.0,1.7541259999999999,2.0,CB',2.0,5.0
82443,766.4333,1.617249,178600.0,57.0,La,I,0.43327299999999996,3.5,2.050505,3.5,CB,1.0,8.0
83358,784.1798,1.580649,90170.0,57.0,La,I,0.43327299999999996,3.5,2.013906,4.5,CB,1.0,10.0
83913,796.4857,1.5562280000000002,832700.0,57.0,La,I,0.330815,1.5,1.887027,0.5,CB,1.0,2.0
