,Wl/nm,E_Photon,A-Value,Elem. num,Element,ion state,E_lower_lev.,J_lower,E_upper_lev.,J_upper,Ref.,ion state num,g_j
2638,219.5556,5.645346,7476000.0,71.01,Lu,II,0.0,0.0,5.645289,1.0,CB,2.0,3.0
3845,227.6957,5.443544,4188000.0,71.01,Lu,II,3.380355,0.0,8.823844,1.0,CB',2.0,3.0
4181,229.738,5.395157,6493000.0,71.01,Lu,II,3.5339410000000004,1.0,8.929044000000001,2.0,CB',2.0,5.0
5941,239.2198,5.181329,161900000.0,71.01,Lu,II,2.148966,2.0,7.330242999999999,1.0,CB',2.0,3.0
6071,239.9139,5.166342,13960000.0,71.01,Lu,II,4.023691,2.0,9.189981,2.0,CB',2.0,5.0
6543,241.9207,5.123489,11420000.0,71.01,Lu,II,4.739109,1.0,9.862546,2.0,CB',2.0,5.0
6821,243.028,5.100146,9853000.0,71.01,Lu,II,4.023691,2.0,9.123786,2.0,CB',2.0,5.0
7492,245.9643,5.039265,7534000.0,71.01,Lu,II,1.541783,2.0,6.580997999999999,3.0,CB',2.0,7.0
7714,246.9265,5.01963,79200000.0,71.01,Lu,II,3.5339410000000004,1.0,8.553521,0.0,CB',2.0,1.0
8014,248.1728,4.9944239999999995,1992000.0,71.01,Lu,II,4.023691,2.0,9.018065,3.0,CB',2.0,7.0
9535,253.696,4.8856980000000005,23240000.0,71.01,Lu,II,1.462547,1.0,6.348197,2.0,CB',2.0,5.0
9838,254.6887,4.866657,8568000.0,71.01,Lu,II,4.023691,2.0,8.890299,2.0,CB',2.0,5.0
10558,257.123,4.8205849999999995,54760000.0,71.01,Lu,II,1.760462,3.0,6.580997999999999,3.0,CB',2.0,7.0
10773,257.8785,4.806462000000001,110200000.0,71.01,Lu,II,1.541783,2.0,6.348197,2.0,CB',2.0,5.0
10872,258.2149,4.8002,29030000.0,71.01,Lu,II,4.023691,2.0,8.823844,1.0,CB',2.0,3.0
11731,261.3397,4.7428099999999995,118100000.0,71.01,Lu,II,1.462547,1.0,6.20531,1.0,AS,2.0,3.0
11794,261.5412,4.7391559999999995,195700000.0,71.01,Lu,II,0.0,0.0,4.739109,1.0,CB,2.0,3.0
11893,261.9259,4.732194,414500000.0,71.01,Lu,II,1.462547,1.0,6.194694,0.0,CB',2.0,1.0
12866,265.7802,4.663573,176900000.0,71.01,Lu,II,1.541783,2.0,6.20531,1.0,AS,2.0,3.0
13600,268.5087,4.616187,555800000.0,71.0,Lu,I,0.5128149999999999,0.5,5.128956,0.5,CB',1.0,2.0
14079,270.1713,4.587781,246400000.0,71.01,Lu,II,1.760462,3.0,6.348197,2.0,CB',2.0,5.0
14794,272.8944,4.542003,42050000.0,71.0,Lu,I,0.0,1.5,4.541958,2.5,CB',1.0,6.0
15046,273.8173,4.526696,21970000.0,71.01,Lu,II,3.380355,0.0,7.907005000000001,1.0,AS,2.0,3.0
15497,275.4168,4.500407,308200000.0,71.01,Lu,II,1.541783,2.0,6.042145,3.0,CB,2.0,7.0
15846,276.575,4.4815629999999995,561300000.0,71.0,Lu,I,0.5128149999999999,0.5,4.994333,0.5,CB',1.0,2.0
16779,279.6633,4.432077,153300000.0,71.01,Lu,II,2.148966,2.0,6.580997999999999,3.0,CB',2.0,7.0
17874,283.4345,4.373108,83530000.0,71.01,Lu,II,3.5339410000000004,1.0,7.907005000000001,1.0,AS,2.0,3.0
18176,284.5129,4.356533,51710000.0,71.0,Lu,I,0.24721500000000002,2.5,4.6037040000000005,1.5,CB',1.0,4.0
18226,284.7505,4.352898000000001,248900000.0,71.01,Lu,II,1.462547,1.0,5.815402,2.0,CB,2.0,5.0
19426,289.4839,4.281727,569500000.0,71.01,Lu,II,1.760462,3.0,6.042145,3.0,CB,2.0,7.0
19568,290.0303,4.273662,380200000.0,71.01,Lu,II,1.541783,2.0,5.815402,2.0,CB,2.0,5.0
19625,290.3046,4.269623,22700000.0,71.0,Lu,I,0.0,1.5,4.269581,1.5,CB',1.0,4.0
19834,291.1394,4.257381,618600000.0,71.01,Lu,II,1.760462,3.0,6.0178,4.0,CB,2.0,9.0
20854,294.9736,4.202044,145300000.0,71.0,Lu,I,0.9269540000000001,1.5,5.128956,1.5,CB',1.0,4.0
20911,295.1683,4.199273000000001,76690000.0,71.01,Lu,II,2.148966,2.0,6.348197,2.0,CB',2.0,5.0
21197,296.3319,4.182784,401000000.0,71.01,Lu,II,1.462547,1.0,5.645289,1.0,CB,2.0,3.0
21380,296.9813,4.1736379999999995,134700000.0,71.01,Lu,II,1.462547,1.0,5.636143,2.0,CB,2.0,5.0
21899,298.9281,4.146457,209800000.0,71.0,Lu,I,0.0,1.5,4.146416,0.5,CB',1.0,2.0
22662,302.0541,4.103547,292800000.0,71.01,Lu,II,1.541783,2.0,5.645289,1.0,CB,2.0,3.0
22820,302.7289,4.094401,6963000.0,71.01,Lu,II,1.541783,2.0,5.636143,2.0,CB,2.0,5.0
23501,305.672,4.054981,183800000.0,71.01,Lu,II,1.760462,3.0,5.815402,2.0,CB,2.0,5.0
24012,307.7605,4.027464,270600000.0,71.01,Lu,II,1.541783,2.0,5.569205999999999,3.0,CB,2.0,7.0
24077,308.0133,4.024158,11980000.0,71.0,Lu,I,0.0,1.5,4.024118,2.5,CB',1.0,6.0
24110,308.1475,4.022406,411400000.0,71.0,Lu,I,0.24721500000000002,2.5,4.269581,1.5,CB',1.0,4.0
26280,317.1366,3.908397,75740000.0,71.0,Lu,I,0.0,1.5,3.908358,1.5,CB',1.0,4.0
26586,318.3731,3.893218,8972000.0,71.01,Lu,II,2.148966,2.0,6.042145,3.0,CB,2.0,7.0
26788,319.1819,3.883353,77390000.0,71.01,Lu,II,4.023691,2.0,7.907005000000001,1.0,AS,2.0,3.0
26934,319.8105,3.87572,73300000.0,71.01,Lu,II,1.760462,3.0,5.636143,2.0,CB,2.0,5.0
28177,325.4312,3.808783,159900000.0,71.01,Lu,II,1.760462,3.0,5.569205999999999,3.0,CB,2.0,7.0
28740,327.8967,3.7801449999999996,91270000.0,71.0,Lu,I,0.0,1.5,3.780107,1.5,CB',1.0,4.0
28808,328.1749,3.7769410000000003,215500000.0,71.0,Lu,I,0.24721500000000002,2.5,4.024118,2.5,CB',1.0,6.0
29533,331.211,3.742321,92370000.0,71.0,Lu,I,0.0,1.5,3.742283,2.5,CB',1.0,6.0
30758,335.956,3.6894660000000004,134300000.0,71.0,Lu,I,0.24721500000000002,2.5,3.936643,3.5,CB',1.0,8.0
31192,337.6495,3.6709620000000003,121600000.0,71.0,Lu,I,0.0,1.5,3.670925,1.5,CB',1.0,4.0
31427,338.5517,3.6611800000000003,31810000.0,71.0,Lu,I,0.24721500000000002,2.5,3.908358,1.5,CB',1.0,4.0
31745,339.7066,3.648733,83690000.0,71.01,Lu,II,1.462547,1.0,5.111244,2.0,APR,2.0,5.0
33558,347.2477,3.569496,100800000.0,71.01,Lu,II,1.541783,2.0,5.111244,2.0,APR,2.0,5.0
34352,350.738,3.5339769999999997,6711000.0,71.01,Lu,II,0.0,0.0,3.5339410000000004,1.0,CB,2.0,3.0
34374,350.8421,3.532928,42810000.0,71.0,Lu,I,0.24721500000000002,2.5,3.780107,1.5,CB',1.0,4.0
35422,355.4416,3.4872120000000004,284000000.0,71.01,Lu,II,2.148966,2.0,5.636143,2.0,CB,2.0,5.0
35767,356.7847,3.4740860000000002,42750000.0,71.0,Lu,I,0.0,1.5,3.4740510000000002,2.5,CB',1.0,6.0
36480,359.6341,3.446561,23660000.0,71.0,Lu,I,0.9269540000000001,1.5,4.373481,2.5,CB',1.0,6.0
37179,362.3981,3.420275,40780000.0,71.01,Lu,II,2.148966,2.0,5.569205999999999,3.0,CB,2.0,7.0
37484,363.625,3.4087339999999995,28150000.0,71.0,Lu,I,0.24721500000000002,2.5,3.6559150000000002,3.5,CB',1.0,8.0
37761,364.7782,3.3979589999999997,131100000.0,71.0,Lu,I,0.5128149999999999,0.5,3.910739,1.5,CB',1.0,4.0
40398,375.6753,3.2993980000000005,9402000.0,71.0,Lu,I,0.5128149999999999,0.5,3.812179,0.5,CB',1.0,2.0
42493,384.1194,3.2268689999999998,36040000.0,71.0,Lu,I,0.24721500000000002,2.5,3.4740510000000002,2.5,CB',1.0,6.0
43282,387.4605,3.1990439999999998,1680000.0,71.0,Lu,I,0.5128149999999999,0.5,3.7118269999999995,1.5,CB',1.0,4.0
43334,387.6648,3.1973580000000004,13180000.0,71.01,Lu,II,1.541783,2.0,4.739109,1.0,CB,2.0,3.0
45615,396.8461,3.1233869999999997,3789000.0,71.0,Lu,I,0.0,1.5,3.123355,2.5,CB',1.0,6.0
47504,405.4451,3.0571450000000002,45390000.0,71.0,Lu,I,0.5128149999999999,0.5,3.569929,0.5,CB',1.0,2.0
48733,411.2696,3.013849,919500.0,71.0,Lu,I,0.0,1.5,3.013819,1.5,CB',1.0,4.0
48964,412.4724,3.005061,160300000.0,71.0,Lu,I,0.9269540000000001,1.5,3.931985,2.5,CB',1.0,6.0
49553,415.4094,2.9838150000000003,34270000.0,71.0,Lu,I,0.9269540000000001,1.5,3.910739,1.5,CB',1.0,4.0
50142,418.4256,2.962307,74420000.0,71.01,Lu,II,2.148966,2.0,5.111244,2.0,APR,2.0,5.0
52342,429.6002,2.885254,40430000.0,71.0,Lu,I,0.9269540000000001,1.5,3.812179,0.5,CB',1.0,2.0
52631,430.9571,2.87617,1309000.0,71.0,Lu,I,0.24721500000000002,2.5,3.123355,2.5,CB',1.0,6.0
53246,434.2032,2.854668,16270000.0,71.01,Lu,II,4.475604,2.0,7.330242999999999,1.0,CB',2.0,3.0
54685,442.0964,2.8037009999999998,121500000.0,71.0,Lu,I,2.660996,2.5,5.464669000000001,2.5,CB',1.0,6.0
55230,445.0811,2.7849,9659000.0,71.0,Lu,I,0.9269540000000001,1.5,3.7118269999999995,1.5,CB',1.0,4.0
56051,449.8848,2.7551650000000003,308700.0,71.0,Lu,I,0.0,1.5,2.755137,2.5,KTZ,1.0,6.0
56336,451.8556,2.743148,23010000.0,71.0,Lu,I,0.0,1.5,2.743121,1.5,KTZ,1.0,4.0
57678,460.5389,2.6914279999999997,53600000.0,71.0,Lu,I,2.337265,1.5,5.028665,2.5,CB',1.0,6.0
58349,465.8011,2.661023,3383000.0,71.0,Lu,I,0.0,1.5,2.660996,2.5,KTZ,1.0,6.0
59099,471.6692,2.6279169999999996,103400.0,71.0,Lu,I,0.0,1.5,2.627891,1.5,KTZ,1.0,4.0
60007,478.5433,2.590169,12420000.0,71.01,Lu,II,2.148966,2.0,4.739109,0.0,CB,2.0,1.0
60372,481.5037,2.5742439999999998,972000.0,71.0,Lu,I,0.0,1.5,2.574218,0.5,KTZ,1.0,2.0
60690,483.9617,2.56117,175900.0,71.01,Lu,II,1.462547,1.0,4.023691,2.0,CB,2.0,5.0
61029,486.5423,2.547586,9606000.0,71.01,Lu,II,4.7826830000000005,2.0,7.330242999999999,1.0,CB',2.0,3.0
61514,490.4879,2.5270919999999997,4683000.0,71.0,Lu,I,0.5128149999999999,0.5,3.039882,1.5,CB',1.0,4.0
61955,494.2322,2.507948,907500.0,71.0,Lu,I,0.24721500000000002,2.5,2.755137,2.5,KTZ,1.0,6.0
62545,499.4126,2.481933,2559000.0,71.01,Lu,II,1.541783,2.0,4.023691,2.0,CB,2.0,5.0
62627,500.1141,2.478452,14950000.0,71.0,Lu,I,0.5128149999999999,0.5,2.9912419999999997,0.5,CB',1.0,2.0
63280,505.7603,2.4507830000000004,21570000.0,71.0,Lu,I,2.160707,1.5,4.611466,1.5,CB',1.0,4.0
64048,513.4033,2.414299,95930000.0,71.0,Lu,I,2.160707,1.5,4.574982,0.5,CB',1.0,2.0
64055,513.5082,2.413806,9008000.0,71.0,Lu,I,0.24721500000000002,2.5,2.660996,2.5,KTZ,1.0,6.0
64723,519.6604,2.3852290000000003,51800000.0,71.0,Lu,I,2.294276,2.5,4.679481,2.5,CB',1.0,6.0
64833,520.649,2.3807,308100.0,71.0,Lu,I,0.24721500000000002,2.5,2.627891,1.5,KTZ,1.0,4.0
65908,530.4422,2.336747,14170000.0,71.0,Lu,I,2.533311,3.5,4.870035,3.5,CB',1.0,8.0
66371,534.9139,2.317213,32010000.0,71.0,Lu,I,2.294276,2.5,4.611466,1.5,CB',1.0,4.0
66941,540.2566,2.294298,1176000.0,71.0,Lu,I,0.0,1.5,2.294276,2.5,KTZ,1.0,6.0
67128,542.1895,2.286119,382400.0,71.0,Lu,I,0.24721500000000002,2.5,2.533311,3.5,CB',1.0,8.0
67447,545.3596,2.27283,280800.0,71.0,Lu,I,0.5128149999999999,0.5,2.785622,1.5,CB',1.0,4.0
67665,547.6676,2.2632529999999997,7209000.0,71.01,Lu,II,1.760462,3.0,4.023691,2.0,CB,2.0,5.0
69526,566.4876,2.188063,1597000.0,71.01,Lu,II,3.8297589999999997,3.0,6.0178,4.0,CB,2.0,9.0
69975,571.3458,2.169458,2959000.0,71.01,Lu,II,3.6459660000000005,2.0,5.815402,2.0,CB,2.0,5.0
70184,573.6539,2.160729,1427000.0,71.0,Lu,I,0.0,1.5,2.160707,1.5,CB',1.0,4.0
70592,577.5396,2.1461919999999997,19170000.0,71.0,Lu,I,2.533311,3.5,4.679481,2.5,CB',1.0,6.0
71389,586.0796,2.114919,15660000.0,71.0,Lu,I,2.755137,2.5,4.870035,3.5,CB',1.0,8.0
71432,586.6261,2.112949,110900.0,71.0,Lu,I,0.9269540000000001,1.5,3.039882,1.5,CB',1.0,4.0
72365,598.3886,2.071415,1422000.0,71.01,Lu,II,1.462547,1.0,3.5339410000000004,1.0,CB,2.0,3.0
72482,599.7132,2.06684,54310000.0,71.0,Lu,I,2.803216,4.5,4.870035,3.5,CB',1.0,8.0
72540,600.4487,2.064308,30610000.0,71.0,Lu,I,0.9269540000000001,1.5,2.9912419999999997,0.5,CB',1.0,2.0
72819,604.1649,2.051611,11840000.0,71.0,Lu,I,2.627891,1.5,4.679481,2.5,CB',1.0,6.0
72911,605.5017,2.047081,1126000.0,71.0,Lu,I,0.24721500000000002,2.5,2.294276,2.5,KTZ,1.0,6.0
73482,614.0739,2.0185049999999998,4067000.0,71.0,Lu,I,2.660996,2.5,4.679481,2.5,CB',1.0,6.0
73639,615.9888,2.0122299999999997,37990000.0,71.01,Lu,II,4.029935,4.0,6.042145,3.0,CB,2.0,7.0
73883,619.9593,1.999343,41880000.0,71.01,Lu,II,3.6459660000000005,2.0,5.645289,1.0,CB,2.0,3.0
74002,622.1891,1.9921779999999998,4456000.0,71.01,Lu,II,1.541783,2.0,3.5339410000000004,1.0,CB,2.0,3.0
74035,622.8085,1.9901970000000002,5324000.0,71.01,Lu,II,3.6459660000000005,2.0,5.636143,2.0,CB,2.0,5.0
74073,623.5329,1.987885,15490000.0,71.01,Lu,II,4.029935,4.0,6.0178,4.0,CB,2.0,9.0
74111,624.2306,1.9856630000000002,37520000.0,71.01,Lu,II,3.8297589999999997,3.0,5.815402,2.0,CB,2.0,5.0
74147,624.8814,1.983595,7417000.0,71.0,Lu,I,2.627891,1.5,4.611466,1.5,CB',1.0,4.0
74750,634.534,1.9534200000000002,29230000.0,71.0,Lu,I,2.916634,3.5,4.870035,3.5,CB',1.0,8.0
74793,635.4875,1.950489,8622000.0,71.0,Lu,I,2.660996,2.5,4.611466,1.5,CB',1.0,4.0
74862,636.5902,1.947111,8038000.0,71.0,Lu,I,2.627891,1.5,4.574982,0.5,CB',1.0,2.0
75337,644.1153,1.924363,8087000.0,71.0,Lu,I,2.755137,2.5,4.679481,2.5,CB',1.0,6.0
75363,644.4849,1.9232599999999997,1123000.0,71.01,Lu,II,3.6459660000000005,2.0,5.569205999999999,3.0,CB,2.0,7.0
75484,646.3107,1.917827,5164000.0,71.01,Lu,II,1.462547,1.0,3.380355,0.0,CB,2.0,1.0
75559,647.768,1.9135119999999999,84920.0,71.0,Lu,I,0.24721500000000002,2.5,2.160707,1.5,CB',1.0,4.0
76394,661.1633,1.874744,142700.0,71.01,Lu,II,2.148966,2.0,4.023691,2.0,CB,2.0,5.0
76445,661.9163,1.872612,2154000.0,71.01,Lu,II,4.475604,2.0,6.348197,2.0,CB',2.0,5.0
76829,667.7157,1.8563470000000002,17090000.0,71.0,Lu,I,2.755137,2.5,4.611466,1.5,CB',1.0,4.0
77191,673.5791,1.8401880000000002,2685000.0,71.0,Lu,I,2.533311,3.5,4.373481,2.5,CB',1.0,6.0
77596,679.3828,1.824468,207800.0,71.0,Lu,I,0.5128149999999999,0.5,2.337265,1.5,CB',1.0,4.0
77810,682.6567,1.815718,3137000.0,71.01,Lu,II,4.532497,1.0,6.348197,2.0,CB',2.0,5.0
78546,694.3928,1.785031,3661000.0,71.01,Lu,II,4.420297,0.0,6.20531,1.0,AS,2.0,3.0
79042,703.1241,1.7628650000000001,18690000.0,71.0,Lu,I,2.916634,3.5,4.679481,2.5,CB',1.0,6.0
79394,709.6323,1.7466970000000002,13450000.0,71.0,Lu,I,3.123355,2.5,4.870035,3.5,CB',1.0,8.0
79557,712.5828,1.739465,10070000.0,71.01,Lu,II,3.8297589999999997,3.0,5.569205999999999,3.0,CB,2.0,7.0
79803,716.5959,1.729723,3769000.0,71.01,Lu,II,4.475604,2.0,6.20531,1.0,AS,2.0,3.0
80195,723.8024,1.712502,5977000.0,71.0,Lu,I,2.660996,2.5,4.373481,2.5,CB',1.0,6.0
81120,740.9676,1.6728299999999998,2224000.0,71.01,Lu,II,4.532497,1.0,6.20531,1.0,AS,2.0,3.0
81269,744.1489,1.6656790000000001,9827000.0,71.0,Lu,I,3.013819,1.5,4.679481,2.5,CB',1.0,6.0
81354,745.6998,1.6622150000000002,13760000.0,71.01,Lu,II,4.532497,1.0,6.194694,0.0,CB',2.0,1.0
82304,764.0084,1.622382,7864000.0,71.0,Lu,I,2.9891,0.5,4.611466,1.5,CB',1.0,4.0
82965,775.8291,1.5976629999999998,7985000.0,71.0,Lu,I,3.013819,1.5,4.611466,1.5,CB',1.0,4.0
83229,781.5846,1.585898,14690000.0,71.0,Lu,I,2.9891,0.5,4.574982,0.5,CB',1.0,2.0
