,Wl/nm,E_Photon,A-Value,Elem. num,Element,ion state,E_lower_lev.,J_lower,E_upper_lev.,J_upper,Ref.,ion state num,g_j
370,202.5824,6.118276,118400000.0,12.0,Mg,I,0.0,0.0,6.118215,1.0,NBS,1.0,3.0
9062,252.0799,4.917018,161700.0,12.0,Mg,I,2.71664,2.0,7.633608000000001,3.0,K,1.0,7.0
9074,252.1212,4.916212000000001,177200.0,12.0,Mg,I,2.71664,2.0,7.632803,3.0,K,1.0,7.0
9096,252.1667,4.915327,195200.0,12.0,Mg,I,2.71664,2.0,7.631917,3.0,K,1.0,7.0
9113,252.2167,4.914351,214900.0,12.0,Mg,I,2.71664,2.0,7.630941,3.0,K,1.0,7.0
9132,252.2721,4.913272,238200.0,12.0,Mg,I,2.71664,2.0,7.629861999999999,3.0,K,1.0,7.0
9151,252.3336,4.912074,264100.0,12.0,Mg,I,2.71664,2.0,7.628665,3.0,K,1.0,7.0
9170,252.4022,4.9107400000000005,294800.0,12.0,Mg,I,2.71664,2.0,7.627331,3.0,K,1.0,7.0
9171,252.4027,4.91073,213700.0,12.0,Mg,I,2.711592,1.0,7.622272,2.0,K,1.0,5.0
9197,252.4789,4.909248000000001,329800.0,12.0,Mg,I,2.71664,2.0,7.625839,3.0,K,1.0,7.0
9210,252.513,4.9085849999999995,242300.0,12.0,Mg,I,2.711592,1.0,7.620127,2.0,K,1.0,5.0
9224,252.5651,4.907573,370700.0,12.0,Mg,I,2.71664,2.0,7.624163,3.0,K,1.0,7.0
9250,252.639,4.906137999999999,276600.0,12.0,Mg,I,2.711592,1.0,7.617681,2.0,K,1.0,5.0
9253,252.6555,4.905818,349700.0,12.0,Mg,I,2.709105,0.0,7.614874,1.0,K,1.0,3.0
9254,252.6625,4.905682,418500.0,12.0,Mg,I,2.71664,2.0,7.622272,3.0,K,1.0,7.0
9285,252.773,4.903537,475700.0,12.0,Mg,I,2.71664,2.0,7.620127,3.0,K,1.0,7.0
9286,252.7836,4.903331,318000.0,12.0,Mg,I,2.711592,1.0,7.614874,2.0,K,1.0,5.0
9300,252.8226,4.902575,403700.0,12.0,Mg,I,2.709105,0.0,7.611631,1.0,K,1.0,3.0
9319,252.8992,4.90109,543100.0,12.0,Mg,I,2.71664,2.0,7.617681,3.0,K,1.0,7.0
9330,252.9509,4.900087999999999,367100.0,12.0,Mg,I,2.711592,1.0,7.611631,2.0,K,1.0,5.0
9347,253.0173,4.898803,470400.0,12.0,Mg,I,2.709105,0.0,7.607858,1.0,K,1.0,3.0
9355,253.0441,4.898283,622800.0,12.0,Mg,I,2.71664,2.0,7.614874,3.0,K,1.0,7.0
9379,253.1458,4.896316000000001,356500.0,12.0,Mg,I,2.711592,1.0,7.607858,1.0,K,1.0,3.0
9380,253.1458,4.896316000000001,427700.0,12.0,Mg,I,2.711592,1.0,7.607858,2.0,K,1.0,5.0
9394,253.2118,4.89504,720800.0,12.0,Mg,I,2.71664,2.0,7.611631,3.0,K,1.0,7.0
9405,253.2408,4.894477999999999,208800.0,12.0,Mg,I,2.711592,1.0,7.606021000000001,2.0,K,1.0,5.0
9408,253.2461,4.8943769999999995,552900.0,12.0,Mg,I,2.709105,0.0,7.603433,1.0,K,1.0,3.0
9442,253.3748,4.89189,501600.0,12.0,Mg,I,2.711592,1.0,7.603433,2.0,K,1.0,5.0
9443,253.3748,4.89189,418000.0,12.0,Mg,I,2.711592,1.0,7.603433,1.0,K,1.0,3.0
9451,253.4071,4.891268,839700.0,12.0,Mg,I,2.71664,2.0,7.607858,3.0,K,1.0,7.0
9476,253.4868,4.88973,244900.0,12.0,Mg,I,2.711592,1.0,7.601273,2.0,K,1.0,5.0
9484,253.5174,4.88914,654200.0,12.0,Mg,I,2.709105,0.0,7.598196000000001,1.0,K,1.0,3.0
9519,253.6366,4.886842,984800.0,12.0,Mg,I,2.71664,2.0,7.603433,3.0,K,1.0,7.0
9520,253.6464,4.886653,495800.0,12.0,Mg,I,2.711592,1.0,7.598196000000001,1.0,K,1.0,3.0
9521,253.6464,4.886653,594900.0,12.0,Mg,I,2.711592,1.0,7.598196000000001,2.0,K,1.0,5.0
9556,253.7796,4.884089,290400.0,12.0,Mg,I,2.711592,1.0,7.595631,2.0,K,1.0,5.0
9571,253.8424,4.882879,782700.0,12.0,Mg,I,2.709105,0.0,7.591935,1.0,K,1.0,3.0
9588,253.9087,4.881605,1165000.0,12.0,Mg,I,2.71664,2.0,7.598196000000001,3.0,K,1.0,7.0
9611,253.9718,4.880392,711700.0,12.0,Mg,I,2.711592,1.0,7.591935,2.0,K,1.0,5.0
9612,253.9718,4.880392,593200.0,12.0,Mg,I,2.711592,1.0,7.591935,1.0,K,1.0,3.0
9654,254.1325,4.877307,347400.0,12.0,Mg,I,2.711592,1.0,7.58885,2.0,K,1.0,5.0
9678,254.2348,4.875344,1394000.0,12.0,Mg,I,2.71664,2.0,7.591935,3.0,K,1.0,7.0
9679,254.2348,4.875344,234700.0,12.0,Mg,I,2.71664,2.0,7.591935,2.0,K,1.0,5.0
9680,254.2366,4.87531,946800.0,12.0,Mg,I,2.709105,0.0,7.584366,1.0,K,1.0,3.0
9726,254.3664,4.872823,717500.0,12.0,Mg,I,2.711592,1.0,7.584366,1.0,K,1.0,3.0
9727,254.3664,4.872823,860900.0,12.0,Mg,I,2.711592,1.0,7.584366,2.0,K,1.0,5.0
9791,254.5603,4.869111,420100.0,12.0,Mg,I,2.711592,1.0,7.580653999999999,2.0,K,1.0,5.0
9819,254.6302,4.867775,1690000.0,12.0,Mg,I,2.71664,2.0,7.584366,3.0,K,1.0,7.0
9820,254.6302,4.867775,283800.0,12.0,Mg,I,2.71664,2.0,7.584366,2.0,K,1.0,5.0
9846,254.721,4.86604,1160000.0,12.0,Mg,I,2.709105,0.0,7.575096,1.0,KP,1.0,3.0
9890,254.8512,4.863553,879400.0,12.0,Mg,I,2.711592,1.0,7.575096,1.0,KP,1.0,3.0
9891,254.8512,4.863553,1053000.0,12.0,Mg,I,2.711592,1.0,7.575096,2.0,KP,1.0,5.0
9978,255.0903,4.858994,514600.0,12.0,Mg,I,2.711592,1.0,7.570537,2.0,KP,1.0,5.0
9986,255.116,4.858505,347900.0,12.0,Mg,I,2.71664,2.0,7.575096,2.0,KP,1.0,5.0
9987,255.116,4.858505,2067000.0,12.0,Mg,I,2.71664,2.0,7.575096,3.0,KP,1.0,7.0
10040,255.3256,4.8545169999999995,1029000.0,12.0,Mg,I,2.709105,0.0,7.563573,1.0,KP,1.0,3.0
10076,255.4565,4.85203,933800.0,12.0,Mg,I,2.711592,1.0,7.563573,2.0,KP,1.0,5.0
10077,255.4565,4.85203,780000.0,12.0,Mg,I,2.711592,1.0,7.563573,1.0,KP,1.0,3.0
10167,255.7226,4.846982,1876000.0,12.0,Mg,I,2.71664,2.0,7.563573,3.0,KP,1.0,7.0
10168,255.7226,4.846982,315800.0,12.0,Mg,I,2.71664,2.0,7.563573,2.0,KP,1.0,5.0
10182,255.7573,4.846324,456300.0,12.0,Mg,I,2.711592,1.0,7.557867,2.0,KP,1.0,5.0
10274,256.0942,4.839948000000001,954900.0,12.0,Mg,I,2.709105,0.0,7.549005,1.0,KP,1.0,3.0
10315,256.2259,4.837461,866300.0,12.0,Mg,I,2.711592,1.0,7.549005,2.0,KP,1.0,5.0
10316,256.2259,4.837461,723600.0,12.0,Mg,I,2.711592,1.0,7.549005,1.0,KP,1.0,3.0
10384,256.4936,4.832413,1740000.0,12.0,Mg,I,2.71664,2.0,7.549005,3.0,KP,1.0,7.0
10385,256.4936,4.832413,292900.0,12.0,Mg,I,2.71664,2.0,7.549005,2.0,KP,1.0,5.0
10416,256.6101,4.830218,423000.0,12.0,Mg,I,2.711592,1.0,7.541761999999999,2.0,KP,1.0,5.0
10544,257.0917,4.821171,1193000.0,12.0,Mg,I,2.709105,0.0,7.530227,1.0,KP,1.0,3.0
10589,257.2244,4.818683999999999,903900.0,12.0,Mg,I,2.711592,1.0,7.530227,1.0,KP,1.0,3.0
10590,257.2244,4.818683999999999,1082000.0,12.0,Mg,I,2.711592,1.0,7.530227,2.0,KP,1.0,5.0
10664,257.4942,4.813636,357600.0,12.0,Mg,I,2.71664,2.0,7.530227,2.0,KP,1.0,5.0
10665,257.4942,4.813636,2124000.0,12.0,Mg,I,2.71664,2.0,7.530227,3.0,KP,1.0,7.0
10721,257.7264,4.809299,527900.0,12.0,Mg,I,2.711592,1.0,7.520842999999999,2.0,KP,1.0,5.0
10833,258.0587,4.803107,407700.0,12.0,Mg,I,2.71664,2.0,7.519699,1.0,K,1.0,3.0
10926,258.4212,4.796369,1593000.0,12.0,Mg,I,2.709105,0.0,7.505425999999999,1.0,KP,1.0,3.0
10955,258.5553,4.793882,1445000.0,12.0,Mg,I,2.711592,1.0,7.505425999999999,2.0,KP,1.0,5.0
10956,258.5553,4.793882,1207000.0,12.0,Mg,I,2.711592,1.0,7.505425999999999,1.0,KP,1.0,3.0
11035,258.8279,4.788834,488500.0,12.0,Mg,I,2.71664,2.0,7.505425999999999,2.0,KP,1.0,5.0
11036,258.8279,4.788834,2902000.0,12.0,Mg,I,2.71664,2.0,7.505425999999999,3.0,KP,1.0,7.0
11132,259.2274,4.781453,703900.0,12.0,Mg,I,2.711592,1.0,7.492997,2.0,KP,1.0,5.0
11212,259.5014,4.7764050000000005,232600.0,12.0,Mg,I,2.71664,2.0,7.492997,2.0,KP,1.0,5.0
11233,259.5973,4.774641,522600.0,12.0,Mg,I,2.71664,2.0,7.491233,1.0,KP,1.0,3.0
11404,260.2496,4.762675,2218000.0,12.0,Mg,I,2.709105,0.0,7.471732,1.0,KP,1.0,3.0
11450,260.3855,4.760187999999999,2012000.0,12.0,Mg,I,2.711592,1.0,7.471732,2.0,KP,1.0,5.0
11451,260.3855,4.760187999999999,1681000.0,12.0,Mg,I,2.711592,1.0,7.471732,1.0,KP,1.0,3.0
11534,260.662,4.75514,3950000.0,12.0,Mg,I,2.71664,2.0,7.471732,3.0,KP,1.0,7.0
11535,260.662,4.75514,664900.0,12.0,Mg,I,2.71664,2.0,7.471732,2.0,KP,1.0,5.0
11725,261.3136,4.743283,978500.0,12.0,Mg,I,2.711592,1.0,7.454827000000001,2.0,KP,1.0,5.0
11772,261.4724,4.740402,438400.0,12.0,Mg,I,2.711592,1.0,7.451946,1.0,KP,1.0,3.0
11811,261.592,4.7382349999999995,323300.0,12.0,Mg,I,2.71664,2.0,7.454827000000001,2.0,KP,1.0,5.0
11855,261.7512,4.735354,726100.0,12.0,Mg,I,2.71664,2.0,7.451946,1.0,KP,1.0,3.0
12139,262.8664,4.715264,3216000.0,12.0,Mg,I,2.709105,0.0,7.424322,1.0,KP,1.0,3.0
12175,263.0052,4.712777,2381000.0,12.0,Mg,I,2.711592,1.0,7.424322,1.0,KP,1.0,3.0
12176,263.0053,4.712775,2917000.0,12.0,Mg,I,2.711592,1.0,7.42432,2.0,KP,1.0,5.0
12250,263.2873,4.7077279999999995,963900.0,12.0,Mg,I,2.71664,2.0,7.42432,2.0,KP,1.0,5.0
12251,263.2874,4.707726,5727000.0,12.0,Mg,I,2.71664,2.0,7.424319000000001,3.0,KP,1.0,7.0
12523,264.3349,4.689071,1414000.0,12.0,Mg,I,2.711592,1.0,7.400616,2.0,KP,1.0,5.0
12578,264.6198,4.684023000000001,467400.0,12.0,Mg,I,2.71664,2.0,7.400616,2.0,KP,1.0,5.0
12579,264.6207,4.684007,647900.0,12.0,Mg,I,2.711592,1.0,7.395552,1.0,KP,1.0,3.0
12658,264.9062,4.678959,1073000.0,12.0,Mg,I,2.71664,2.0,7.395552,1.0,KP,1.0,3.0
13147,266.8123,4.645535,4834000.0,12.0,Mg,I,2.709105,0.0,7.3545929999999995,1.0,KP,1.0,3.0
13186,266.9552,4.643048,3663000.0,12.0,Mg,I,2.711592,1.0,7.3545929999999995,1.0,KP,1.0,3.0
13187,266.9554,4.643045,4386000.0,12.0,Mg,I,2.711592,1.0,7.354591,2.0,KP,1.0,5.0
13262,267.2459,4.637997,1483000.0,12.0,Mg,I,2.71664,2.0,7.354591,2.0,KP,1.0,5.0
13263,267.246,4.637996,8809000.0,12.0,Mg,I,2.71664,2.0,7.354589,3.0,KP,1.0,7.0
13840,269.3722,4.601389,335800.0,12.0,Mg,I,2.709105,0.0,7.310447999999999,1.0,KP,1.0,3.0
13889,269.5179,4.598902,1013000.0,12.0,Mg,I,2.711592,1.0,7.310447999999999,1.0,KP,1.0,3.0
13975,269.8141,4.593854,1677000.0,12.0,Mg,I,2.71664,2.0,7.310447999999999,1.0,KP,1.0,3.0
14865,273.1994,4.536933,8013000.0,12.0,Mg,I,2.709105,0.0,7.2459929999999995,1.0,KP,1.0,3.0
14913,273.3493,4.534446,5934000.0,12.0,Mg,I,2.711592,1.0,7.2459929999999995,1.0,KP,1.0,3.0
14914,273.3494,4.534444000000001,7269000.0,12.0,Mg,I,2.711592,1.0,7.245989999999999,2.0,KP,1.0,5.0
15002,273.6539,4.5293980000000005,400300.0,12.0,Mg,I,2.71664,2.0,7.2459929999999995,1.0,KP,1.0,3.0
15003,273.6541,4.529396,2402000.0,12.0,Mg,I,2.71664,2.0,7.245989999999999,2.0,KP,1.0,5.0
15004,273.6541,4.529395,14270000.0,12.0,Mg,I,2.71664,2.0,7.245989,3.0,KP,1.0,7.0
15926,276.834,4.477371,174000.0,12.0,Mg,I,2.71664,2.0,7.1939660000000005,2.0,WARN,1.0,5.0
16185,277.6587,4.464072,562000.0,12.0,Mg,I,2.709105,0.0,7.173132000000001,1.0,KP,1.0,3.0
16188,277.669,4.463907,131200000.0,12.0,Mg,I,2.711592,1.0,7.175453999999999,2.0,NBS,1.0,5.0
16237,277.8135,4.4615849999999995,1695000.0,12.0,Mg,I,2.711592,1.0,7.173132000000001,1.0,KP,1.0,3.0
16244,277.8271,4.461367,177500000.0,12.0,Mg,I,2.709105,0.0,7.170428,1.0,NBS,1.0,3.0
16302,277.982,4.458880000000001,131400000.0,12.0,Mg,I,2.711592,1.0,7.170428,1.0,NBS,1.0,3.0
16303,277.9834,4.4588589999999995,395200000.0,12.0,Mg,I,2.71664,2.0,7.175453999999999,2.0,NBS,1.0,5.0
16340,278.1282,4.456537,2807000.0,12.0,Mg,I,2.71664,2.0,7.173132000000001,1.0,KP,1.0,3.0
16347,278.1416,4.456323,531300000.0,12.0,Mg,I,2.711592,1.0,7.16787,0.0,NBS,1.0,1.0
16395,278.2971,4.453833,217600000.0,12.0,Mg,I,2.71664,2.0,7.170428,1.0,NBS,1.0,3.0
16624,279.0777,4.441376,407700000.0,12.01,Mg,II,4.422431,0.5,8.863762,1.5,KP,2.0,4.0
16740,279.5528,4.433828,268500000.0,12.01,Mg,II,0.0,0.5,4.433783999999999,1.5,KP,2.0,4.0
16821,279.7929,4.430022,80940000.0,12.01,Mg,II,4.433783999999999,1.5,8.863762,1.5,KP,2.0,4.0
16827,279.7998,4.429914,480900000.0,12.01,Mg,II,4.433783999999999,1.5,8.863653999999999,2.5,KP,2.0,6.0
16947,280.2705,4.422475,261600000.0,12.01,Mg,II,0.0,0.5,4.422431,0.5,KP,2.0,2.0
17162,280.9755,4.411379,36340000.0,12.0,Mg,I,5.945914,2.0,10.357248,3.0,FT,1.0,7.0
17163,280.9756,4.411377,295400000.0,12.0,Mg,I,5.945916,3.0,10.357248,3.0,FT,1.0,7.0
17207,281.1048,4.409349,227100000.0,12.0,Mg,I,5.945914,2.0,10.355217999999999,2.0,FT,1.0,5.0
17208,281.105,4.409347,50840000.0,12.0,Mg,I,5.945916,3.0,10.355217999999999,2.0,FT,1.0,5.0
17209,281.1051,4.409345,49680000.0,12.0,Mg,I,5.945917,1.0,10.355217999999999,2.0,FT,1.0,5.0
17232,281.1777,4.408206,82750000.0,12.0,Mg,I,5.945914,2.0,10.354075,1.0,FT,1.0,3.0
17233,281.178,4.408201999999999,249900000.0,12.0,Mg,I,5.945917,1.0,10.354075,1.0,FT,1.0,3.0
18213,284.6717,4.354104,14390000.0,12.0,Mg,I,2.709105,0.0,7.063165,1.0,KP,1.0,3.0
18252,284.8344,4.351617,10660000.0,12.0,Mg,I,2.711592,1.0,7.063165,1.0,KP,1.0,3.0
18253,284.8346,4.351614,13050000.0,12.0,Mg,I,2.711592,1.0,7.063163,2.0,KP,1.0,5.0
18332,285.1652,4.346569000000001,718700.0,12.0,Mg,I,2.71664,2.0,7.063165,1.0,KP,1.0,3.0
18333,285.1654,4.346566,4312000.0,12.0,Mg,I,2.71664,2.0,7.063163,2.0,KP,1.0,5.0
18334,285.1656,4.346563,25620000.0,12.0,Mg,I,2.71664,2.0,7.063159,3.0,KP,1.0,7.0
18345,285.2126,4.345846,508600000.0,12.0,Mg,I,0.0,0.0,4.345803,1.0,SL,1.0,3.0
19945,291.5453,4.251454,351100000.0,12.0,Mg,I,5.753247,2.0,10.004658000000001,2.0,FT,1.0,5.0
20293,292.8633,4.232322,112100000.0,12.01,Mg,II,4.422431,0.5,8.654711,0.5,KP,2.0,2.0
20490,293.651,4.220969,222400000.0,12.01,Mg,II,4.433783999999999,1.5,8.654711,0.5,KP,2.0,2.0
20495,293.6741,4.220637,1050000.0,12.0,Mg,I,2.709105,0.0,6.9297,1.0,KP,1.0,3.0
20539,293.8473,4.21815,3166000.0,12.0,Mg,I,2.711592,1.0,6.9297,1.0,KP,1.0,3.0
20642,294.1994,4.213101999999999,5242000.0,12.0,Mg,I,2.71664,2.0,6.9297,1.0,KP,1.0,3.0
24340,309.1064,4.0099279999999995,29960000.0,12.0,Mg,I,2.709105,0.0,6.718992999999999,1.0,KP,1.0,3.0
24377,309.2982,4.007441,22180000.0,12.0,Mg,I,2.711592,1.0,6.718992999999999,1.0,KP,1.0,3.0
24378,309.2986,4.007436,27170000.0,12.0,Mg,I,2.711592,1.0,6.718988,2.0,KP,1.0,5.0
24495,309.6884,4.002393,1496000.0,12.0,Mg,I,2.71664,2.0,6.718992999999999,1.0,KP,1.0,3.0
24496,309.6887,4.002388,8975000.0,12.0,Mg,I,2.71664,2.0,6.718988,2.0,KP,1.0,5.0
24497,309.6891,4.002383999999999,53320000.0,12.0,Mg,I,2.71664,2.0,6.718983000000001,3.0,KP,1.0,7.0
29009,329.006,3.7674,389500.0,12.0,Mg,I,6.5878559999999995,2.0,10.355217999999999,2.0,GUES,1.0,5.0
29039,329.1059,3.766257,6488000.0,12.0,Mg,I,6.5878559999999995,2.0,10.354075,1.0,GUES,1.0,3.0
30030,332.9919,3.7223059999999997,2354000.0,12.0,Mg,I,2.709105,0.0,6.431374,1.0,KP,1.0,3.0
30078,333.2146,3.719819,7101000.0,12.0,Mg,I,2.711592,1.0,6.431374,1.0,KP,1.0,3.0
30207,333.6674,3.714771,11750000.0,12.0,Mg,I,2.71664,2.0,6.431374,1.0,KP,1.0,3.0
36932,361.378,3.429929,197600.0,12.01,Mg,II,8.654711,0.5,12.084605999999999,1.5,KP,2.0,4.0
37269,362.7628,3.416836,3204000.0,12.0,Mg,I,6.5878559999999995,2.0,10.004658000000001,2.0,FT,1.0,5.0
41191,378.9569,3.270827,928400.0,12.0,Mg,I,4.345803,1.0,7.6165970000000005,2.0,GUES,1.0,5.0
41279,379.3163,3.267728,926600.0,12.0,Mg,I,4.345803,1.0,7.613498,2.0,GUES,1.0,5.0
41397,379.7169,3.264281,924700.0,12.0,Mg,I,4.345803,1.0,7.6100509999999995,2.0,GUES,1.0,5.0
41509,380.1862,3.260251,922400.0,12.0,Mg,I,4.345803,1.0,7.606021000000001,2.0,GUES,1.0,5.0
41647,380.7408,3.255503,919700.0,12.0,Mg,I,4.345803,1.0,7.601273,2.0,GUES,1.0,5.0
41808,381.4017,3.249861,916500.0,12.0,Mg,I,4.345803,1.0,7.595631,2.0,GUES,1.0,5.0
42016,382.1993,3.2430790000000003,912700.0,12.0,Mg,I,4.345803,1.0,7.58885,2.0,GUES,1.0,5.0
42195,382.9355,3.236845,89020000.0,12.0,Mg,I,2.709105,0.0,5.945917,1.0,AZ,1.0,3.0
42261,383.1676,3.234884,2872000.0,12.0,Mg,I,4.345803,1.0,7.580653999999999,2.0,GUES,1.0,5.0
42277,383.2299,3.2343580000000003,66660000.0,12.0,Mg,I,2.711592,1.0,5.945917,1.0,AZ,1.0,3.0
42278,383.2304,3.234354,119900000.0,12.0,Mg,I,2.711592,1.0,5.945914,2.0,AZ,1.0,5.0
42420,383.8271,3.229326,150200.0,12.0,Mg,I,4.345803,1.0,7.575096,2.0,KP,1.0,5.0
42422,383.829,3.22931,4451000.0,12.0,Mg,I,2.71664,2.0,5.945917,1.0,AZ,1.0,3.0
42423,383.8292,3.229308,159400000.0,12.0,Mg,I,2.71664,2.0,5.945916,3.0,AZ,1.0,7.0
42424,383.8295,3.2293060000000002,39960000.0,12.0,Mg,I,2.71664,2.0,5.945914,2.0,AZ,1.0,5.0
42552,384.3698,3.224767,2988000.0,12.0,Mg,I,4.345803,1.0,7.570537,2.0,KP,1.0,5.0
42665,384.8211,3.220984,2893000.0,12.01,Mg,II,8.863653999999999,2.5,12.084605999999999,1.5,KP,2.0,4.0
42673,384.8341,3.2208759999999996,324500.0,12.01,Mg,II,8.863762,1.5,12.084605999999999,1.5,KP,2.0,4.0
42715,385.0386,3.2191650000000003,3250000.0,12.01,Mg,II,8.863762,1.5,12.082894999999999,0.5,KP,2.0,2.0
42739,385.2017,3.217802,132900.0,12.0,Mg,I,4.345803,1.0,7.563573,2.0,KP,1.0,5.0
42901,385.886,3.212096,2704000.0,12.0,Mg,I,4.345803,1.0,7.557867,2.0,KP,1.0,5.0
43376,387.8306,3.195991,30950000.0,12.0,Mg,I,4.345803,1.0,7.541761999999999,2.0,SCH,1.0,5.0
43673,389.0178,3.1862369999999998,119100000.0,12.0,Mg,I,7.16787,0.0,10.354075,1.0,FT,1.0,3.0
43727,389.1906,3.1848229999999997,159800000.0,12.0,Mg,I,7.170428,1.0,10.355217999999999,2.0,FT,1.0,5.0
43766,389.3304,3.18368,88130000.0,12.0,Mg,I,7.170428,1.0,10.354075,1.0,FT,1.0,3.0
43820,389.5572,3.181826,212100000.0,12.0,Mg,I,7.175453999999999,2.0,10.357248,3.0,FT,1.0,7.0
43881,389.8059,3.179796,52750000.0,12.0,Mg,I,7.175453999999999,2.0,10.355217999999999,2.0,FT,1.0,5.0
43913,389.946,3.1786529999999997,5939000.0,12.0,Mg,I,7.175453999999999,2.0,10.354075,1.0,FT,1.0,3.0
44009,390.3859,3.175072,26970000.0,12.0,Mg,I,4.345803,1.0,7.520842999999999,2.0,SCH,1.0,5.0
44913,393.84,3.147226,15010000.0,12.0,Mg,I,4.345803,1.0,7.492997,2.0,SCH,1.0,5.0
46042,398.6753,3.1090560000000003,3018000.0,12.0,Mg,I,4.345803,1.0,7.454827000000001,2.0,LZ,1.0,5.0
47507,405.4688,3.056966,522400.0,12.0,Mg,I,4.345803,1.0,7.402738,0.0,KP,1.0,1.0
47567,405.7505,3.054843,5098000.0,12.0,Mg,I,4.345803,1.0,7.400616,2.0,LZ,1.0,5.0
48471,409.9787,3.023339,793200.0,12.0,Mg,I,6.981349000000001,2.0,10.004658000000001,2.0,GUES,1.0,5.0
49765,416.5101,2.97593,802800.0,12.0,Mg,I,4.345803,1.0,7.321703,0.0,KP,1.0,1.0
49808,416.7271,2.97438,7607000.0,12.0,Mg,I,4.345803,1.0,7.3201529999999995,2.0,LZ,1.0,5.0
53426,435.1906,2.848191,10340000.0,12.0,Mg,I,4.345803,1.0,7.1939660000000005,2.0,LZ,1.0,5.0
53471,435.4528,2.846476,1337000.0,12.0,Mg,I,4.345803,1.0,7.19225,0.0,KP,1.0,1.0
53949,438.0376,2.8296799999999998,69480.0,12.0,Mg,I,4.345803,1.0,7.175453999999999,2.0,GUES,1.0,5.0
54488,440.9923,2.810721,685600.0,12.0,Mg,I,7.1939660000000005,2.0,10.004658000000001,2.0,GUES,1.0,5.0
55742,448.1126,2.766061,228000000.0,12.01,Mg,II,8.863653999999999,2.5,11.629686999999999,3.5,KP,2.0,8.0
55743,448.115,2.766046,15240000.0,12.01,Mg,II,8.863653999999999,2.5,11.629672,2.5,KP,2.0,6.0
55747,448.1325,2.765937,215200000.0,12.01,Mg,II,8.863762,1.5,11.629672,2.5,KP,2.0,6.0
58922,470.2991,2.635573,13010000.0,12.0,Mg,I,4.345803,1.0,6.981349000000001,2.0,LZ,1.0,5.0
59295,473.0029,2.620508,893600.0,12.0,Mg,I,4.345803,1.0,6.966284,0.0,LZ,1.0,1.0
64393,516.7321,2.398746,7767000.0,12.0,Mg,I,2.709105,0.0,5.1078269999999995,1.0,KP,1.0,3.0
64443,517.2684,2.396259,32910000.0,12.0,Mg,I,2.711592,1.0,5.1078269999999995,1.0,AZ,1.0,3.0
64566,518.3604,2.391211,54640000.0,12.0,Mg,I,2.71664,2.0,5.1078269999999995,1.0,AZ,1.0,3.0
66333,534.5976,2.318584,112400.0,12.0,Mg,I,5.1078269999999995,1.0,7.426388,1.0,KP,1.0,3.0
66334,534.5976,2.318584,111900.0,12.0,Mg,I,5.1078269999999995,1.0,7.426388,2.0,KP,1.0,5.0
68006,550.9597,2.249729,178900.0,12.0,Mg,I,5.1078269999999995,1.0,7.357533,2.0,KP,1.0,5.0
68007,550.9597,2.249729,179700.0,12.0,Mg,I,5.1078269999999995,1.0,7.357533,1.0,KP,1.0,3.0
68195,552.8405,2.242076,10460000.0,12.0,Mg,I,4.345803,1.0,6.5878559999999995,2.0,LZ,1.0,5.0
69948,571.1088,2.1703580000000002,3002000.0,12.0,Mg,I,4.345803,1.0,6.516139,0.0,LZ,1.0,1.0
70691,578.5313,2.142513,309200.0,12.0,Mg,I,5.1078269999999995,1.0,7.250317999999999,2.0,KP,1.0,5.0
70692,578.5561,2.142421,209900.0,12.0,Mg,I,5.1078269999999995,1.0,7.250226,1.0,KP,1.0,3.0
70696,578.5672,2.1423799999999997,308400.0,12.0,Mg,I,5.1078269999999995,1.0,7.250185000000001,0.0,KP,1.0,1.0
74404,628.763,1.97135,58860.0,12.0,Mg,I,5.393726,0.0,7.365056,1.0,KP,1.0,3.0
74615,631.8717,1.9616509999999998,621800.0,12.0,Mg,I,5.1078269999999995,1.0,7.069458,2.0,KP,1.0,5.0
74618,631.9237,1.961489,624400.0,12.0,Mg,I,5.1078269999999995,1.0,7.069297,1.0,KP,1.0,3.0
74620,631.9495,1.961409,620200.0,12.0,Mg,I,5.1078269999999995,1.0,7.069217,0.0,KP,1.0,1.0
76530,663.0833,1.869316,121200.0,12.0,Mg,I,5.393726,0.0,7.263023,1.0,KP,1.0,3.0
77391,676.545,1.8321209999999999,673300.0,12.0,Mg,I,5.753247,2.0,7.585349000000001,3.0,KP,1.0,7.0
77392,676.545,1.8321209999999999,35020.0,12.0,Mg,I,5.753247,2.0,7.585349000000001,2.0,KP,1.0,5.0
77633,679.9001,1.82308,29510.0,12.0,Mg,I,5.753247,2.0,7.576308999999999,2.0,KP,1.0,5.0
77634,679.9001,1.82308,567400.0,12.0,Mg,I,5.753247,2.0,7.576308999999999,3.0,KP,1.0,7.0
77914,684.1084,1.811866,499500.0,12.0,Mg,I,5.753247,2.0,7.565094,3.0,KP,1.0,7.0
78255,689.4918,1.7977189999999998,458900.0,12.0,Mg,I,5.753247,2.0,7.550948,3.0,KP,1.0,7.0
78652,696.5409,1.779526,606600.0,12.0,Mg,I,5.753247,2.0,7.532755,3.0,KP,1.0,7.0
78653,696.5409,1.779526,33040.0,12.0,Mg,I,5.753247,2.0,7.532755,2.0,KP,1.0,5.0
79185,706.0414,1.755581,44390.0,12.0,Mg,I,5.753247,2.0,7.50881,2.0,KP,1.0,5.0
79186,706.0414,1.755581,814900.0,12.0,Mg,I,5.753247,2.0,7.50881,3.0,KP,1.0,7.0
79950,719.3184,1.723177,1135000.0,12.0,Mg,I,5.753247,2.0,7.476406,3.0,KP,1.0,7.0
79951,719.3184,1.723177,63250.0,12.0,Mg,I,5.753247,2.0,7.476406,2.0,KP,1.0,5.0
80501,729.1055,1.700046,309900.0,12.0,Mg,I,5.393726,0.0,7.093755000000001,1.0,KP,1.0,3.0
81012,738.7689,1.677809,92880.0,12.0,Mg,I,5.753247,2.0,7.431039,2.0,KP,1.0,5.0
81013,738.7689,1.677809,1666000.0,12.0,Mg,I,5.753247,2.0,7.431039,3.0,KP,1.0,7.0
81770,754.1591,1.64357,191400.0,12.0,Mg,I,5.9315430000000005,0.0,7.575096,1.0,KP,1.0,3.0
81778,754.3466,1.643161,145100.0,12.0,Mg,I,5.931951000000001,1.0,7.575096,1.0,KP,1.0,3.0
81779,754.3466,1.643161,173700.0,12.0,Mg,I,5.931951000000001,1.0,7.575096,2.0,KP,1.0,5.0
81800,754.7309,1.642325,349300.0,12.0,Mg,I,5.9327879999999995,2.0,7.575096,3.0,KP,1.0,7.0
81801,754.7309,1.642325,58790.0,12.0,Mg,I,5.9327879999999995,2.0,7.575096,2.0,KP,1.0,5.0
81866,756.0531,1.6394520000000001,52220.0,12.0,Mg,I,5.945914,2.0,7.585349000000001,2.0,KP,1.0,5.0
81867,756.0531,1.6394520000000001,458900.0,12.0,Mg,I,5.945914,2.0,7.585349000000001,3.0,KP,1.0,7.0
81868,756.0542,1.63945,34020.0,12.0,Mg,I,5.945916,3.0,7.585349000000001,3.0,KP,1.0,7.0
81869,756.0542,1.63945,21460.0,12.0,Mg,I,5.945916,3.0,7.585349000000001,3.0,KP,1.0,7.0
81870,756.0542,1.63945,492600.0,12.0,Mg,I,5.945916,3.0,7.585349000000001,4.0,KP,1.0,9.0
81871,756.0549,1.6394490000000002,414800.0,12.0,Mg,I,5.945917,1.0,7.585349000000001,2.0,KP,1.0,5.0
81895,756.4454,1.6386020000000001,84600.0,12.0,Mg,I,5.931951000000001,1.0,7.570537,2.0,KP,1.0,5.0
81913,756.8318,1.637766,27980.0,12.0,Mg,I,5.9327879999999995,2.0,7.570537,2.0,KP,1.0,5.0
82038,759.484,1.632047,172100.0,12.0,Mg,I,5.9315430000000005,0.0,7.563573,1.0,KP,1.0,3.0
82046,759.6741,1.631638,127500.0,12.0,Mg,I,5.931951000000001,1.0,7.563573,1.0,KP,1.0,3.0
82047,759.6741,1.631638,156200.0,12.0,Mg,I,5.931951000000001,1.0,7.563573,2.0,KP,1.0,5.0
82070,760.0639,1.630801,307000.0,12.0,Mg,I,5.9327879999999995,2.0,7.563573,3.0,KP,1.0,7.0
82071,760.0639,1.630801,51670.0,12.0,Mg,I,5.9327879999999995,2.0,7.563573,2.0,KP,1.0,5.0
82079,760.2456,1.630411,43960.0,12.0,Mg,I,5.945914,2.0,7.576308999999999,2.0,KP,1.0,5.0
82080,760.2456,1.630411,386300.0,12.0,Mg,I,5.945914,2.0,7.576308999999999,3.0,KP,1.0,7.0
82081,760.2467,1.630409,28630.0,12.0,Mg,I,5.945916,3.0,7.576308999999999,3.0,KP,1.0,7.0
82082,760.2467,1.630409,414700.0,12.0,Mg,I,5.945916,3.0,7.576308999999999,4.0,KP,1.0,9.0
82083,760.2467,1.630409,18070.0,12.0,Mg,I,5.945916,3.0,7.576308999999999,3.0,KP,1.0,7.0
82084,760.2474,1.630408,349100.0,12.0,Mg,I,5.945917,1.0,7.576308999999999,2.0,KP,1.0,5.0
82220,762.34,1.625932,75970.0,12.0,Mg,I,5.931951000000001,1.0,7.557867,2.0,KP,1.0,5.0
82243,762.7325,1.6250959999999999,25130.0,12.0,Mg,I,5.9327879999999995,2.0,7.557867,2.0,KP,1.0,5.0
82381,765.5111,1.619197,339500.0,12.0,Mg,I,5.945914,2.0,7.565094,3.0,KP,1.0,7.0
82382,765.5111,1.619197,38640.0,12.0,Mg,I,5.945914,2.0,7.565094,2.0,KP,1.0,5.0
82383,765.5122,1.6191950000000002,373000.0,12.0,Mg,I,5.945916,3.0,7.565094,4.0,KP,1.0,9.0
82384,765.5122,1.6191950000000002,25170.0,12.0,Mg,I,5.945916,3.0,7.565094,3.0,KP,1.0,7.0
82385,765.5129,1.619193,314100.0,12.0,Mg,I,5.945917,1.0,7.565094,2.0,KP,1.0,5.0
82397,765.7603,1.61867,1725000.0,12.0,Mg,I,5.1078269999999995,1.0,6.726481,2.0,KP,1.0,5.0
82406,765.9152,1.618343,1731000.0,12.0,Mg,I,5.1078269999999995,1.0,6.726153,1.0,KP,1.0,3.0
82412,765.9901,1.618184,1720000.0,12.0,Mg,I,5.1078269999999995,1.0,6.725994999999999,0.0,KP,1.0,1.0
82433,766.3245,1.617478,161400.0,12.0,Mg,I,5.9315430000000005,0.0,7.549005,1.0,KP,1.0,3.0
82448,766.5181,1.61707,119600.0,12.0,Mg,I,5.931951000000001,1.0,7.549005,1.0,KP,1.0,3.0
82449,766.5181,1.61707,146500.0,12.0,Mg,I,5.931951000000001,1.0,7.549005,2.0,KP,1.0,5.0
82469,766.9149,1.616233,287900.0,12.0,Mg,I,5.9327879999999995,2.0,7.549005,3.0,KP,1.0,7.0
82470,766.9149,1.616233,48460.0,12.0,Mg,I,5.9327879999999995,2.0,7.549005,2.0,KP,1.0,5.0
82586,769.1553,1.611525,2551000.0,12.0,Mg,I,5.753247,2.0,7.364756,3.0,KP,1.0,7.0
82587,769.1553,1.611525,145500.0,12.0,Mg,I,5.753247,2.0,7.364756,2.0,KP,1.0,5.0
82634,769.967,1.609826,69500.0,12.0,Mg,I,5.931951000000001,1.0,7.541761999999999,2.0,KP,1.0,5.0
82654,770.3674,1.60899,22990.0,12.0,Mg,I,5.9327879999999995,2.0,7.541761999999999,2.0,KP,1.0,5.0
82746,772.2583,1.60505,35430.0,12.0,Mg,I,5.945914,2.0,7.550948,2.0,KP,1.0,5.0
82747,772.2583,1.60505,311400.0,12.0,Mg,I,5.945914,2.0,7.550948,3.0,KP,1.0,7.0
82748,772.2593,1.605048,342100.0,12.0,Mg,I,5.945916,3.0,7.550948,4.0,KP,1.0,9.0
82749,772.2593,1.605048,23080.0,12.0,Mg,I,5.945916,3.0,7.550948,3.0,KP,1.0,7.0
82750,772.2601,1.605046,288000.0,12.0,Mg,I,5.945917,1.0,7.550948,2.0,KP,1.0,5.0
82895,774.6345,1.600127,161000.0,12.0,Mg,I,4.345803,1.0,5.945914,2.0,KP,1.0,5.0
82932,775.3255,1.598701,198500.0,12.0,Mg,I,5.9315430000000005,0.0,7.530227,1.0,KP,1.0,3.0
82948,775.5236,1.598292,150500.0,12.0,Mg,I,5.931951000000001,1.0,7.530227,1.0,KP,1.0,3.0
82949,775.5236,1.598292,180200.0,12.0,Mg,I,5.931951000000001,1.0,7.530227,2.0,KP,1.0,5.0
82970,775.9298,1.5974549999999998,59600.0,12.0,Mg,I,5.9327879999999995,2.0,7.530227,2.0,KP,1.0,5.0
82971,775.9298,1.5974549999999998,354100.0,12.0,Mg,I,5.9327879999999995,2.0,7.530227,3.0,KP,1.0,7.0
83151,780.1041,1.588908,87220.0,12.0,Mg,I,5.931951000000001,1.0,7.520842999999999,2.0,KP,1.0,5.0
83170,780.5151,1.588071,28850.0,12.0,Mg,I,5.9327879999999995,2.0,7.520842999999999,2.0,KP,1.0,5.0
83198,781.1122,1.586857,47810.0,12.0,Mg,I,5.945914,2.0,7.532755,2.0,KP,1.0,5.0
83199,781.1122,1.586857,420100.0,12.0,Mg,I,5.945914,2.0,7.532755,3.0,KP,1.0,7.0
83200,781.1133,1.586855,31140.0,12.0,Mg,I,5.945916,3.0,7.532755,3.0,KP,1.0,7.0
83201,781.1133,1.586855,461500.0,12.0,Mg,I,5.945916,3.0,7.532755,4.0,KP,1.0,9.0
83202,781.1133,1.586855,19650.0,12.0,Mg,I,5.945916,3.0,7.532755,3.0,KP,1.0,7.0
83203,781.1141,1.586853,379700.0,12.0,Mg,I,5.945917,1.0,7.532755,2.0,KP,1.0,5.0
83507,787.5434,1.573899,265600.0,12.0,Mg,I,5.9315430000000005,0.0,7.505425999999999,1.0,KP,1.0,3.0
83513,787.7054,1.573575,65930000.0,12.01,Mg,II,9.995544,0.5,11.569103,1.5,KP,2.0,4.0
83515,787.7478,1.57349,201400.0,12.0,Mg,I,5.931951000000001,1.0,7.505425999999999,1.0,KP,1.0,3.0
83516,787.7478,1.57349,241100.0,12.0,Mg,I,5.931951000000001,1.0,7.505425999999999,2.0,KP,1.0,5.0
83535,788.1669,1.572653,473800.0,12.0,Mg,I,5.9327879999999995,2.0,7.505425999999999,3.0,KP,1.0,7.0
83536,788.1669,1.572653,79740.0,12.0,Mg,I,5.9327879999999995,2.0,7.505425999999999,2.0,KP,1.0,5.0
83595,789.6042,1.569791,13090000.0,12.01,Mg,II,9.999328,1.5,11.569103,1.5,KP,2.0,4.0
83597,789.6366,1.569726,79590000.0,12.01,Mg,II,9.999328,1.5,11.569039,2.5,KP,2.0,6.0
83746,793.0794,1.562912,562500.0,12.0,Mg,I,5.945914,2.0,7.50881,3.0,KP,1.0,7.0
83747,793.0794,1.562912,65510.0,12.0,Mg,I,5.945914,2.0,7.50881,2.0,KP,1.0,5.0
83748,793.0806,1.56291,618000.0,12.0,Mg,I,5.945916,3.0,7.50881,4.0,KP,1.0,9.0
83749,793.0806,1.56291,26920.0,12.0,Mg,I,5.945916,3.0,7.50881,3.0,KP,1.0,7.0
83750,793.0806,1.56291,41700.0,12.0,Mg,I,5.945916,3.0,7.50881,3.0,KP,1.0,7.0
83751,793.0814,1.562908,520300.0,12.0,Mg,I,5.945917,1.0,7.50881,2.0,KP,1.0,5.0
83795,794.0195,1.5610620000000002,116200.0,12.0,Mg,I,5.931951000000001,1.0,7.492997,2.0,KP,1.0,5.0
83815,794.4453,1.560225,38440.0,12.0,Mg,I,5.9327879999999995,2.0,7.492997,2.0,KP,1.0,5.0
83836,794.9179,1.559297,84360.0,12.0,Mg,I,5.931951000000001,1.0,7.491233,1.0,KP,1.0,3.0
83853,795.3447,1.558461,139800.0,12.0,Mg,I,5.9327879999999995,2.0,7.491233,1.0,KP,1.0,3.0
