,Wl/nm,E_Photon,A-Value,Elem. num,Element,ion state,E_lower_lev.,J_lower,E_upper_lev.,J_upper,Ref.,ion state num,g_j
14,200.1472,6.1927080000000005,13680000.0,76.0,Os,I,0.0,4.0,6.192646,3.0,CB',1.0,7.0
41,200.3738,6.185704,49110000.0,76.0,Os,I,0.51569,3.0,6.701332000000001,2.0,CB',1.0,5.0
245,201.8153,6.14153,31080000.0,76.0,Os,I,0.0,4.0,6.141468,5.0,CB',1.0,11.0
326,202.2757,6.127551,55330000.0,76.0,Os,I,0.339777,2.0,6.467267,2.0,CB',1.0,5.0
394,202.824,6.110991,36760000.0,76.0,Os,I,0.51569,3.0,6.626619,4.0,CB',1.0,9.0
479,203.4426,6.09241,33260000.0,76.0,Os,I,0.0,4.0,6.092349,3.0,CB',1.0,7.0
632,204.8297,6.051158,35650000.0,76.0,Os,I,0.339777,2.0,6.390875,2.0,CB',1.0,5.0
650,204.9436,6.047797,31300000.0,76.0,Os,I,0.51569,3.0,6.563426,3.0,CB',1.0,7.0
780,206.1701,6.011823000000001,49010000.0,76.0,Os,I,0.339777,2.0,6.351541,3.0,CB',1.0,7.0
891,207.0696,5.985712,1814000000.0,76.01,Os,II,0.487126,2.5,6.472779,3.5,CB,2.0,8.0
952,207.6961,5.967657,13960000.0,76.0,Os,I,0.0,4.0,5.9675970000000005,4.0,CB',1.0,9.0
987,207.9974,5.959015,22200000.0,76.0,Os,I,0.0,4.0,5.958956,5.0,CB',1.0,11.0
1014,208.2553,5.951637,22790000.0,76.0,Os,I,0.51569,3.0,6.467267,2.0,CB',1.0,5.0
1091,208.9046,5.933141,5885000.0,76.0,Os,I,0.0,4.0,5.933082,4.0,CB',1.0,9.0
1098,208.9226,5.932629,29970000.0,76.0,Os,I,0.339777,2.0,6.272347,1.0,CB',1.0,3.0
1222,209.7618,5.9088959999999995,21700000.0,76.0,Os,I,0.6377649999999999,5.0,6.546601,6.0,CB',1.0,13.0
1263,210.0638,5.900403,27800000.0,76.0,Os,I,0.339777,2.0,6.240121,3.0,CB',1.0,7.0
1524,211.7679,5.852926999999999,11670000.0,76.0,Os,I,0.339777,2.0,6.192646,3.0,CB',1.0,7.0
1530,211.7963,5.852144,9346000.0,76.0,Os,I,0.0,4.0,5.852085,5.0,CB',1.0,11.0
1606,212.3855,5.835909,14610000.0,76.0,Os,I,0.51569,3.0,6.351541,3.0,CB',1.0,7.0
1801,213.7087,5.799780999999999,35480000.0,76.0,Os,I,0.51569,3.0,6.3154129999999995,4.0,CB',1.0,9.0
2059,215.4605,5.752629,20510000.0,76.0,Os,I,0.339777,2.0,6.092349,3.0,CB',1.0,7.0
2101,215.7844,5.743996,5379000.0,76.0,Os,I,0.0,4.0,5.743939,3.0,CB',1.0,7.0
2111,215.8538,5.742151,23360000.0,76.0,Os,I,0.339777,2.0,6.081871,1.0,CB',1.0,3.0
2225,216.6907,5.719974,27410000.0,76.0,Os,I,0.51569,3.0,6.235607,4.0,CB',1.0,9.0
2294,217.1674,5.707422,26380000.0,76.0,Os,I,0.339777,2.0,6.047142,2.0,CB',1.0,5.0
2481,218.4696,5.673404,2842000.0,76.0,Os,I,0.0,4.0,5.673347,5.0,CB',1.0,11.0
2623,219.4403,5.6483099999999995,908100000.0,76.01,Os,II,0.44549399999999995,3.5,6.093748000000001,3.5,CB,2.0,8.0
2727,220.2505,5.627537,3190000.0,76.0,Os,I,0.0,4.0,5.62748,4.0,CB',1.0,9.0
3106,222.7982,5.563191000000001,3572000.0,76.0,Os,I,0.0,4.0,5.563135,3.0,CB',1.0,7.0
3204,223.4614,5.546682,34540000.0,76.0,Os,I,0.339777,2.0,5.886404,1.0,CB',1.0,3.0
3425,225.2142,5.503518,47250000.0,76.0,Os,I,1.0839729999999999,4.0,6.587435,4.0,CB',1.0,9.0
3644,226.4652,5.4731190000000005,33790000.0,76.0,Os,I,0.51569,3.0,5.988754,3.0,CB',1.0,7.0
3697,226.8293,5.464333,8984000.0,76.0,Os,I,0.339777,2.0,5.804056,2.0,CB',1.0,5.0
3725,227.0178,5.459798,17240000.0,76.0,Os,I,0.339777,2.0,5.7995209999999995,3.0,CB',1.0,7.0
3928,228.2278,5.430855,1057000000.0,76.01,Os,II,0.0,4.5,5.4308,3.5,CB,2.0,8.0
3951,228.3674,5.427533,32180000.0,76.0,Os,I,0.51569,3.0,5.943169,2.0,CB',1.0,5.0
4045,228.9282,5.4142410000000005,16190000.0,76.0,Os,I,0.51569,3.0,5.929876999999999,3.0,CB',1.0,7.0
4179,229.7311,5.395319000000001,3770000.0,76.0,Os,I,0.0,4.0,5.395265,3.0,CB',1.0,7.0
4446,231.3747,5.356996,1040000000.0,76.01,Os,II,0.693326,1.5,6.050268,2.5,CB,2.0,6.0
4630,232.4243,5.332807,7181000.0,76.0,Os,I,0.0,4.0,5.332754,3.0,CB',1.0,7.0
4651,232.5517,5.329886,6118000.0,76.0,Os,I,0.6377649999999999,5.0,5.9675970000000005,4.0,CB',1.0,9.0
4684,232.6989,5.3265150000000006,43970000.0,76.0,Os,I,0.75541,0.0,6.081871,1.0,CB',1.0,3.0
4826,233.456,5.309243,7986000.0,76.0,Os,I,0.339777,2.0,5.648967,3.0,CB',1.0,7.0
4899,233.8652,5.299951999999999,4382000.0,76.0,Os,I,0.0,4.0,5.299899,4.0,CB',1.0,9.0
4930,234.0676,5.29537,11510000.0,76.0,Os,I,0.6377649999999999,5.0,5.933082,4.0,CB',1.0,9.0
4981,234.3753,5.288419,25410000.0,76.0,Os,I,0.51569,3.0,5.804056,2.0,CB',1.0,5.0
5018,234.5765,5.283884,11430000.0,76.0,Os,I,0.51569,3.0,5.7995209999999995,3.0,CB',1.0,7.0
5058,234.7445,5.280101999999999,44420000.0,76.0,Os,I,1.0839729999999999,4.0,6.364022,3.0,CB',1.0,7.0
5103,235.0229,5.273848,4793000000.0,76.01,Os,II,0.693326,1.5,5.967121,0.5,CB,2.0,2.0
5122,235.1579,5.270819,7871000.0,76.0,Os,I,1.260421,2.0,6.531187,3.0,CB',1.0,7.0
5124,235.172,5.270503,9247000.0,76.0,Os,I,1.410692,3.0,6.681143,3.0,CB',1.0,7.0
5150,235.3008,5.267621,40320000.0,76.0,Os,I,1.0839729999999999,4.0,6.351541,3.0,CB',1.0,7.0
5199,235.5293,5.262509,604800000.0,76.01,Os,II,0.487126,2.5,5.749582,2.5,CB,2.0,6.0
5237,235.7265,5.258108,17690000.0,76.0,Os,I,1.0839729999999999,4.0,6.342029,5.0,CB',1.0,11.0
5337,236.2412,5.246652,4593000.0,76.0,Os,I,0.0,4.0,5.2466,3.0,CB',1.0,7.0
5342,236.2771,5.245855000000001,9835000.0,76.0,Os,I,0.0,4.0,5.245801999999999,4.0,CB',1.0,9.0
5350,236.3348,5.244575,23530000.0,76.0,Os,I,1.0839729999999999,4.0,6.328496,3.0,CB',1.0,7.0
5466,236.9258,5.231492,30230000.0,76.0,Os,I,1.0839729999999999,4.0,6.3154129999999995,4.0,CB',1.0,9.0
5495,237.0705,5.228301,25060000.0,76.0,Os,I,0.51569,3.0,5.743939,3.0,CB',1.0,7.0
5504,237.119,5.227231,41930000.0,76.0,Os,I,1.0839729999999999,4.0,6.311151000000001,5.0,CB',1.0,11.0
5580,237.4339,5.2203,3377000.0,76.0,Os,I,0.51569,3.0,5.735938,4.0,CB',1.0,9.0
5587,237.4534,5.219869999999999,14400000.0,76.0,Os,I,1.367618,4.0,6.587435,4.0,CB',1.0,9.0
5640,237.7038,5.214373,117600000.0,76.0,Os,I,0.6377649999999999,5.0,5.852085,5.0,CB',1.0,11.0
5650,237.7608,5.213123,78090000.0,76.0,Os,I,1.410692,3.0,6.623763,2.0,CB',1.0,5.0
5662,237.8183,5.211863,51450000.0,76.0,Os,I,0.71491,1.0,5.926721,0.0,CB',1.0,1.0
5674,237.8749,5.210622,52970000.0,76.0,Os,I,1.583821,2.0,6.794391,1.0,CB',1.0,3.0
5695,237.9401,5.209194,47500000.0,76.0,Os,I,0.6377649999999999,5.0,5.846906,4.0,CB',1.0,9.0
5701,237.9647,5.2086559999999995,13860000.0,76.0,Os,I,0.51569,3.0,5.724293,2.0,CB',1.0,5.0
5723,238.0825,5.206079,7469000.0,76.0,Os,I,0.339777,2.0,5.545804,1.0,CB',1.0,3.0
5761,238.2483,5.202456,38430000.0,76.0,Os,I,1.410692,3.0,6.6130960000000005,3.0,CB',1.0,7.0
5801,238.4628,5.197776999999999,12590000.0,76.0,Os,I,0.339777,2.0,5.537502,2.0,CB',1.0,5.0
5850,238.7279,5.192006,28380000.0,76.0,Os,I,0.0,4.0,5.191954,3.0,CB',1.0,7.0
5982,239.4294,5.176794999999999,61840000.0,76.0,Os,I,1.410692,3.0,6.587435,4.0,CB',1.0,9.0
5998,239.5376,5.174457,25590000.0,76.0,Os,I,0.339777,2.0,5.514182,1.0,CB',1.0,3.0
6013,239.5882,5.173364,14810000.0,76.0,Os,I,0.0,4.0,5.173312999999999,4.0,CB',1.0,9.0
6031,239.6783,5.171419,147100000.0,76.0,Os,I,1.583821,2.0,6.755188,1.0,CB',1.0,3.0
6044,239.7625,5.1696029999999995,22150000.0,76.0,Os,I,1.410692,3.0,6.580242999999999,2.0,CB',1.0,5.0
6056,239.8199,5.1683650000000005,19950000.0,76.0,Os,I,1.367618,4.0,6.535931,4.0,CB',1.0,9.0
6116,240.1131,5.162054,110100000.0,76.0,Os,I,1.0839729999999999,4.0,6.245975,5.0,CB',1.0,11.0
6150,240.2235,5.159683,16130000.0,76.0,Os,I,0.51569,3.0,5.675321,3.0,CB',1.0,7.0
6178,240.3538,5.156885,44370000.0,76.0,Os,I,1.260421,2.0,6.417255,3.0,CB',1.0,7.0
6188,240.3858,5.1562,57140000.0,76.0,Os,I,1.0839729999999999,4.0,6.240121,3.0,CB',1.0,7.0
6232,240.5451,5.152785,73510000.0,76.0,Os,I,1.410692,3.0,6.563426,3.0,CB',1.0,7.0
6248,240.5965,5.151686,27360000.0,76.0,Os,I,1.0839729999999999,4.0,6.235607,4.0,CB',1.0,9.0
6305,240.8672,5.145894999999999,60110000.0,76.0,Os,I,1.367618,4.0,6.513461,5.0,CB',1.0,11.0
6356,241.0986,5.140957,191600000.0,76.0,Os,I,1.614283,1.0,6.755188,1.0,CB',1.0,3.0
6423,241.411,5.134304,17110000.0,76.0,Os,I,1.0839729999999999,4.0,6.218225,3.0,CB',1.0,7.0
6433,241.4512,5.13345,12390000.0,76.0,Os,I,0.339777,2.0,5.4731760000000005,3.0,CB',1.0,7.0
6513,241.7988,5.1260699999999995,51050000.0,76.0,Os,I,0.51569,3.0,5.641709,2.0,CB',1.0,5.0
6523,241.8356,5.125290000000001,20070000.0,76.0,Os,I,1.410692,3.0,6.535931,4.0,CB',1.0,9.0
6528,241.8531,5.1249199999999995,34500000.0,76.0,Os,I,0.339777,2.0,5.464646,2.0,CB',1.0,5.0
6598,242.1157,5.1193610000000005,25520000.0,76.0,Os,I,1.583821,2.0,6.703131,2.0,CB',1.0,5.0
6675,242.4566,5.112165,10950000.0,76.0,Os,I,0.0,4.0,5.112114,3.0,CB',1.0,7.0
6689,242.4975,5.111301999999999,21040000.0,76.0,Os,I,0.0,4.0,5.111251,5.0,CB',1.0,11.0
6715,242.6199,5.108725,13460000.0,76.0,Os,I,1.0839729999999999,4.0,6.192646,3.0,CB',1.0,7.0
6802,242.9676,5.101413,17530000.0,76.0,Os,I,1.260421,2.0,6.361783,2.0,CB',1.0,5.0
6842,243.1196,5.098224,30060000.0,76.0,Os,I,0.6377649999999999,5.0,5.735938,4.0,CB',1.0,9.0
6852,243.1609,5.097359,101800000.0,76.0,Os,I,1.410692,3.0,6.508,4.0,CB',1.0,9.0
6950,243.5509,5.089197,24080000.0,76.0,Os,I,0.71491,1.0,5.804056,2.0,CB',1.0,5.0
6954,243.5651,5.088899,85440000.0,76.0,Os,I,1.614283,1.0,6.703131,2.0,CB',1.0,5.0
6974,243.6513,5.0871,17040000.0,76.0,Os,I,1.614283,1.0,6.701332000000001,2.0,CB',1.0,5.0
7075,244.0679,5.078416000000001,20410000.0,76.0,Os,I,1.410692,3.0,6.489058,2.0,CB',1.0,5.0
7101,244.2001,5.075669,87350000.0,76.0,Os,I,1.657028,2.0,6.732646000000001,1.0,CB',1.0,3.0
7176,244.5868,5.067643,48760000.0,76.0,Os,I,1.583821,2.0,6.651414,2.0,CB',1.0,5.0
7180,244.6022,5.067325,26790000.0,76.0,Os,I,0.339777,2.0,5.407051,2.0,CB',1.0,5.0
7295,245.0752,5.057546,149200000.0,76.0,Os,I,1.0839729999999999,4.0,6.141468,5.0,CB',1.0,11.0
7302,245.1198,5.0566260000000005,40380000.0,76.0,Os,I,1.410692,3.0,6.467267,2.0,CB',1.0,5.0
7315,245.1725,5.055539,29500000.0,76.0,Os,I,0.339777,2.0,5.395265,3.0,CB',1.0,7.0
7346,245.3286,5.052321,18500000.0,76.0,Os,I,0.71491,1.0,5.767181,1.0,CB',1.0,3.0
7359,245.3898,5.051063,107100000.0,76.0,Os,I,1.0839729999999999,4.0,6.1349849999999995,4.0,CB',1.0,9.0
7388,245.4917,5.048966,529400000.0,76.01,Os,II,0.44549399999999995,3.5,5.494408999999999,4.5,CB,2.0,10.0
7421,245.6462,5.045791,40200000.0,76.0,Os,I,0.339777,2.0,5.385518,2.0,CB',1.0,5.0
7436,245.7161,5.044355,51760000.0,76.0,Os,I,1.657028,2.0,6.701332000000001,2.0,CB',1.0,5.0
7495,245.984,5.038863,19640000.0,76.0,Os,I,0.71491,1.0,5.753722,2.0,CB',1.0,5.0
7535,246.1417,5.035633,120300000.0,76.0,Os,I,0.6377649999999999,5.0,5.673347,5.0,CB',1.0,11.0
7607,246.4504,5.029326,84200000.0,76.0,Os,I,1.583821,2.0,6.6130960000000005,3.0,CB',1.0,7.0
7690,246.8094,5.022012,81660000.0,76.0,Os,I,1.260421,2.0,6.282382,1.0,CB',1.0,3.0
7784,247.2283,5.013503,83280000.0,76.0,Os,I,0.71491,1.0,5.728363,1.0,CB',1.0,3.0
7844,247.4789,5.008426999999999,69450000.0,76.0,Os,I,1.0839729999999999,4.0,6.092349,3.0,CB',1.0,7.0
7867,247.5686,5.006613,40870000.0,76.0,Os,I,1.410692,3.0,6.417255,3.0,CB',1.0,7.0
7895,247.6835,5.00429,16290000.0,76.0,Os,I,0.0,4.0,5.00424,4.0,CB',1.0,9.0
7988,248.0719,4.996455,10710000.0,76.0,Os,I,1.367618,4.0,6.364022,3.0,CB',1.0,7.0
8028,248.2423,4.993026,17740000.0,76.0,Os,I,0.339777,2.0,5.332754,3.0,CB',1.0,7.0
8064,248.4045,4.989766,2687000.0,76.0,Os,I,0.6377649999999999,5.0,5.62748,4.0,CB',1.0,9.0
8169,248.8548,4.980738,228000000.0,76.0,Os,I,0.6377649999999999,5.0,5.618453,6.0,CB',1.0,13.0
8182,248.9041,4.97975,22220000.0,76.0,Os,I,1.260421,2.0,6.240121,3.0,CB',1.0,7.0
8238,249.1019,4.975796,66990000.0,76.0,Os,I,1.0839729999999999,4.0,6.059719,3.0,CB',1.0,7.0
8263,249.1688,4.974461,64490000.0,76.0,Os,I,1.367618,4.0,6.342029,5.0,CB',1.0,11.0
8276,249.2419,4.973003,103200000.0,76.0,Os,I,0.75541,0.0,5.728363,1.0,CB',1.0,3.0
8313,249.3822,4.970206,990600.0,76.0,Os,I,0.0,4.0,4.970155999999999,4.0,CB',1.0,9.0
8435,249.8418,4.961062999999999,472400000.0,76.0,Os,I,1.0839729999999999,4.0,6.044986,4.0,CB',1.0,9.0
8468,249.9927,4.958069,96400000.0,76.0,Os,I,1.7778080000000003,5.0,6.7358270000000005,6.0,CB',1.0,13.0
8494,250.0933,4.956074,70580000.0,76.0,Os,I,1.747107,3.0,6.703131,2.0,CB',1.0,5.0
8516,250.1841,4.954275,43490000.0,76.0,Os,I,1.747107,3.0,6.701332000000001,2.0,CB',1.0,5.0
8527,250.2293,4.95338,120800000.0,76.0,Os,I,1.410692,3.0,6.364022,3.0,CB',1.0,7.0
8574,250.4389,4.949235,31440000.0,76.0,Os,I,0.339777,2.0,5.288963,2.0,CB',1.0,5.0
8578,250.4505,4.9490050000000005,24400000.0,76.0,Os,I,0.51569,3.0,5.464646,2.0,CB',1.0,5.0
8676,250.7181,4.943724,196100000.0,76.01,Os,II,0.487126,2.5,5.4308,3.5,CB,2.0,8.0
8715,250.8615,4.940898000000001,60240000.0,76.0,Os,I,1.410692,3.0,6.351541,3.0,CB',1.0,7.0
8746,250.993,4.938308999999999,74040000.0,76.0,Os,I,1.583821,2.0,6.522081,3.0,CB',1.0,7.0
8830,251.2877,4.932518,112000000.0,76.0,Os,I,1.0839729999999999,4.0,6.016441,4.0,CB',1.0,9.0
8840,251.3246,4.931794,129400000.0,76.0,Os,I,0.6377649999999999,5.0,5.569509,5.0,CB',1.0,11.0
8888,251.5045,4.928266000000001,43500000.0,76.0,Os,I,0.6377649999999999,5.0,5.565982,4.0,CB',1.0,9.0
8956,251.76,4.923265,23600000.0,76.0,Os,I,1.657028,2.0,6.580242999999999,2.0,CB',1.0,5.0
8972,251.792,4.92264,24410000.0,76.0,Os,I,0.51569,3.0,5.438280000000001,4.0,CB',1.0,9.0
8989,251.844,4.921623,29350000.0,76.0,Os,I,0.6377649999999999,5.0,5.559339,6.0,CB',1.0,13.0
9014,251.9284,4.919974,20150000.0,76.0,Os,I,0.339777,2.0,5.259702,1.0,CB',1.0,3.0
9198,252.4792,4.909243,3429000.0,76.0,Os,I,0.51569,3.0,5.424884,4.0,CB',1.0,9.0
9237,252.6012,4.906871,6822000.0,76.0,Os,I,0.339777,2.0,5.2466,3.0,CB',1.0,7.0
9261,252.6829,4.905286,42630000.0,76.0,Os,I,1.583821,2.0,6.489058,2.0,CB',1.0,5.0
9264,252.7063,4.904831,27770000.0,76.0,Os,I,1.0839729999999999,4.0,5.988754,3.0,CB',1.0,7.0
9407,253.2438,4.8944220000000005,59270000.0,76.0,Os,I,1.8414540000000001,6.0,6.7358270000000005,6.0,CB',1.0,13.0
9455,253.4166,4.891083999999999,45420000.0,76.0,Os,I,1.260421,2.0,6.151456,2.0,CB',1.0,5.0
9560,253.7986,4.883723000000001,1235000000.0,76.01,Os,II,0.0,4.5,4.883674,3.5,CB,2.0,8.0
9564,253.8104,4.883495,139900000.0,76.0,Os,I,1.583821,2.0,6.467267,2.0,CB',1.0,5.0
9623,254.0118,4.879624,9751000.0,76.0,Os,I,0.51569,3.0,5.395265,3.0,CB',1.0,7.0
9642,254.0752,4.878407,35690000.0,76.0,Os,I,1.367618,4.0,6.245975,5.0,CB',1.0,11.0
9659,254.1639,4.876704,49510000.0,76.0,Os,I,1.747107,3.0,6.623763,2.0,CB',1.0,5.0
9689,254.2511,4.875032,129400000.0,76.0,Os,I,1.0839729999999999,4.0,5.958956,5.0,CB',1.0,11.0
9733,254.3805,4.872552,41480000.0,76.0,Os,I,1.367618,4.0,6.240121,3.0,CB',1.0,7.0
9815,254.6164,4.868037999999999,37830000.0,76.0,Os,I,1.367618,4.0,6.235607,4.0,CB',1.0,9.0
9855,254.7701,4.865101999999999,64040000.0,76.0,Os,I,1.657028,2.0,6.522081,3.0,CB',1.0,7.0
9866,254.8103,4.864333,42410000.0,76.0,Os,I,1.7778080000000003,5.0,6.642092999999999,6.0,CB',1.0,13.0
10074,255.4462,4.852225,11330000.0,76.0,Os,I,0.339777,2.0,5.191954,3.0,CB',1.0,7.0
10100,255.5109,4.850996,39340000.0,76.0,Os,I,1.410692,3.0,6.26164,4.0,CB',1.0,9.0
10103,255.5288,4.850656,36630000.0,76.0,Os,I,1.367618,4.0,6.218225,3.0,CB',1.0,7.0
10118,255.5803,4.8496809999999995,49820000.0,76.0,Os,I,1.7778080000000003,5.0,6.627439999999999,5.0,CB',1.0,11.0
10127,255.6078,4.849157,16010000.0,76.0,Os,I,1.0839729999999999,4.0,5.933082,4.0,CB',1.0,9.0
10189,255.7769,4.845952,18330000.0,76.0,Os,I,1.0839729999999999,4.0,5.929876999999999,3.0,CB',1.0,7.0
10197,255.8094,4.845336,155200000.0,76.0,Os,I,1.887358,2.0,6.732646000000001,1.0,CB',1.0,3.0
10326,256.267,4.836684,158300000.0,76.0,Os,I,1.657028,2.0,6.493664,1.0,CB',1.0,3.0
10370,256.4368,4.833482,47950000.0,76.0,Os,I,1.583821,2.0,6.417255,3.0,CB',1.0,7.0
10389,256.5167,4.831976999999999,33150000.0,76.0,Os,I,1.260421,2.0,6.092349,3.0,CB',1.0,7.0
10404,256.5716,4.830943,11440000.0,76.0,Os,I,0.71491,1.0,5.545804,1.0,CB',1.0,3.0
10425,256.6495,4.829477,190600000.0,76.0,Os,I,1.410692,3.0,6.240121,3.0,CB',1.0,7.0
10437,256.6881,4.828752,101400000.0,76.0,Os,I,1.260421,2.0,6.089124,2.0,CB',1.0,5.0
10491,256.8836,4.825076999999999,141000000.0,76.0,Os,I,1.367618,4.0,6.192646,3.0,CB',1.0,7.0
10555,257.1143,4.820747,46200000.0,76.0,Os,I,1.583821,2.0,6.40452,2.0,CB',1.0,5.0
10576,257.1788,4.819538,70520000.0,76.0,Os,I,1.0839729999999999,4.0,5.9034629999999995,3.0,CB',1.0,7.0
10609,257.3083,4.817112,4245000.0,76.0,Os,I,0.51569,3.0,5.332754,3.0,CB',1.0,7.0
10625,257.3482,4.816367,22270000.0,76.0,Os,I,1.747107,3.0,6.563426,3.0,CB',1.0,7.0
10658,257.4735,4.8140220000000005,22560000.0,76.0,Os,I,1.887358,2.0,6.701332000000001,2.0,CB',1.0,5.0
10750,257.8185,4.807581,29250000.0,76.0,Os,I,1.410692,3.0,6.218225,3.0,CB',1.0,7.0
10847,258.1059,4.8022290000000005,16940000.0,76.0,Os,I,0.6377649999999999,5.0,5.439946,5.0,CB',1.0,11.0
10869,258.1954,4.800564,42240000.0,76.0,Os,I,0.6377649999999999,5.0,5.438280000000001,4.0,CB',1.0,9.0
10885,258.2623,4.79932,21510000.0,76.0,Os,I,0.71491,1.0,5.514182,1.0,CB',1.0,3.0
11010,258.7494,4.790285,79280000.0,76.0,Os,I,1.614283,1.0,6.40452,2.0,CB',1.0,5.0
11032,258.8258,4.7888720000000005,17120000.0,76.0,Os,I,1.747107,3.0,6.535931,4.0,CB',1.0,9.0
11064,258.9395,4.7867690000000005,31510000.0,76.0,Os,I,1.260421,2.0,6.047142,2.0,CB',1.0,5.0
11065,258.9506,4.786565,19320000.0,76.0,Os,I,1.8409240000000002,4.0,6.627439999999999,5.0,CB',1.0,11.0
11094,259.0755,4.784257,41950000.0,76.0,Os,I,0.51569,3.0,5.299899,4.0,CB',1.0,9.0
11123,259.1977,4.782001999999999,67840000.0,76.0,Os,I,1.410692,3.0,6.192646,3.0,CB',1.0,7.0
11178,259.3878,4.778497,29310000.0,76.0,Os,I,2.0100830000000003,1.0,6.788532000000001,2.0,CB',1.0,5.0
11181,259.4143,4.77801,88490000.0,76.0,Os,I,1.583821,2.0,6.361783,2.0,CB',1.0,5.0
11244,259.6377,4.773898,5293000.0,76.0,Os,I,1.367618,4.0,6.141468,5.0,CB',1.0,11.0
11254,259.6691,4.77332,10870000.0,76.0,Os,I,0.51569,3.0,5.288963,2.0,CB',1.0,5.0
11269,259.72,4.772384,5245000.0,76.0,Os,I,0.339777,2.0,5.112114,3.0,CB',1.0,7.0
11278,259.757,4.771705,2040000.0,76.0,Os,I,0.0,4.0,4.771657,3.0,CB',1.0,7.0
11321,259.913,4.768841,30220000.0,76.0,Os,I,1.7778080000000003,5.0,6.546601,6.0,CB',1.0,13.0
11334,259.9908,4.767415,35460000.0,76.0,Os,I,1.367618,4.0,6.1349849999999995,4.0,CB',1.0,9.0
11352,260.0452,4.766417,103900000.0,76.0,Os,I,1.583821,2.0,6.3501900000000004,1.0,CB',1.0,3.0
11396,260.2328,4.762981,13770000.0,76.0,Os,I,1.0839729999999999,4.0,5.846906,4.0,CB',1.0,9.0
11447,260.3808,4.760275,28680000.0,76.0,Os,I,1.657028,2.0,6.417255,3.0,CB',1.0,7.0
11474,260.4604,4.75882,39380000.0,76.0,Os,I,0.75541,0.0,5.514182,1.0,CB',1.0,3.0
11483,260.4959,4.758171,17300000.0,76.0,Os,I,1.7778080000000003,5.0,6.535931,4.0,CB',1.0,9.0
11612,260.9201,4.7504349999999995,38530000.0,76.0,Os,I,1.0839729999999999,4.0,5.83436,3.0,CB',1.0,7.0
11621,260.956,4.749783,41860000.0,76.0,Os,I,0.71491,1.0,5.464646,2.0,CB',1.0,5.0
11655,261.0793,4.74754,252000000.0,76.0,Os,I,1.657028,2.0,6.40452,2.0,CB',1.0,5.0
11673,261.1332,4.7465589999999995,45280000.0,76.0,Os,I,1.8409240000000002,4.0,6.587435,4.0,CB',1.0,9.0
11711,261.2632,4.744199,7155000.0,76.0,Os,I,0.0,4.0,4.7441510000000005,3.0,CB',1.0,7.0
11721,261.3059,4.743423,73820000.0,76.0,Os,I,0.6377649999999999,5.0,5.38114,5.0,CB',1.0,11.0
11752,261.4054,4.741617,31050000.0,76.0,Os,I,1.260421,2.0,6.001991,1.0,CB',1.0,3.0
11764,261.4498,4.740811,11750000.0,76.0,Os,I,1.410692,3.0,6.151456,2.0,CB',1.0,5.0
11813,261.5966,4.7381519999999995,36280000.0,76.0,Os,I,1.583821,2.0,6.321926,2.0,CB',1.0,5.0
11841,261.718,4.735955000000001,52610000.0,76.0,Os,I,1.614283,1.0,6.3501900000000004,1.0,CB',1.0,3.0
11912,261.9945,4.730957,38210000.0,76.0,Os,I,0.51569,3.0,5.2466,3.0,CB',1.0,7.0
11937,262.0618,4.729742,10430000.0,76.0,Os,I,0.339777,2.0,5.069472,2.0,CB',1.0,5.0
11952,262.1818,4.727576,6059000.0,76.0,Os,I,0.0,4.0,4.727529,4.0,CB',1.0,9.0
12003,262.3614,4.72434,15550000.0,76.0,Os,I,1.410692,3.0,6.1349849999999995,4.0,CB',1.0,9.0
12032,262.4575,4.7226099999999995,95200000.0,76.0,Os,I,2.0100830000000003,1.0,6.732646000000001,1.0,CB',1.0,3.0
12135,262.848,4.7155949999999995,65970000.0,76.0,Os,I,1.0839729999999999,4.0,5.7995209999999995,3.0,CB',1.0,7.0
12252,263.2894,4.70769,60820000.0,76.0,Os,I,1.614283,1.0,6.321926,2.0,CB',1.0,5.0
12284,263.4291,4.7051940000000005,18140000.0,76.0,Os,I,1.8414540000000001,6.0,6.546601,6.0,CB',1.0,13.0
12286,263.4437,4.7049330000000005,36090000.0,76.0,Os,I,1.908211,3.0,6.6130960000000005,3.0,CB',1.0,7.0
12362,263.7126,4.700136,41430000.0,76.0,Os,I,0.0,4.0,4.700088,4.0,CB',1.0,9.0
12379,263.7983,4.698608,58100000.0,76.0,Os,I,1.583821,2.0,6.282382,1.0,CB',1.0,3.0
12432,263.998,4.695055,10870000.0,76.0,Os,I,1.8409240000000002,4.0,6.535931,4.0,CB',1.0,9.0
12460,264.1174,4.692932,49130000.0,76.0,Os,I,1.887358,2.0,6.580242999999999,2.0,CB',1.0,5.0
12472,264.1615,4.692148,47320000.0,76.0,Os,I,1.367618,4.0,6.059719,3.0,CB',1.0,7.0
12527,264.363,4.688573,76270000.0,76.0,Os,I,1.583821,2.0,6.272347,1.0,CB',1.0,3.0
12540,264.4115,4.687713,25950000.0,76.0,Os,I,0.0,4.0,4.687666,3.0,CB',1.0,7.0
12599,264.6892,4.682795,109500000.0,76.0,Os,I,1.260421,2.0,5.943169,2.0,CB',1.0,5.0
12626,264.7728,4.681317,25760000.0,76.0,Os,I,0.339777,2.0,5.021048,1.0,CB',1.0,3.0
12668,264.9334,4.678479,158000000.0,76.0,Os,I,1.410692,3.0,6.089124,2.0,CB',1.0,5.0
12703,265.0674,4.676115,34840000.0,76.0,Os,I,1.887358,2.0,6.563426,3.0,CB',1.0,7.0
12760,265.2963,4.672079,116800000.0,76.0,Os,I,1.908211,3.0,6.580242999999999,2.0,CB',1.0,5.0
12781,265.3773,4.670654,13710000.0,76.0,Os,I,0.71491,1.0,5.385518,2.0,CB',1.0,5.0
12805,265.5199,4.668146,58690000.0,76.0,Os,I,1.614283,1.0,6.282382,1.0,CB',1.0,3.0
12814,265.5781,4.667123,21440000.0,76.0,Os,I,1.8409240000000002,4.0,6.508,4.0,CB',1.0,9.0
12888,265.8596,4.6621809999999995,81340000.0,76.0,Os,I,0.6377649999999999,5.0,5.299899,4.0,CB',1.0,9.0
12921,265.9833,4.660012999999999,97510000.0,76.0,Os,I,1.0839729999999999,4.0,5.743939,3.0,CB',1.0,7.0
12947,266.0919,4.658111,86430000.0,76.0,Os,I,1.614283,1.0,6.272347,1.0,CB',1.0,3.0
12949,266.1171,4.657669,12290000.0,76.0,Os,I,0.51569,3.0,5.173312999999999,4.0,CB',1.0,9.0
12976,266.1928,4.656346,15790000.0,76.0,Os,I,1.583821,2.0,6.240121,3.0,CB',1.0,7.0
12991,266.2548,4.655261,58640000.0,76.0,Os,I,1.908211,3.0,6.563426,3.0,CB',1.0,7.0
13006,266.3223,4.654082,54210000.0,76.0,Os,I,1.583821,2.0,6.237857,2.0,CB',1.0,5.0
13085,266.6209,4.64887,23870000.0,76.0,Os,I,1.367618,4.0,6.016441,4.0,CB',1.0,9.0
13185,266.9529,4.643089,32060000.0,76.0,Os,I,1.260421,2.0,5.9034629999999995,3.0,CB',1.0,7.0
13314,267.4568,4.63434,124500000.0,76.0,Os,I,1.410692,3.0,6.044986,4.0,CB',1.0,9.0
13323,267.4891,4.633782,117600000.0,76.0,Os,I,1.260421,2.0,5.894157,2.0,CB',1.0,5.0
13446,267.9738,4.625401,67700000.0,76.0,Os,I,1.657028,2.0,6.282382,1.0,CB',1.0,3.0
13520,268.2184,4.621183,26410000.0,76.0,Os,I,1.367618,4.0,5.988754,3.0,CB',1.0,7.0
13581,268.4365,4.6174290000000004,102100000.0,76.0,Os,I,2.0100830000000003,1.0,6.627464999999999,1.0,CB',1.0,3.0
13678,268.8077,4.611052,28250000.0,76.0,Os,I,1.8414540000000001,6.0,6.452459999999999,6.0,CB',1.0,13.0
13715,268.9349,4.608871,37110000.0,76.0,Os,I,1.583821,2.0,6.192646,3.0,CB',1.0,7.0
13725,268.9809,4.608084,81320000.0,76.0,Os,I,0.6377649999999999,5.0,5.245801999999999,4.0,CB',1.0,9.0
13868,269.4521,4.600026000000001,26220000.0,76.0,Os,I,1.367618,4.0,5.9675970000000005,4.0,CB',1.0,9.0
13876,269.475,4.599635,30470000.0,76.0,Os,I,1.583821,2.0,6.183411,2.0,CB',1.0,5.0
13934,269.6605,4.59647,1539000.0,76.0,Os,I,0.51569,3.0,5.112114,3.0,CB',1.0,7.0
14047,270.0748,4.58942,8700000.0,76.0,Os,I,1.0839729999999999,4.0,5.673347,5.0,CB',1.0,11.0
14108,270.283,4.585885,62100000.0,76.0,Os,I,1.614283,1.0,6.200122,1.0,CB',1.0,3.0
14145,270.4449,4.583139,27840000.0,76.0,Os,I,1.657028,2.0,6.240121,3.0,CB',1.0,7.0
14200,270.67,4.579328,19060000.0,76.0,Os,I,0.339777,2.0,4.919059,2.0,CB',1.0,5.0
14218,270.7422,4.578108,46100000.0,76.0,Os,I,1.410692,3.0,5.988754,3.0,CB',1.0,7.0
14283,270.9862,4.5739849999999995,36550000.0,76.0,Os,I,1.260421,2.0,5.83436,3.0,CB',1.0,7.0
14391,271.4639,4.565936,24110000.0,76.0,Os,I,0.0,4.0,4.5658900000000004,4.0,CB',1.0,9.0
14408,271.5361,4.564724,216900000.0,76.0,Os,I,0.71491,1.0,5.2795879999999995,0.0,CB',1.0,1.0
14418,271.5633,4.564266,41180000.0,76.0,Os,I,1.7778080000000003,5.0,6.342029,5.0,CB',1.0,11.0
14456,271.68,4.562305,14480000.0,76.0,Os,I,1.367618,4.0,5.929876999999999,3.0,CB',1.0,7.0
14515,271.8709,4.559101999999999,75190000.0,76.0,Os,I,1.908211,3.0,6.467267,2.0,CB',1.0,5.0
14556,272.0038,4.556875,40340000.0,76.0,Os,I,0.339777,2.0,4.896607,2.0,CB',1.0,5.0
14599,272.1858,4.553828,39370000.0,76.0,Os,I,0.51569,3.0,5.069472,2.0,CB',1.0,5.0
14769,272.7937,4.543680999999999,37430000.0,76.0,Os,I,1.260421,2.0,5.804056,2.0,CB',1.0,5.0
14777,272.8267,4.543132,2553000.0,76.0,Os,I,0.339777,2.0,4.8828629999999995,3.0,CB',1.0,7.0
14886,273.2801,4.535593,19340000.0,76.0,Os,I,0.6377649999999999,5.0,5.173312999999999,4.0,CB',1.0,9.0
14996,273.639,4.529646,9826000.0,76.0,Os,I,0.71491,1.0,5.24451,1.0,CB',1.0,3.0
15053,273.8335,4.526428,26300000.0,76.0,Os,I,1.657028,2.0,6.183411,2.0,CB',1.0,5.0
15115,274.0323,4.523144,76410000.0,76.0,Os,I,1.8409240000000002,4.0,6.364022,3.0,CB',1.0,7.0
15127,274.0753,4.522435,23110000.0,76.0,Os,I,1.410692,3.0,5.933082,4.0,CB',1.0,9.0
15182,274.2697,4.51923,9827000.0,76.0,Os,I,1.410692,3.0,5.929876999999999,3.0,CB',1.0,7.0
15329,274.7907,4.510662,66190000.0,76.0,Os,I,1.8409240000000002,4.0,6.351541,3.0,CB',1.0,7.0
15351,274.8866,4.509089,61730000.0,76.0,Os,I,1.908211,3.0,6.417255,3.0,CB',1.0,7.0
15357,274.918,4.508573,38940000.0,76.0,Os,I,1.583821,2.0,6.092349,3.0,CB',1.0,7.0
15408,275.1148,4.505348000000001,35960000.0,76.0,Os,I,1.583821,2.0,6.089124,2.0,CB',1.0,5.0
15483,275.3714,4.50115,17890000.0,76.0,Os,I,1.8409240000000002,4.0,6.342029,5.0,CB',1.0,11.0
15532,275.5584,4.498094999999999,75220000.0,76.0,Os,I,1.583821,2.0,6.081871,1.0,CB',1.0,3.0
15583,275.7805,4.494473,80130000.0,76.0,Os,I,1.657028,2.0,6.151456,2.0,CB',1.0,5.0
15620,275.8823,4.492816,30710000.0,76.0,Os,I,1.410692,3.0,5.9034629999999995,3.0,CB',1.0,7.0
15691,276.1078,4.489146,17560000.0,76.0,Os,I,0.75541,0.0,5.24451,1.0,CB',1.0,3.0
15703,276.1417,4.488595,15750000.0,76.0,Os,I,0.51569,3.0,5.00424,4.0,CB',1.0,9.0
15769,276.3272,4.485581,31600000.0,76.0,Os,I,1.0839729999999999,4.0,5.569509,5.0,CB',1.0,11.0
15792,276.3931,4.4845120000000005,19030000.0,76.0,Os,I,1.367618,4.0,5.852085,5.0,CB',1.0,11.0
15823,276.5043,4.482708000000001,224600000.0,76.0,Os,I,1.908211,3.0,6.390875,2.0,CB',1.0,5.0
15834,276.5447,4.482054,5201000.0,76.0,Os,I,1.0839729999999999,4.0,5.565982,4.0,CB',1.0,9.0
15887,276.7127,4.479334,19750000.0,76.0,Os,I,1.367618,4.0,5.846906,4.0,CB',1.0,9.0
15986,276.9877,4.474886,67600000.0,76.0,Os,I,1.614283,1.0,6.089124,2.0,CB',1.0,5.0
15991,277.0095,4.474533999999999,35050000.0,76.0,Os,I,1.8409240000000002,4.0,6.3154129999999995,4.0,CB',1.0,9.0
16006,277.0716,4.4735309999999995,22770000.0,76.0,Os,I,0.6377649999999999,5.0,5.111251,5.0,CB',1.0,11.0
16076,277.3065,4.469742,31370000.0,76.0,Os,I,1.8414540000000001,6.0,6.311151000000001,5.0,CB',1.0,11.0
16102,277.4014,4.468212,28590000.0,76.0,Os,I,1.7778080000000003,5.0,6.245975,5.0,CB',1.0,11.0
16114,277.4374,4.467633,75930000.0,76.0,Os,I,1.614283,1.0,6.081871,1.0,CB',1.0,3.0
16138,277.4899,4.466787,20520000.0,76.0,Os,I,1.367618,4.0,5.83436,3.0,CB',1.0,7.0
16199,277.6904,4.463563,7723000.0,76.0,Os,I,0.339777,2.0,4.803294999999999,2.0,CB',1.0,5.0
16385,278.2547,4.45451,15510000.0,76.0,Os,I,0.51569,3.0,4.970155999999999,4.0,CB',1.0,9.0
16424,278.3885,4.452369999999999,289400000.0,76.01,Os,II,0.978475,2.5,5.4308,3.5,CB,2.0,8.0
16504,278.63,4.448511,12020000.0,76.0,Os,I,0.6377649999999999,5.0,5.086231,6.0,CB',1.0,13.0
16512,278.6794,4.447723000000001,5328000.0,76.0,Os,I,0.339777,2.0,4.787456,1.0,CB',1.0,3.0
16627,279.0899,4.441182,28010000.0,76.0,Os,I,1.887358,2.0,6.328496,3.0,CB',1.0,7.0
16708,279.3996,4.436259,36070000.0,76.0,Os,I,1.410692,3.0,5.846906,4.0,CB',1.0,9.0
16711,279.4195,4.435942,50980000.0,76.0,Os,I,1.8414540000000001,6.0,6.277352,6.0,CB',1.0,13.0
16759,279.6111,4.432904,8547000.0,76.0,Os,I,1.614283,1.0,6.047142,2.0,CB',1.0,5.0
16783,279.6729,4.4319239999999995,9236000.0,76.0,Os,I,0.339777,2.0,4.771657,3.0,CB',1.0,7.0
16921,280.1921,4.423712,18790000.0,76.0,Os,I,1.410692,3.0,5.83436,3.0,CB',1.0,7.0
16992,280.4065,4.420329,139100000.0,76.0,Os,I,1.908211,3.0,6.328496,3.0,CB',1.0,7.0
17066,280.6906,4.415856,21490000.0,76.0,Os,I,0.0,4.0,4.415811,3.0,CB',1.0,7.0
17083,280.7486,4.414944,5783000.0,76.0,Os,I,1.260421,2.0,5.675321,3.0,CB',1.0,7.0
17115,280.824,4.413759,19410000.0,76.0,Os,I,1.908211,3.0,6.321926,2.0,CB',1.0,5.0
17135,280.893,4.412674,10910000.0,76.0,Os,I,0.339777,2.0,4.752407,2.0,CB',1.0,5.0
17301,281.3762,4.405096,105700000.0,76.0,Os,I,1.8409240000000002,4.0,6.245975,5.0,CB',1.0,11.0
17314,281.4196,4.404418,12020000.0,76.0,Os,I,0.339777,2.0,4.7441510000000005,3.0,CB',1.0,7.0
17346,281.4838,4.403414,1466000.0,76.0,Os,I,0.51569,3.0,4.919059,2.0,CB',1.0,5.0
17362,281.5271,4.402735,12580000.0,76.0,Os,I,1.657028,2.0,6.059719,3.0,CB',1.0,7.0
17376,281.5778,4.401943,11420000.0,76.0,Os,I,0.339777,2.0,4.741676,1.0,CB',1.0,3.0
17428,281.7507,4.399241,16560000.0,76.0,Os,I,1.8409240000000002,4.0,6.240121,3.0,CB',1.0,7.0
17506,282.0183,4.395068,133700000.0,76.0,Os,I,1.887358,2.0,6.282382,1.0,CB',1.0,3.0
17518,282.0608,4.394405,20500000.0,76.0,Os,I,1.747107,3.0,6.141468,5.0,CB',1.0,11.0
17530,282.1248,4.393408,49430000.0,76.0,Os,I,1.410692,3.0,5.804056,2.0,CB',1.0,5.0
17606,282.4164,4.388873,23280000.0,76.0,Os,I,1.410692,3.0,5.7995209999999995,3.0,CB',1.0,7.0
17743,282.9025,4.381332,3729000.0,76.0,Os,I,1.260421,2.0,5.641709,2.0,CB',1.0,5.0
17751,282.9264,4.380961,13850000.0,76.0,Os,I,0.51569,3.0,4.896607,2.0,CB',1.0,5.0
17816,283.1601,4.377346,8030000.0,76.0,Os,I,1.8409240000000002,4.0,6.218225,3.0,CB',1.0,7.0
17826,283.2236,4.376365,21110000.0,76.0,Os,I,1.367618,4.0,5.743939,3.0,CB',1.0,7.0
17970,283.7423,4.368364,29770000.0,76.0,Os,I,1.367618,4.0,5.735938,4.0,CB',1.0,9.0
17993,283.8169,4.367217,10540000.0,76.0,Os,I,0.51569,3.0,4.8828629999999995,3.0,CB',1.0,7.0
18002,283.8622,4.366519,118400000.0,76.0,Os,I,0.6377649999999999,5.0,5.00424,4.0,CB',1.0,9.0
18053,284.0454,4.363704,23210000.0,76.0,Os,I,1.7778080000000003,5.0,6.141468,5.0,CB',1.0,11.0
18082,284.159,4.361959,15770000.0,76.0,Os,I,0.339777,2.0,4.701693,2.0,CB',1.0,5.0
18157,284.4396,4.357657,36470000.0,76.0,Os,I,0.6377649999999999,5.0,4.995378,6.0,CB',1.0,13.0
18167,284.4681,4.35722,22470000.0,76.0,Os,I,1.7778080000000003,5.0,6.1349849999999995,4.0,CB',1.0,9.0
18204,284.6389,4.354605,20720000.0,76.0,Os,I,0.71491,1.0,5.069472,2.0,CB',1.0,5.0
18209,284.6555,4.354351,9354000.0,76.0,Os,I,1.0839729999999999,4.0,5.438280000000001,4.0,CB',1.0,9.0
18247,284.8246,4.3517660000000005,158300000.0,76.0,Os,I,1.8409240000000002,4.0,6.192646,3.0,CB',1.0,7.0
18268,284.9047,4.350542,53150000.0,76.0,Os,I,1.887358,2.0,6.237857,2.0,CB',1.0,5.0
18304,285.0758,4.347933,21820000.0,76.0,Os,I,0.339777,2.0,4.687666,3.0,CB',1.0,7.0
18446,285.534,4.340955,7732000.0,76.0,Os,I,1.0839729999999999,4.0,5.424884,4.0,CB',1.0,9.0
18497,285.752,4.337644,35220000.0,76.0,Os,I,2.343542,3.0,6.681143,3.0,CB',1.0,7.0
18562,286.0065,4.333783,339700000.0,76.0,Os,I,2.0100830000000003,1.0,6.343823,0.0,CB',1.0,1.0
18587,286.0956,4.332433999999999,32110000.0,76.0,Os,I,0.6377649999999999,5.0,4.970155999999999,4.0,CB',1.0,9.0
18641,286.3372,4.328779,727700000.0,76.01,Os,II,1.420847,3.5,5.749582,2.5,CB,2.0,6.0
18660,286.4259,4.327439,13050000.0,76.0,Os,I,1.908211,3.0,6.235607,4.0,CB',1.0,9.0
18693,286.5682,4.325289,10840000.0,76.0,Os,I,1.410692,3.0,5.735938,4.0,CB',1.0,9.0
18784,286.94,4.319685,9844000.0,76.0,Os,I,1.583821,2.0,5.9034629999999995,3.0,CB',1.0,7.0
18860,287.2405,4.315167,837800.0,76.0,Os,I,0.0,4.0,4.315124,4.0,CB',1.0,9.0
18878,287.3419,4.313644,37850000.0,76.0,Os,I,1.410692,3.0,5.724293,2.0,CB',1.0,5.0
18906,287.4194,4.312481,161000000.0,76.0,Os,I,1.614283,1.0,5.926721,0.0,CB',1.0,1.0
18912,287.459,4.311886,26780000.0,76.0,Os,I,2.0100830000000003,1.0,6.321926,2.0,CB',1.0,5.0
18918,287.4957,4.311336,26390000.0,76.0,Os,I,1.0839729999999999,4.0,5.395265,3.0,CB',1.0,7.0
18975,287.7353,4.307746,26350000.0,76.0,Os,I,1.367618,4.0,5.675321,3.0,CB',1.0,7.0
18996,287.8399,4.30618,21800000.0,76.0,Os,I,0.71491,1.0,5.021048,1.0,CB',1.0,3.0
19030,287.9387,4.304704,736400000.0,76.01,Os,II,1.444922,2.5,5.749582,2.5,CB,2.0,6.0
19143,288.3931,4.297922,7407000.0,76.0,Os,I,1.747107,3.0,6.044986,4.0,CB',1.0,9.0
19153,288.4408,4.29721,3823000.0,76.0,Os,I,1.0839729999999999,4.0,5.38114,5.0,CB',1.0,11.0
19187,288.6054,4.29476,20150000.0,76.0,Os,I,2.406615,2.0,6.701332000000001,2.0,CB',1.0,5.0
19201,288.6495,4.294104,11450000.0,76.0,Os,I,1.8409240000000002,4.0,6.1349849999999995,4.0,CB',1.0,9.0
19307,289.0841,4.287648,1156000.0,76.0,Os,I,0.51569,3.0,4.803294999999999,2.0,CB',1.0,5.0
19335,289.183,4.286182,57070000.0,76.0,Os,I,3.101208,3.0,7.387347,3.0,CB',1.0,7.0
19351,289.234,4.285426999999999,20620000.0,76.0,Os,I,1.260421,2.0,5.545804,1.0,CB',1.0,3.0
19435,289.5066,4.281391999999999,12750000.0,76.0,Os,I,1.367618,4.0,5.648967,3.0,CB',1.0,7.0
19455,289.6064,4.279917,81520000.0,76.0,Os,I,1.614283,1.0,5.894157,2.0,CB',1.0,5.0
19585,290.1319,4.272164,33230000.0,76.0,Os,I,1.614283,1.0,5.886404,1.0,CB',1.0,3.0
19628,290.3064,4.269597,40090000.0,76.0,Os,I,2.343542,3.0,6.6130960000000005,3.0,CB',1.0,7.0
19634,290.3214,4.2693769999999995,28440000.0,76.0,Os,I,1.747107,3.0,6.016441,4.0,CB',1.0,9.0
19694,290.5729,4.265681,14130000.0,76.0,Os,I,0.75541,0.0,5.021048,1.0,CB',1.0,3.0
19746,290.8029,4.262307,31590000.0,76.0,Os,I,2.0100830000000003,1.0,6.272347,1.0,CB',1.0,3.0
19773,290.9057,4.260801,34270000.0,76.0,Os,I,0.0,4.0,4.260758,5.0,CB',1.0,11.0
19790,290.9669,4.259905000000001,10520000.0,76.0,Os,I,1.367618,4.0,5.62748,4.0,CB',1.0,9.0
19833,291.1337,4.257464,18260000.0,76.0,Os,I,2.369198,4.0,6.626619,4.0,CB',1.0,9.0
19857,291.2332,4.25601,38040000.0,76.0,Os,I,0.51569,3.0,4.771657,3.0,CB',1.0,7.0
19898,291.3842,4.253804,31460000.0,76.0,Os,I,1.260421,2.0,5.514182,1.0,CB',1.0,3.0
19921,291.4707,4.252542,33920000.0,76.0,Os,I,2.283432,5.0,6.535931,4.0,CB',1.0,9.0
19989,291.7258,4.248824,34580000.0,76.0,Os,I,1.0839729999999999,4.0,5.332754,3.0,CB',1.0,7.0
20006,291.7826,4.247997,1916000.0,76.0,Os,I,0.6377649999999999,5.0,4.885719,5.0,CB',1.0,11.0
20091,292.1064,4.243288,26540000.0,76.0,Os,I,1.908211,3.0,6.151456,2.0,CB',1.0,5.0
20187,292.449,4.2383169999999994,14020000.0,76.0,Os,I,1.410692,3.0,5.648967,3.0,CB',1.0,7.0
20206,292.5281,4.237171,13570000.0,76.0,Os,I,1.657028,2.0,5.894157,2.0,CB',1.0,5.0
20213,292.5565,4.236759999999999,7286000.0,76.0,Os,I,0.51569,3.0,4.752407,2.0,CB',1.0,5.0
20320,292.9511,4.231053,1928000.0,76.0,Os,I,0.0,4.0,4.2310099999999995,3.0,CB',1.0,7.0
20341,293.0536,4.2295739999999995,82360000.0,76.0,Os,I,2.803988,4.0,7.033519,4.0,CB',1.0,9.0
20366,293.1278,4.228504,8603000.0,76.0,Os,I,0.51569,3.0,4.7441510000000005,3.0,CB',1.0,7.0
20389,293.2448,4.226816,11620000.0,76.0,Os,I,1.908211,3.0,6.1349849999999995,4.0,CB',1.0,9.0
20428,293.3971,4.224622,55190000.0,76.0,Os,I,2.269084,0.0,6.493664,1.0,CB',1.0,3.0
20450,293.4639,4.223661,2908000.0,76.0,Os,I,0.339777,2.0,4.563396,3.0,CB',1.0,7.0
20499,293.6814,4.2205330000000005,5418000.0,76.0,Os,I,1.747107,3.0,5.9675970000000005,4.0,CB',1.0,9.0
20502,293.6992,4.220276999999999,34600000.0,76.0,Os,I,1.583821,2.0,5.804056,2.0,CB',1.0,5.0
20535,293.8382,4.21828,20580000.0,76.0,Os,I,2.369198,4.0,6.587435,4.0,CB',1.0,9.0
20647,294.2207,4.212797,9581000.0,76.0,Os,I,1.260421,2.0,5.4731760000000005,3.0,CB',1.0,7.0
20664,294.2847,4.211881,2583000.0,76.0,Os,I,0.51569,3.0,4.727529,4.0,CB',1.0,9.0
20811,294.823,4.204191000000001,37650000.0,76.0,Os,I,0.71491,1.0,4.919059,2.0,CB',1.0,5.0
20850,294.9508,4.202369,21150000.0,76.0,Os,I,0.339777,2.0,4.542104,2.0,CB',1.0,5.0
20857,294.9814,4.201934,15240000.0,76.0,Os,I,1.367618,4.0,5.569509,5.0,CB',1.0,11.0
20931,295.2292,4.198405999999999,10950000.0,76.0,Os,I,1.367618,4.0,5.565982,4.0,CB',1.0,9.0
20981,295.5003,4.194555,63920000.0,76.0,Os,I,1.887358,2.0,6.081871,1.0,CB',1.0,3.0
21076,295.8335,4.189831,10900000.0,76.0,Os,I,1.7778080000000003,5.0,5.9675970000000005,4.0,CB',1.0,9.0
21137,296.1011,4.186045,6487000.0,76.0,Os,I,0.51569,3.0,4.701693,2.0,CB',1.0,5.0
21167,296.2146,4.18444,6403000.0,76.0,Os,I,0.51569,3.0,4.700088,4.0,CB',1.0,9.0
21172,296.233,4.1841800000000005,35120000.0,76.0,Os,I,1.908211,3.0,6.092349,3.0,CB',1.0,7.0
21226,296.406,4.181739,15170000.0,76.0,Os,I,0.71491,1.0,4.896607,2.0,CB',1.0,5.0
21236,296.4615,4.180955,24600000.0,76.0,Os,I,1.908211,3.0,6.089124,2.0,CB',1.0,5.0
21341,296.8447,4.175559,7154000.0,76.0,Os,I,1.8409240000000002,4.0,6.016441,4.0,CB',1.0,9.0
21410,297.0692,4.172403,11560000.0,76.0,Os,I,1.887358,2.0,6.059719,3.0,CB',1.0,7.0
21416,297.0966,4.1720180000000004,11300000.0,76.0,Os,I,0.51569,3.0,4.687666,3.0,CB',1.0,7.0
21437,297.2247,4.170221,154400000.0,76.0,Os,I,3.101208,3.0,7.271387,2.0,CB',1.0,5.0
21454,297.3067,4.16907,37460000.0,76.0,Os,I,2.283432,5.0,6.452459999999999,6.0,CB',1.0,13.0
21580,297.764,4.162669,24050000.0,76.0,Os,I,1.0839729999999999,4.0,5.2466,3.0,CB',1.0,7.0
21598,297.821,4.161871,4485000.0,76.0,Os,I,1.0839729999999999,4.0,5.245801999999999,4.0,CB',1.0,9.0
21606,297.8466,4.161512999999999,101600000.0,76.0,Os,I,2.64128,2.0,6.802751,2.0,CB',1.0,5.0
21630,297.9436,4.160158999999999,14810000.0,76.0,Os,I,1.583821,2.0,5.743939,3.0,CB',1.0,7.0
21726,298.2898,4.155330999999999,44700000.0,76.0,Os,I,1.410692,3.0,5.565982,4.0,CB',1.0,9.0
21795,298.5615,4.15155,39690000.0,76.0,Os,I,1.908211,3.0,6.059719,3.0,CB',1.0,7.0
21864,298.8262,4.1478720000000004,17700000.0,76.0,Os,I,1.8409240000000002,4.0,5.988754,3.0,CB',1.0,7.0
21894,298.9098,4.146712,68820000.0,76.0,Os,I,2.466426,4.0,6.6130960000000005,3.0,CB',1.0,7.0
21968,299.2112,4.142535,29300000.0,76.0,Os,I,1.657028,2.0,5.7995209999999995,3.0,CB',1.0,7.0
22002,299.3573,4.140514,24690000.0,76.0,Os,I,1.583821,2.0,5.724293,2.0,CB',1.0,5.0
22100,299.7647,4.134886,19730000.0,76.0,Os,I,1.260421,2.0,5.395265,3.0,CB',1.0,7.0
22245,300.3484,4.1268519999999995,25100000.0,76.0,Os,I,1.410692,3.0,5.537502,2.0,CB',1.0,5.0
22345,300.7894,4.120801,59190000.0,76.0,Os,I,2.343542,3.0,6.464302,3.0,CB',1.0,7.0
22476,301.3071,4.11372,7564000.0,76.0,Os,I,0.339777,2.0,4.453457,1.0,CB',1.0,3.0
22533,301.5656,4.110194,54700000.0,76.0,Os,I,1.657028,2.0,5.767181,1.0,CB',1.0,3.0
22579,301.7251,4.108022,30870000.0,76.0,Os,I,1.0839729999999999,4.0,5.191954,3.0,CB',1.0,7.0
22602,301.8036,4.106953,19920000.0,76.0,Os,I,0.0,4.0,4.106912,3.0,CB',1.0,7.0
22631,301.9372,4.105137,26120000.0,76.0,Os,I,0.71491,1.0,4.820005999999999,1.0,CB',1.0,3.0
22890,303.0691,4.089805,16850000.0,76.0,Os,I,0.6377649999999999,5.0,4.727529,4.0,CB',1.0,9.0
22898,303.1006,4.0893809999999995,4639000.0,76.0,Os,I,1.0839729999999999,4.0,5.173312999999999,4.0,CB',1.0,9.0
22911,303.1292,4.0889940000000005,21650000.0,76.0,Os,I,1.8409240000000002,4.0,5.929876999999999,3.0,CB',1.0,7.0
22943,303.2807,4.086951999999999,18840000.0,76.0,Os,I,1.657028,2.0,5.743939,3.0,CB',1.0,7.0
23143,304.09,4.076075,26470000.0,76.0,Os,I,0.339777,2.0,4.415811,3.0,CB',1.0,7.0
23201,304.3505,4.072587,10720000.0,76.0,Os,I,0.71491,1.0,4.787456,1.0,CB',1.0,3.0
23206,304.3664,4.072374,8550000.0,76.0,Os,I,1.260421,2.0,5.332754,3.0,CB',1.0,7.0
23222,304.4071,4.071829,48960000.0,76.0,Os,I,2.0100830000000003,1.0,6.081871,1.0,CB',1.0,3.0
23229,304.441,4.071376,25690000.0,76.0,Os,I,1.657028,2.0,5.728363,1.0,CB',1.0,3.0
23236,304.4913,4.070704,11280000.0,76.0,Os,I,1.367618,4.0,5.438280000000001,4.0,CB',1.0,9.0
23340,304.9046,4.065186,14810000.0,76.0,Os,I,1.583821,2.0,5.648967,3.0,CB',1.0,7.0
23352,304.9458,4.064637,12540000.0,76.0,Os,I,0.75541,0.0,4.820005999999999,1.0,CB',1.0,3.0
23370,305.0388,4.063397,195000000.0,76.0,Os,I,2.803988,4.0,6.867344999999999,3.0,CB',1.0,7.0
23391,305.1164,4.062364,1587000.0,76.0,Os,I,0.6377649999999999,5.0,4.700088,4.0,CB',1.0,9.0
23463,305.4967,4.057307,6912000.0,76.0,Os,I,1.367618,4.0,5.424884,4.0,CB',1.0,9.0
23469,305.5206,4.05699,48400000.0,76.0,Os,I,1.747107,3.0,5.804056,2.0,CB',1.0,5.0
23545,305.8655,4.052416,29420000.0,76.0,Os,I,0.0,4.0,4.052375,4.0,KZB,1.0,9.0
23580,306.0297,4.050241000000001,2938000.0,76.0,Os,I,0.51569,3.0,4.5658900000000004,4.0,CB',1.0,9.0
23631,306.2183,4.047746,7529000.0,76.0,Os,I,0.51569,3.0,4.563396,3.0,CB',1.0,7.0
23728,306.6113,4.042559,22160000.0,76.0,Os,I,1.887358,2.0,5.929876999999999,3.0,CB',1.0,7.0
23820,306.9926,4.037537,5897000.0,76.0,Os,I,0.71491,1.0,4.752407,2.0,CB',1.0,5.0
23923,307.4076,4.032087000000001,18680000.0,76.0,Os,I,0.75541,0.0,4.787456,1.0,CB',1.0,3.0
23943,307.4963,4.030924,201300000.0,76.0,Os,I,2.803988,4.0,6.834872,4.0,CB',1.0,9.0
23995,307.7057,4.028182,8366000.0,76.0,Os,I,1.0839729999999999,4.0,5.112114,3.0,CB',1.0,7.0
24009,307.7434,4.0276879999999995,25260000.0,76.0,Os,I,1.367618,4.0,5.395265,3.0,CB',1.0,7.0
24017,307.7716,4.027319,33580000.0,76.0,Os,I,1.0839729999999999,4.0,5.111251,5.0,CB',1.0,11.0
24031,307.8107,4.026807,16600000.0,76.0,Os,I,0.71491,1.0,4.741676,1.0,CB',1.0,3.0
24036,307.8377,4.026454,4058000.0,76.0,Os,I,0.51569,3.0,4.542104,2.0,CB',1.0,5.0
24169,308.3751,4.019437,87970000.0,76.0,Os,I,2.803988,4.0,6.823385000000001,5.0,CB',1.0,11.0
24188,308.4598,4.018333,9558000.0,76.0,Os,I,1.657028,2.0,5.675321,3.0,CB',1.0,7.0
24214,308.6279,4.016145,15850000.0,76.0,Os,I,1.887358,2.0,5.9034629999999995,3.0,CB',1.0,7.0
24310,309.0083,4.011202,36520000.0,76.0,Os,I,1.8409240000000002,4.0,5.852085,5.0,CB',1.0,11.0
24320,309.0292,4.01093,1640000.0,76.0,Os,I,0.339777,2.0,4.350667,2.0,CB',1.0,5.0
24325,309.0492,4.010671,18300000.0,76.0,Os,I,1.8414540000000001,6.0,5.852085,5.0,CB',1.0,11.0
24344,309.1247,4.009692,59770000.0,76.0,Os,I,2.190471,1.0,6.200122,1.0,CB',1.0,3.0
24677,310.4963,3.991979,14950000.0,76.0,Os,I,1.657028,2.0,5.648967,3.0,CB',1.0,7.0
24705,310.5992,3.990656,5895000.0,76.0,Os,I,0.51569,3.0,4.5063059999999995,2.0,CB',1.0,5.0
24742,310.7383,3.988871,8807000.0,76.0,Os,I,1.747107,3.0,5.735938,4.0,CB',1.0,9.0
24787,310.8979,3.986822,7757000.0,76.0,Os,I,0.71491,1.0,4.701693,2.0,CB',1.0,5.0
24794,310.9382,3.986307,28930000.0,76.0,Os,I,0.75541,0.0,4.741676,1.0,CB',1.0,3.0
24847,311.1081,3.9841300000000004,36390000.0,76.0,Os,I,1.260421,2.0,5.24451,1.0,CB',1.0,3.0
24928,311.4815,3.9793540000000003,14860000.0,76.0,Os,I,1.583821,2.0,5.563135,3.0,CB',1.0,7.0
24965,311.6481,3.9772260000000004,30730000.0,76.0,Os,I,1.747107,3.0,5.724293,2.0,CB',1.0,5.0
25004,311.8124,3.9751309999999997,83370000.0,76.0,Os,I,2.803988,4.0,6.779078999999999,3.0,CB',1.0,7.0
25011,311.8332,3.9748650000000003,36900000.0,76.0,Os,I,1.410692,3.0,5.385518,2.0,CB',1.0,5.0
25275,312.9228,3.961025,73120000.0,76.0,Os,I,2.190471,1.0,6.151456,2.0,CB',1.0,5.0
25321,313.1116,3.9586370000000004,109000000.0,76.0,Os,I,1.8409240000000002,4.0,5.7995209999999995,3.0,CB',1.0,7.0
25554,314.0315,3.9470419999999997,23160000.0,76.0,Os,I,1.887358,2.0,5.83436,3.0,CB',1.0,7.0
25822,315.2071,3.932321,5401000.0,76.0,Os,I,1.367618,4.0,5.299899,4.0,CB',1.0,9.0
25836,315.2671,3.931572,14170000.0,76.0,Os,I,1.260421,2.0,5.191954,3.0,CB',1.0,7.0
25853,315.3611,3.9304,79280000.0,76.0,Os,I,1.583821,2.0,5.514182,1.0,CB',1.0,3.0
25918,315.6248,3.927117,26550000.0,76.0,Os,I,0.6377649999999999,5.0,4.564843,5.0,CB',1.0,11.0
25933,315.6775,3.926461,123400000.0,76.0,Os,I,2.9090290000000003,5.0,6.835450999999999,6.0,CB',1.0,13.0
25943,315.7241,3.925882,95720000.0,76.0,Os,I,2.9090290000000003,5.0,6.834872,4.0,CB',1.0,9.0
26042,316.1548,3.9205339999999995,150300000.0,76.0,Os,I,2.361888,0.0,6.282382,1.0,CB',1.0,3.0
26046,316.1731,3.9203069999999998,3310000.0,76.0,Os,I,1.0839729999999999,4.0,5.00424,4.0,CB',1.0,9.0
26118,316.4613,3.9167370000000004,27810000.0,76.0,Os,I,1.887358,2.0,5.804056,2.0,CB',1.0,5.0
26161,316.6506,3.914395,178400000.0,76.0,Os,I,2.9090290000000003,5.0,6.823385000000001,5.0,CB',1.0,11.0
26213,316.8282,3.9122019999999997,28650000.0,76.0,Os,I,1.887358,2.0,5.7995209999999995,3.0,CB',1.0,7.0
26326,317.3193,3.906146,16440000.0,76.0,Os,I,1.657028,2.0,5.563135,3.0,CB',1.0,7.0
26348,317.3931,3.905239,454600000.0,76.01,Os,II,0.978475,2.5,4.883674,3.5,CB,2.0,8.0
26433,317.8064,3.90016,4116000.0,76.0,Os,I,0.51569,3.0,4.415811,3.0,CB',1.0,7.0
26479,318.0123,3.8976349999999997,60800000.0,76.0,Os,I,2.466426,4.0,6.364022,3.0,CB',1.0,7.0
26547,318.2568,3.8946410000000005,37960000.0,76.0,Os,I,1.747107,3.0,5.641709,2.0,CB',1.0,5.0
26630,318.5323,3.8912720000000003,1454000.0,76.0,Os,I,0.339777,2.0,4.2310099999999995,3.0,CB',1.0,7.0
26661,318.6983,3.889246,17490000.0,76.0,Os,I,1.410692,3.0,5.299899,4.0,CB',1.0,9.0
26676,318.7335,3.8888160000000003,16980000.0,76.0,Os,I,1.657028,2.0,5.545804,1.0,CB',1.0,3.0
26731,318.9463,3.886222,8170000.0,76.0,Os,I,1.0839729999999999,4.0,4.970155999999999,4.0,CB',1.0,9.0
26848,319.4238,3.880412,36380000.0,76.0,Os,I,1.747107,3.0,5.62748,4.0,CB',1.0,9.0
26873,319.5384,3.879021,12300000.0,76.0,Os,I,1.367618,4.0,5.2466,3.0,CB',1.0,7.0
26888,319.597,3.878309,12470000.0,76.0,Os,I,1.410692,3.0,5.288963,2.0,CB',1.0,5.0
27672,323.2051,3.8350160000000004,22700000.0,76.0,Os,I,0.51569,3.0,4.350667,2.0,CB',1.0,5.0
27832,323.8624,3.827232,5299000.0,76.0,Os,I,0.71491,1.0,4.542104,2.0,CB',1.0,5.0
27895,324.1045,3.8243739999999997,11150000.0,76.0,Os,I,1.367618,4.0,5.191954,3.0,CB',1.0,7.0
28037,324.7999,3.816186,13660000.0,76.0,Os,I,1.657028,2.0,5.4731760000000005,3.0,CB',1.0,7.0
28193,325.4912,3.8080809999999996,31170000.0,76.0,Os,I,1.8409240000000002,4.0,5.648967,3.0,CB',1.0,7.0
28228,325.692,3.805733,8395000.0,76.0,Os,I,1.367618,4.0,5.173312999999999,4.0,CB',1.0,9.0
28314,326.0303,3.8017839999999996,3515000.0,76.0,Os,I,1.0839729999999999,4.0,4.885719,5.0,CB',1.0,11.0
28360,326.2288,3.799472,18730000.0,76.0,Os,I,0.51569,3.0,4.315124,4.0,CB',1.0,9.0
28372,326.2754,3.7989290000000002,11010000.0,76.0,Os,I,1.0839729999999999,4.0,4.8828629999999995,3.0,CB',1.0,7.0
28498,326.7945,3.7928940000000004,5769000.0,76.0,Os,I,0.0,4.0,3.7928559999999996,4.0,KZB,1.0,9.0
28523,326.9204,3.7914339999999997,10620000.0,76.0,Os,I,0.71491,1.0,4.5063059999999995,2.0,CB',1.0,5.0
28600,327.2167,3.7880010000000004,33810000.0,76.0,Os,I,1.887358,2.0,5.675321,3.0,CB',1.0,7.0
28667,327.5198,3.784496,45020000.0,76.0,Os,I,0.71491,1.0,4.499368,0.0,CB',1.0,1.0
28933,328.6682,3.7712730000000003,8539000.0,76.0,Os,I,1.614283,1.0,5.385518,2.0,CB',1.0,5.0
28984,328.8842,3.768795,193000000.0,76.0,Os,I,3.51764,3.0,7.286397999999999,4.0,CB',1.0,9.0
29016,329.0259,3.767172,6228000.0,76.0,Os,I,0.339777,2.0,4.106912,3.0,CB',1.0,7.0
29263,330.1565,3.7542730000000004,9887000.0,76.0,Os,I,0.0,4.0,3.754235,5.0,KZB,1.0,11.0
29375,330.6235,3.74897,20420000.0,76.0,Os,I,1.583821,2.0,5.332754,3.0,CB',1.0,7.0
29509,331.0915,3.743671,19610000.0,76.0,Os,I,1.367618,4.0,5.111251,5.0,CB',1.0,11.0
29643,331.542,3.7385839999999995,3204000.0,76.0,Os,I,0.71491,1.0,4.453457,1.0,CB',1.0,3.0
29650,331.5694,3.738275,9070000.0,76.0,Os,I,1.657028,2.0,5.395265,3.0,CB',1.0,7.0
29877,332.4363,3.7285269999999997,32470000.0,76.0,Os,I,1.657028,2.0,5.385518,2.0,CB',1.0,5.0
29967,332.7426,3.7250949999999996,33530000.0,76.0,Os,I,1.8409240000000002,4.0,5.565982,4.0,CB',1.0,9.0
30190,333.6147,3.715358,6343000.0,76.0,Os,I,0.51569,3.0,4.2310099999999995,3.0,CB',1.0,7.0
30580,335.1731,3.6980839999999997,2730000.0,76.0,Os,I,0.75541,0.0,4.453457,1.0,CB',1.0,3.0
30717,335.7972,3.69121,18940000.0,76.0,Os,I,1.747107,3.0,5.438280000000001,4.0,CB',1.0,9.0
30794,336.1149,3.687721,5699000.0,76.0,Os,I,1.0839729999999999,4.0,4.771657,3.0,CB',1.0,7.0
30879,336.4116,3.6844690000000004,1125000.0,76.0,Os,I,0.339777,2.0,4.02421,2.0,CB',1.0,5.0
31036,337.0204,3.677814,9870000.0,76.0,Os,I,1.747107,3.0,5.424884,4.0,CB',1.0,9.0
31046,337.0587,3.677396,6084000.0,76.0,Os,I,0.6377649999999999,5.0,4.315124,4.0,CB',1.0,9.0
31083,337.2085,3.675763,13580000.0,76.0,Os,I,1.657028,2.0,5.332754,3.0,CB',1.0,7.0
31252,337.8673,3.668595,42870000.0,76.0,Os,I,2.466426,4.0,6.1349849999999995,4.0,CB',1.0,9.0
31387,338.4005,3.662815,20890000.0,76.0,Os,I,1.583821,2.0,5.2466,3.0,CB',1.0,7.0
31398,338.4598,3.662174,5801000.0,76.0,Os,I,1.7778080000000003,5.0,5.439946,5.0,CB',1.0,11.0
31438,338.5936,3.6607260000000004,30720000.0,76.0,Os,I,1.583821,2.0,5.24451,1.0,CB',1.0,3.0
31445,338.6137,3.660509,7083000.0,76.0,Os,I,1.7778080000000003,5.0,5.438280000000001,4.0,CB',1.0,9.0
31494,338.7834,3.658675,28510000.0,76.0,Os,I,1.260421,2.0,4.919059,2.0,CB',1.0,5.0
31717,339.5718,3.650181,17910000.0,76.0,Os,I,1.887358,2.0,5.537502,2.0,CB',1.0,5.0
31833,340.1174,3.6443260000000004,73520000.0,76.0,Os,I,2.891641,4.0,6.535931,4.0,CB',1.0,9.0
31850,340.1859,3.643592,10140000.0,76.0,Os,I,1.0839729999999999,4.0,4.727529,4.0,CB',1.0,9.0
31871,340.2508,3.642897,462600.0,76.0,Os,I,0.0,4.0,3.6428599999999998,3.0,KZB,1.0,7.0
31968,340.667,3.638447,12600000.0,76.0,Os,I,1.747107,3.0,5.385518,2.0,CB',1.0,5.0
32016,340.8754,3.636223,5367000.0,76.0,Os,I,1.260421,2.0,4.896607,2.0,CB',1.0,5.0
32100,341.2744,3.631971,13140000.0,76.0,Os,I,1.657028,2.0,5.288963,2.0,CB',1.0,5.0
32301,342.1687,3.6224790000000002,3805000.0,76.0,Os,I,1.260421,2.0,4.8828629999999995,3.0,CB',1.0,7.0
32434,342.7444,3.616395,37990000.0,76.0,Os,I,2.891641,4.0,6.508,4.0,CB',1.0,9.0
32439,342.7674,3.6161519999999996,2397000.0,76.0,Os,I,1.0839729999999999,4.0,4.700088,4.0,CB',1.0,9.0
32633,343.5258,3.608168,4139000.0,76.0,Os,I,1.583821,2.0,5.191954,3.0,CB',1.0,7.0
32733,343.949,3.60373,1887000.0,76.0,Os,I,1.0839729999999999,4.0,4.687666,3.0,CB',1.0,7.0
32754,344.0593,3.6025739999999997,7184000.0,76.0,Os,I,1.367618,4.0,4.970155999999999,4.0,CB',1.0,9.0
32862,344.4462,3.598527,8477000.0,76.0,Os,I,1.8414540000000001,6.0,5.439946,5.0,CB',1.0,11.0
32893,344.5549,3.597393,13650000.0,76.0,Os,I,1.8409240000000002,4.0,5.438280000000001,4.0,CB',1.0,9.0
32984,344.9201,3.5935839999999994,9643000.0,76.0,Os,I,1.410692,3.0,5.00424,4.0,CB',1.0,9.0
33126,345.5032,3.5875190000000003,10960000.0,76.0,Os,I,1.657028,2.0,5.24451,1.0,CB',1.0,3.0
33210,345.8428,3.583996,10280000.0,76.0,Os,I,1.8409240000000002,4.0,5.424884,4.0,CB',1.0,9.0
33390,346.5439,3.576746,68740000.0,76.0,Os,I,2.190471,1.0,5.767181,1.0,CB',1.0,3.0
33694,347.8529,3.5632870000000003,40010000.0,76.0,Os,I,2.190471,1.0,5.753722,2.0,CB',1.0,5.0
33784,348.2111,3.559621,7818000.0,76.0,Os,I,1.260421,2.0,4.820005999999999,1.0,CB',1.0,3.0
33789,348.223,3.5594989999999997,1977000.0,76.0,Os,I,1.410692,3.0,4.970155999999999,4.0,CB',1.0,9.0
33909,348.7248,3.5543769999999997,6665000.0,76.0,Os,I,1.8409240000000002,4.0,5.395265,3.0,CB',1.0,7.0
33993,349.1499,3.55005,28420000.0,76.0,Os,I,2.466426,4.0,6.016441,4.0,CB',1.0,9.0
34150,349.8536,3.54291,5850000.0,76.0,Os,I,1.260421,2.0,4.803294999999999,2.0,CB',1.0,5.0
34214,350.1163,3.5402519999999997,15280000.0,76.0,Os,I,1.8409240000000002,4.0,5.38114,5.0,CB',1.0,11.0
34284,350.4659,3.536721,2457000.0,76.0,Os,I,0.51569,3.0,4.052375,4.0,KZB,1.0,9.0
34479,351.2995,3.5283279999999997,23300000.0,76.0,Os,I,1.583821,2.0,5.112114,3.0,CB',1.0,7.0
34509,351.3864,3.5274550000000002,18340000.0,76.0,Os,I,2.0100830000000003,1.0,5.537502,2.0,CB',1.0,5.0
34709,352.3634,3.517675,668000.0,76.0,Os,I,0.0,4.0,3.51764,3.0,CB',1.0,7.0
34756,352.6034,3.515281,3839000.0,76.0,Os,I,1.367618,4.0,4.8828629999999995,3.0,CB',1.0,7.0
34815,352.8598,3.5127269999999995,1187000.0,76.0,Os,I,0.0,4.0,3.512692,4.0,KZB,1.0,9.0
34845,353.0061,3.511271,5536000.0,76.0,Os,I,1.260421,2.0,4.771657,3.0,CB',1.0,7.0
34903,353.2794,3.5085550000000003,1408000.0,76.0,Os,I,0.51569,3.0,4.02421,2.0,CB',1.0,5.0
34916,353.3411,3.507942,12370000.0,76.0,Os,I,1.887358,2.0,5.395265,3.0,CB',1.0,7.0
35091,354.1907,3.4995269999999996,4790000.0,76.0,Os,I,1.747107,3.0,5.2466,3.0,CB',1.0,7.0
35113,354.2714,3.49873,12910000.0,76.0,Os,I,1.747107,3.0,5.245801999999999,4.0,CB',1.0,9.0
35458,355.5973,3.485686,6501000.0,76.0,Os,I,1.583821,2.0,5.069472,2.0,CB',1.0,5.0
35548,355.9785,3.481953,11400000.0,76.0,Os,I,1.0839729999999999,4.0,4.5658900000000004,4.0,CB',1.0,9.0
35578,356.0857,3.4809050000000004,12010000.0,76.0,Os,I,1.0839729999999999,4.0,4.564843,5.0,CB',1.0,11.0
35614,356.2338,3.479458,1885000.0,76.0,Os,I,1.0839729999999999,4.0,4.563396,3.0,CB',1.0,7.0
35824,356.9778,3.472206,9627000.0,76.0,Os,I,1.410692,3.0,4.8828629999999995,3.0,CB',1.0,7.0
35935,357.4078,3.468029,6971000.0,76.0,Os,I,1.7778080000000003,5.0,5.245801999999999,4.0,CB',1.0,9.0
36234,358.6504,3.456014,17360000.0,76.0,Os,I,2.343542,3.0,5.7995209999999995,3.0,CB',1.0,7.0
36255,358.7324,3.455224,8421000.0,76.0,Os,I,1.614283,1.0,5.069472,2.0,CB',1.0,5.0
36381,359.2316,3.450422,27020000.0,76.0,Os,I,2.891641,4.0,6.342029,5.0,CB',1.0,11.0
36524,359.8111,3.444865,3755000.0,76.0,Os,I,0.339777,2.0,3.784608,1.0,CB',1.0,3.0
36605,360.1832,3.441306,5648000.0,76.0,Os,I,1.260421,2.0,4.701693,2.0,CB',1.0,5.0
36672,360.4471,3.4387870000000005,267400000.0,76.01,Os,II,1.444922,2.5,4.883674,3.5,CB,2.0,8.0
36999,361.6573,3.42728,5154000.0,76.0,Os,I,1.260421,2.0,4.687666,3.0,CB',1.0,7.0
37070,361.9428,3.4245769999999998,11000000.0,76.0,Os,I,1.908211,3.0,5.332754,3.0,CB',1.0,7.0
37319,362.9956,3.4146449999999997,269100.0,76.0,Os,I,0.6377649999999999,5.0,4.052375,4.0,KZB,1.0,9.0
37583,364.0331,3.4049129999999996,23840000.0,76.0,Os,I,1.8409240000000002,4.0,5.245801999999999,4.0,CB',1.0,9.0
37932,365.4489,3.391722,13610000.0,76.0,Os,I,1.908211,3.0,5.299899,4.0,CB',1.0,9.0
37983,365.6898,3.3894879999999996,997000.0,76.0,Os,I,0.339777,2.0,3.729231,2.0,CB',1.0,5.0
38205,366.6312,3.380785,36010000.0,76.0,Os,I,2.343542,3.0,5.724293,2.0,CB',1.0,5.0
38308,367.0892,3.3765669999999997,10450000.0,76.0,Os,I,1.367618,4.0,4.7441510000000005,3.0,CB',1.0,7.0
38418,367.5452,3.372378,20710000.0,76.0,Os,I,1.887358,2.0,5.259702,1.0,CB',1.0,3.0
38562,368.1571,3.366774,14050000.0,76.0,Os,I,2.369198,4.0,5.735938,4.0,CB',1.0,9.0
38730,368.9054,3.3599449999999997,4129000.0,76.0,Os,I,1.367618,4.0,4.727529,4.0,CB',1.0,9.0
38962,369.8831,3.351064,2201000.0,76.0,Os,I,1.8409240000000002,4.0,5.191954,3.0,CB',1.0,7.0
39063,370.3249,3.347065,35300000.0,76.0,Os,I,2.190471,1.0,5.537502,2.0,CB',1.0,5.0
39138,370.6645,3.3439989999999997,50310000.0,76.0,Os,I,2.891641,4.0,6.235607,4.0,CB',1.0,9.0
39205,370.9141,3.3417489999999996,3948000.0,76.0,Os,I,1.410692,3.0,4.752407,2.0,CB',1.0,5.0
39293,371.2837,3.338422,5746000.0,76.0,Os,I,1.908211,3.0,5.2466,3.0,CB',1.0,7.0
39318,371.3724,3.337625,12300000.0,76.0,Os,I,1.908211,3.0,5.245801999999999,4.0,CB',1.0,9.0
39443,371.8328,3.3334919999999997,1854000.0,76.0,Os,I,1.410692,3.0,4.7441510000000005,3.0,CB',1.0,7.0
39474,371.9522,3.332422,9521000.0,76.0,Os,I,1.8409240000000002,4.0,5.173312999999999,4.0,CB',1.0,9.0
39488,372.0137,3.331872,2386000.0,76.0,Os,I,1.0839729999999999,4.0,4.415811,3.0,CB',1.0,7.0
39533,372.1958,3.3302410000000005,14160000.0,76.0,Os,I,3.01182,5.0,6.342029,5.0,CB',1.0,11.0
39714,372.9233,3.3237449999999997,18770000.0,76.0,Os,I,2.190471,1.0,5.514182,1.0,CB',1.0,3.0
39755,373.0745,3.322398,5387000.0,76.0,Os,I,1.747107,3.0,5.069472,2.0,CB',1.0,5.0
40138,374.6467,3.3084559999999996,4599000.0,76.0,Os,I,1.7778080000000003,5.0,5.086231,6.0,CB',1.0,13.0
40298,375.2524,3.303116,7082000.0,76.0,Os,I,0.339777,2.0,3.6428599999999998,3.0,KZB,1.0,7.0
40410,375.712,3.299075,3156000.0,76.0,Os,I,1.583821,2.0,4.8828629999999995,3.0,CB',1.0,7.0
40655,376.6301,3.291034,3829000.0,76.0,Os,I,1.410692,3.0,4.701693,2.0,CB',1.0,5.0
40701,376.8138,3.289429,1983000.0,76.0,Os,I,1.410692,3.0,4.700088,4.0,CB',1.0,9.0
40853,377.44,3.2839709999999998,16070000.0,76.0,Os,I,2.343542,3.0,5.62748,4.0,CB',1.0,9.0
40856,377.4626,3.283775,7162000.0,76.0,Os,I,1.908211,3.0,5.191954,3.0,CB',1.0,7.0
40892,377.6257,3.282357,5505000.0,76.0,Os,I,1.614283,1.0,4.896607,2.0,CB',1.0,5.0
40911,377.6994,3.2817160000000003,5763000.0,76.0,Os,I,1.260421,2.0,4.542104,2.0,CB',1.0,5.0
41022,378.22,3.277199,4209000.0,76.0,Os,I,0.51569,3.0,3.7928559999999996,4.0,KZB,1.0,9.0
41181,378.911,3.271223,4283000.0,76.0,Os,I,1.8409240000000002,4.0,5.112114,3.0,CB',1.0,7.0
41200,379.011,3.2703599999999997,20660000.0,76.0,Os,I,1.8409240000000002,4.0,5.111251,5.0,CB',1.0,11.0
41219,379.0725,3.26983,5822000.0,76.0,Os,I,1.8414540000000001,6.0,5.111251,5.0,CB',1.0,11.0
41328,379.4682,3.26642,40780000.0,76.0,Os,I,3.512692,4.0,6.779078999999999,3.0,CB',1.0,7.0
41353,379.5676,3.265564,25200000.0,76.0,Os,I,3.01182,5.0,6.277352,6.0,CB',1.0,13.0
42143,382.7142,3.238717,25940000.0,76.0,Os,I,2.803988,4.0,6.0426720000000005,4.0,CB',1.0,9.0
42378,383.6065,3.231183,1667000.0,76.0,Os,I,1.0839729999999999,4.0,4.315124,4.0,CB',1.0,9.0
42472,384.0304,3.227616,76070000.0,76.0,Os,I,3.6078669999999997,6.0,6.835450999999999,6.0,CB',1.0,13.0
42497,384.1287,3.226791,64670000.0,76.0,Os,I,3.101208,3.0,6.327966,4.0,CB',1.0,9.0
42550,384.3672,3.224788,3796000.0,76.0,Os,I,1.887358,2.0,5.112114,3.0,CB',1.0,7.0
42704,384.9978,3.219506,6516000.0,76.0,Os,I,1.583821,2.0,4.803294999999999,2.0,CB',1.0,5.0
42856,385.7086,3.2135740000000004,664300.0,76.0,Os,I,0.51569,3.0,3.729231,2.0,CB',1.0,5.0
43053,386.5475,3.206599,130100000.0,76.0,Os,I,3.133753,2.0,6.340319999999999,3.0,CB',1.0,7.0
43337,387.677,3.197257,6540000.0,76.0,Os,I,1.367618,4.0,4.564843,5.0,CB',1.0,11.0
43453,388.1857,3.1930680000000002,6290000.0,76.0,Os,I,1.260421,2.0,4.453457,1.0,CB',1.0,3.0
43574,388.6754,3.189044,1336000.0,76.0,Os,I,1.614283,1.0,4.803294999999999,2.0,CB',1.0,5.0
43810,389.518,3.182146,2477000.0,76.0,Os,I,1.887358,2.0,5.069472,2.0,CB',1.0,5.0
43933,390.0392,3.1778939999999998,176400.0,76.0,Os,I,0.339777,2.0,3.51764,3.0,CB',1.0,7.0
43966,390.1714,3.176817,870900.0,76.0,Os,I,1.0839729999999999,4.0,4.260758,5.0,CB',1.0,11.0
44103,390.7659,3.171984,1517000.0,76.0,Os,I,1.747107,3.0,4.919059,2.0,CB',1.0,5.0
44202,391.1811,3.168618,1024000.0,76.0,Os,I,1.583821,2.0,4.752407,2.0,CB',1.0,5.0
44398,391.8971,3.162829,64630000.0,76.0,Os,I,3.465894,2.0,6.628691000000001,1.0,CB',1.0,3.0
44476,392.203,3.160362,727400.0,76.0,Os,I,1.583821,2.0,4.7441510000000005,3.0,CB',1.0,7.0
44555,392.5104,3.157887,1695000.0,76.0,Os,I,1.583821,2.0,4.741676,1.0,CB',1.0,3.0
44603,392.6772,3.156545,2262000.0,76.0,Os,I,2.283432,5.0,5.439946,5.0,CB',1.0,11.0
44644,392.8409,3.15523,502600.0,76.0,Os,I,1.410692,3.0,4.5658900000000004,4.0,CB',1.0,9.0
44646,392.8542,3.155123,87330.0,76.0,Os,I,0.6377649999999999,5.0,3.7928559999999996,4.0,KZB,1.0,9.0
44689,392.9997,3.153955,2095000.0,76.0,Os,I,1.8414540000000001,6.0,4.995378,6.0,CB',1.0,13.0
44733,393.1518,3.152735,1121000.0,76.0,Os,I,1.410692,3.0,4.563396,3.0,CB',1.0,7.0
44919,393.8596,3.1470689999999997,1652000.0,76.0,Os,I,1.0839729999999999,4.0,4.2310099999999995,3.0,CB',1.0,7.0
44945,393.956,3.146299,3119000.0,76.0,Os,I,1.657028,2.0,4.803294999999999,2.0,CB',1.0,5.0
45187,394.9784,3.138156,3103000.0,76.0,Os,I,1.614283,1.0,4.752407,2.0,CB',1.0,5.0
45271,395.2766,3.1357880000000002,1679000.0,76.0,Os,I,1.747107,3.0,4.8828629999999995,3.0,CB',1.0,7.0
45318,395.5374,3.133721,4289000.0,76.0,Os,I,1.887358,2.0,5.021048,1.0,CB',1.0,3.0
45429,396.0482,3.129679,25530000.0,76.0,Os,I,3.01182,5.0,6.141468,5.0,CB',1.0,11.0
45439,396.1008,3.129264,5676000.0,76.0,Os,I,1.8409240000000002,4.0,4.970155999999999,4.0,CB',1.0,9.0
45504,396.3619,3.127202,1873000.0,76.0,Os,I,0.51569,3.0,3.6428599999999998,3.0,KZB,1.0,7.0
45538,396.4956,3.126148,169200.0,76.0,Os,I,0.339777,2.0,3.465894,2.0,CB',1.0,5.0
45642,396.9662,3.122442,2456000.0,76.0,Os,I,1.8414540000000001,6.0,4.963865,7.0,CB',1.0,15.0
45779,397.5441,3.117903,3134000.0,76.0,Os,I,1.583821,2.0,4.701693,2.0,CB',1.0,5.0
45830,397.7228,3.116502,984800.0,76.0,Os,I,0.6377649999999999,5.0,3.754235,5.0,KZB,1.0,11.0
45883,397.9367,3.114827,29030000.0,76.0,Os,I,3.754235,5.0,6.869031,5.0,CB',1.0,11.0
46069,398.8182,3.107942,1954000.0,76.0,Os,I,1.7778080000000003,5.0,4.885719,5.0,CB',1.0,11.0
46074,398.8623,3.107598,11620000.0,76.0,Os,I,2.406615,2.0,5.514182,1.0,CB',1.0,3.0
46225,399.4933,3.10269,9903000.0,76.0,Os,I,2.64128,2.0,5.743939,3.0,CB',1.0,7.0
46315,399.8933,3.099586,6248000.0,76.0,Os,I,2.466426,4.0,5.565982,4.0,CB',1.0,9.0
46414,400.3488,3.09606,4516000.0,76.0,Os,I,1.908211,3.0,5.00424,4.0,CB',1.0,9.0
46428,400.4025,3.095645,1819000.0,76.0,Os,I,1.410692,3.0,4.5063059999999995,2.0,CB',1.0,5.0
46449,400.5158,3.09477,12150000.0,76.0,Os,I,2.343542,3.0,5.438280000000001,4.0,CB',1.0,9.0
46657,401.5037,3.087154,1484000.0,76.0,Os,I,1.657028,2.0,4.7441510000000005,3.0,CB',1.0,7.0
46724,401.8259,3.08468,8104000.0,76.0,Os,I,1.657028,2.0,4.741676,1.0,CB',1.0,3.0
46940,402.9328,3.076205,37330000.0,76.0,Os,I,3.7928559999999996,4.0,6.869031,5.0,CB',1.0,11.0
47034,403.2922,3.073464,49390000.0,76.0,Os,I,2.973709,3.0,6.047142,2.0,CB',1.0,5.0
47147,403.783,3.069728,594900.0,76.0,Os,I,0.71491,1.0,3.784608,1.0,CB',1.0,3.0
47162,403.8639,3.069113,4755000.0,76.0,Os,I,2.369198,4.0,5.438280000000001,4.0,CB',1.0,9.0
47232,404.1961,3.066591,32780000.0,76.0,Os,I,2.406615,2.0,5.4731760000000005,3.0,CB',1.0,7.0
47366,404.8054,3.061975,4520000.0,76.0,Os,I,1.908211,3.0,4.970155999999999,4.0,CB',1.0,9.0
47455,405.1435,3.0594200000000003,3713000.0,76.0,Os,I,2.0100830000000003,1.0,5.069472,2.0,CB',1.0,5.0
47757,406.6697,3.047939,167500000.0,76.0,Os,I,2.803988,4.0,5.851897,5.0,CB',1.0,11.0
47852,407.0855,3.044826,4821000.0,76.0,Os,I,1.8409240000000002,4.0,4.885719,5.0,CB',1.0,11.0
47864,407.1565,3.044295,3741000.0,76.0,Os,I,1.8414540000000001,6.0,4.885719,5.0,CB',1.0,11.0
47917,407.4676,3.04197,6896000.0,76.0,Os,I,1.8409240000000002,4.0,4.8828629999999995,3.0,CB',1.0,7.0
48228,408.8437,3.031732,3175000.0,76.0,Os,I,1.887358,2.0,4.919059,2.0,CB',1.0,5.0
48293,409.1816,3.029228,2904000.0,76.0,Os,I,0.75541,0.0,3.784608,1.0,CB',1.0,3.0
48432,409.8105,3.02458,1360000.0,76.0,Os,I,1.747107,3.0,4.771657,3.0,CB',1.0,7.0
48483,410.0288,3.02297,650400.0,76.0,Os,I,1.0839729999999999,4.0,4.106912,3.0,CB',1.0,7.0
48721,411.2011,3.014351,3862000.0,76.0,Os,I,0.71491,1.0,3.729231,2.0,CB',1.0,5.0
48962,412.4603,3.0051490000000003,1941000.0,76.0,Os,I,1.410692,3.0,4.415811,3.0,CB',1.0,7.0
49050,412.8957,3.00198,249500.0,76.0,Os,I,0.51569,3.0,3.51764,3.0,CB',1.0,7.0
49198,413.5775,2.997032,2380000.0,76.0,Os,I,0.51569,3.0,3.512692,4.0,KZB,1.0,9.0
49236,413.7841,2.995535,4521000.0,76.0,Os,I,1.887358,2.0,4.8828629999999995,3.0,CB',1.0,7.0
49646,415.8783,2.980451,1153000.0,76.0,Os,I,1.747107,3.0,4.727529,4.0,CB',1.0,9.0
49666,415.9965,2.979604,1025000.0,76.0,Os,I,1.583821,2.0,4.563396,3.0,CB',1.0,7.0
49915,417.2548,2.9706189999999997,1282000.0,76.0,Os,I,1.260421,2.0,4.2310099999999995,3.0,CB',1.0,7.0
49931,417.3232,2.970132,1145000.0,76.0,Os,I,0.6377649999999999,5.0,3.6078669999999997,6.0,CB',1.0,13.0
49980,417.5622,2.968432,2445000.0,76.0,Os,I,1.0839729999999999,4.0,4.052375,4.0,KZB,1.0,9.0
50140,418.4124,2.9624,6862000.0,76.0,Os,I,2.283432,5.0,5.245801999999999,4.0,CB',1.0,9.0
50249,418.9906,2.958312,6464000.0,76.0,Os,I,1.583821,2.0,4.542104,2.0,CB',1.0,5.0
50349,419.5149,2.954615,1657000.0,76.0,Os,I,1.747107,3.0,4.701693,2.0,CB',1.0,5.0
50484,420.138,2.950234,314900.0,76.0,Os,I,0.51569,3.0,3.465894,2.0,CB',1.0,5.0
50499,420.2069,2.94975,4293000.0,76.0,Os,I,1.7778080000000003,5.0,4.727529,4.0,CB',1.0,9.0
50698,421.1853,2.9428970000000003,225700000.0,76.0,Os,I,2.9090290000000003,5.0,5.851897,5.0,CB',1.0,11.0
50739,421.3863,2.941494,38930000.0,76.0,Os,I,3.101208,3.0,6.0426720000000005,4.0,CB',1.0,9.0
50762,421.516,2.940589,2038000.0,76.0,Os,I,1.747107,3.0,4.687666,3.0,CB',1.0,7.0
50973,422.6532,2.932677,3587000.0,76.0,Os,I,1.887358,2.0,4.820005999999999,1.0,CB',1.0,3.0
51112,423.35,2.92785,3479000.0,76.0,Os,I,1.614283,1.0,4.542104,2.0,CB',1.0,5.0
51634,426.0848,2.9090580000000004,1212000.0,76.0,Os,I,0.0,4.0,2.9090290000000003,5.0,KZB,1.0,11.0
51707,426.4749,2.906397,1581000.0,76.0,Os,I,1.657028,2.0,4.563396,3.0,CB',1.0,7.0
51808,426.9612,2.9030869999999998,9078000.0,76.0,Os,I,2.343542,3.0,5.2466,3.0,CB',1.0,7.0
51960,427.7155,2.897967,9873000.0,76.0,Os,I,2.361764,0.0,5.259702,1.0,CB',1.0,3.0
52144,428.5904,2.892052,1954000.0,76.0,Os,I,1.614283,1.0,4.5063059999999995,2.0,CB',1.0,5.0
52303,429.3948,2.886634,9861000.0,76.0,Os,I,1.8409240000000002,4.0,4.727529,4.0,CB',1.0,9.0
52351,429.6224,2.885105,1408000.0,76.0,Os,I,1.657028,2.0,4.542104,2.0,CB',1.0,5.0
52612,430.8877,2.876633,3243000.0,76.0,Os,I,2.369198,4.0,5.245801999999999,4.0,CB',1.0,9.0
52672,431.1391,2.874956,562900.0,76.0,Os,I,0.6377649999999999,5.0,3.512692,4.0,KZB,1.0,9.0
52960,432.6255,2.865078,3825000.0,76.0,Os,I,1.887358,2.0,4.752407,2.0,CB',1.0,5.0
53005,432.8758,2.8634209999999998,2489000.0,76.0,Os,I,1.367618,4.0,4.2310099999999995,3.0,CB',1.0,7.0
53192,433.8758,2.856822,2421000.0,76.0,Os,I,1.887358,2.0,4.7441510000000005,3.0,CB',1.0,7.0
53416,435.1525,2.84844,6630000.0,76.0,Os,I,2.343542,3.0,5.191954,3.0,CB',1.0,7.0
53469,435.4461,2.84652,381000.0,76.0,Os,I,1.260421,2.0,4.106912,3.0,CB',1.0,7.0
53528,435.7975,2.844225,1536000.0,76.0,Os,I,1.908211,3.0,4.752407,2.0,CB',1.0,5.0
53530,435.8148,2.844112,143900000.0,76.0,Os,I,3.784608,1.0,6.628691000000001,1.0,CB',1.0,3.0
53671,436.5684,2.8392020000000002,6119000.0,76.0,Os,I,1.614283,1.0,4.453457,1.0,CB',1.0,3.0
53777,437.0662,2.835969,2677000.0,76.0,Os,I,1.908211,3.0,4.7441510000000005,3.0,CB',1.0,7.0
53894,437.6879,2.8319400000000003,57190000.0,76.0,Os,I,4.687666,3.0,7.519578,4.0,CB',1.0,9.0
54143,439.1077,2.822784,6076000.0,76.0,Os,I,2.369198,4.0,5.191954,3.0,CB',1.0,7.0
54223,439.4872,2.820346,3916000.0,76.0,Os,I,1.410692,3.0,4.2310099999999995,3.0,CB',1.0,7.0
54264,439.7265,2.818811,1965000.0,76.0,Os,I,1.747107,3.0,4.5658900000000004,4.0,CB',1.0,9.0
54318,440.0587,2.816684,40320000.0,76.0,Os,I,4.052375,4.0,6.869031,5.0,CB',1.0,11.0
54352,440.2746,2.8153029999999997,79830000.0,76.0,Os,I,3.512692,4.0,6.327966,4.0,CB',1.0,9.0
54381,440.4216,2.814363,1727000.0,76.0,Os,I,1.887358,2.0,4.701693,2.0,CB',1.0,5.0
54511,441.1131,2.809951,2616000.0,76.0,Os,I,2.0100830000000003,1.0,4.820005999999999,1.0,CB',1.0,3.0
54676,442.0468,2.804016,1119000.0,76.0,Os,I,0.0,4.0,2.803988,4.0,CB',1.0,9.0
54899,443.2417,2.796457,2975000.0,76.0,Os,I,1.657028,2.0,4.453457,1.0,CB',1.0,3.0
54970,443.631,2.794003,257600.0,76.0,Os,I,0.339777,2.0,3.133753,2.0,CB',1.0,5.0
54989,443.7094,2.79351,1551000.0,76.0,Os,I,1.908211,3.0,4.701693,2.0,CB',1.0,5.0
55029,443.9643,2.791905,1718000.0,76.0,Os,I,1.908211,3.0,4.700088,4.0,CB',1.0,9.0
55143,444.5687,2.7881099999999996,494000.0,76.0,Os,I,1.7778080000000003,5.0,4.5658900000000004,4.0,CB',1.0,9.0
55176,444.7358,2.7870630000000003,2324000.0,76.0,Os,I,1.7778080000000003,5.0,4.564843,5.0,CB',1.0,11.0
55385,445.9485,2.7794830000000004,1699000.0,76.0,Os,I,1.908211,3.0,4.687666,3.0,CB',1.0,7.0
55438,446.23,2.77773,4964000.0,76.0,Os,I,2.607815,1.0,5.385518,2.0,CB',1.0,5.0
55505,446.5958,2.775455,43630000.0,76.0,Os,I,4.7441510000000005,3.0,7.519578,4.0,CB',1.0,9.0
55719,447.9809,2.766874,1266000.0,76.0,Os,I,1.583821,2.0,4.350667,2.0,CB',1.0,5.0
55804,448.4765,2.763816,834500.0,76.0,Os,I,1.260421,2.0,4.02421,2.0,CB',1.0,5.0
56344,451.8893,2.742944,1944000.0,76.0,Os,I,2.369198,4.0,5.112114,3.0,CB',1.0,7.0
56366,452.0315,2.742081,1236000.0,76.0,Os,I,2.369198,4.0,5.111251,5.0,CB',1.0,11.0
56440,452.4867,2.739322,395900.0,76.0,Os,I,1.367618,4.0,4.106912,3.0,CB',1.0,7.0
56512,452.9679,2.736412,961100.0,76.0,Os,I,1.614283,1.0,4.350667,2.0,CB',1.0,5.0
56629,453.7624,2.731621,1633000.0,76.0,Os,I,2.0100830000000003,1.0,4.741676,1.0,CB',1.0,3.0
56664,453.9909,2.7302459999999997,23160000.0,76.0,Os,I,3.173244,3.0,5.9034629999999995,3.0,CB',1.0,7.0
56810,454.8659,2.7249939999999997,1458000.0,76.0,Os,I,1.8409240000000002,4.0,4.5658900000000004,4.0,CB',1.0,9.0
56839,455.0409,2.7239459999999998,5707000.0,76.0,Os,I,1.8409240000000002,4.0,4.564843,5.0,CB',1.0,11.0
56849,455.1295,2.723416,1433000.0,76.0,Os,I,1.8414540000000001,6.0,4.564843,5.0,CB',1.0,11.0
57280,457.9042,2.706913,1770000.0,76.0,Os,I,2.466426,4.0,5.173312999999999,4.0,CB',1.0,9.0
57515,459.5044,2.6974869999999997,62260000.0,76.0,Os,I,3.6428599999999998,3.0,6.340319999999999,3.0,CB',1.0,7.0
57549,459.7157,2.696247,529400.0,76.0,Os,I,1.410692,3.0,4.106912,3.0,CB',1.0,7.0
57671,460.5031,2.691637,908800.0,76.0,Os,I,2.0100830000000003,1.0,4.701693,2.0,CB',1.0,5.0
57849,461.6785,2.684784,743000.0,76.0,Os,I,1.367618,4.0,4.052375,4.0,KZB,1.0,9.0
58024,463.1829,2.6760650000000004,2866000.0,76.0,Os,I,1.887358,2.0,4.563396,3.0,CB',1.0,7.0
58061,463.4769,2.6743669999999997,4341000.0,76.0,Os,I,2.891641,4.0,5.565982,4.0,CB',1.0,9.0
58154,464.1847,2.670289,52370.0,76.0,Os,I,1.0839729999999999,4.0,3.754235,5.0,KZB,1.0,11.0
58418,466.3824,2.657706,1787000.0,76.0,Os,I,1.908211,3.0,4.5658900000000004,4.0,CB',1.0,9.0
58655,468.2306,2.647216,222800.0,76.0,Os,I,1.583821,2.0,4.2310099999999995,3.0,CB',1.0,7.0
58790,469.2066,2.641709,299900.0,76.0,Os,I,1.410692,3.0,4.052375,4.0,KZB,1.0,9.0
59337,473.2798,2.618974,595200.0,76.0,Os,I,1.887358,2.0,4.5063059999999995,2.0,CB',1.0,5.0
59407,473.8049,2.616072,7829000.0,76.0,Os,I,3.108248,2.0,5.724293,2.0,CB',1.0,5.0
59493,474.3891,2.612851,1873000.0,76.0,Os,I,2.190471,1.0,4.803294999999999,2.0,CB',1.0,5.0
59601,475.2169,2.608299,21810000.0,76.0,Os,I,4.260758,5.0,6.869031,5.0,CB',1.0,11.0
59751,476.3125,2.6022990000000004,79270000.0,76.0,Os,I,4.787456,1.0,7.38973,2.0,CB',1.0,5.0
60122,479.3993,2.585544,424000.0,76.0,Os,I,0.51569,3.0,3.101208,3.0,CB',1.0,7.0
60356,481.3785,2.574913,284300.0,76.0,Os,I,1.8409240000000002,4.0,4.415811,3.0,CB',1.0,7.0
60380,481.5478,2.574008,183400.0,76.0,Os,I,1.657028,2.0,4.2310099999999995,3.0,CB',1.0,7.0
60389,481.5949,2.573757,24790000.0,76.0,Os,I,3.754235,5.0,6.327966,4.0,CB',1.0,9.0
60520,482.6665,2.5680419999999997,174700.0,76.0,Os,I,1.747107,3.0,4.315124,4.0,CB',1.0,9.0
60757,484.3885,2.558913,51100.0,76.0,Os,I,1.0839729999999999,4.0,3.6428599999999998,3.0,KZB,1.0,7.0
61031,486.5607,2.547489,82130000.0,76.0,Os,I,3.7928559999999996,4.0,6.340319999999999,3.0,CB',1.0,7.0
61437,489.9231,2.530006,16570000.0,76.0,Os,I,3.512692,4.0,6.0426720000000005,4.0,CB',1.0,9.0
61609,491.2609,2.523116,422800.0,76.0,Os,I,1.583821,2.0,4.106912,3.0,CB',1.0,7.0
61880,493.5828,2.511247,973200.0,76.0,Os,I,2.190471,1.0,4.701693,2.0,CB',1.0,5.0
61967,494.2957,2.507625,363800.0,76.0,Os,I,1.908211,3.0,4.415811,3.0,CB',1.0,7.0
62382,497.9325,2.4893099999999997,4361000.0,76.0,Os,I,2.0100830000000003,1.0,4.499368,0.0,CB',1.0,1.0
63007,503.1834,2.463334,894300.0,76.0,Os,I,1.887358,2.0,4.350667,2.0,CB',1.0,5.0
63071,503.9108,2.459778,1996000.0,76.0,Os,I,2.343542,3.0,4.803294999999999,2.0,CB',1.0,5.0
63431,507.2889,2.4433979999999997,1138000.0,76.0,Os,I,2.0100830000000003,1.0,4.453457,1.0,CB',1.0,3.0
63449,507.4794,2.4424810000000003,542100.0,76.0,Os,I,1.908211,3.0,4.350667,2.0,CB',1.0,5.0
63493,507.9095,2.440413,253100.0,76.0,Os,I,1.583821,2.0,4.02421,2.0,CB',1.0,5.0
63747,510.3499,2.428743,105700.0,76.0,Os,I,1.0839729999999999,4.0,3.512692,4.0,KZB,1.0,9.0
63812,511.0823,2.425263,142100.0,76.0,Os,I,1.367618,4.0,3.7928559999999996,4.0,KZB,1.0,9.0
63924,512.2237,2.419859,132900.0,76.0,Os,I,1.8409240000000002,4.0,4.260758,5.0,CB',1.0,11.0
64151,514.5562,2.40889,916300.0,76.0,Os,I,2.343542,3.0,4.752407,2.0,CB',1.0,5.0
64196,514.9737,2.406937,1112000.0,76.0,Os,I,1.908211,3.0,4.315124,4.0,CB',1.0,9.0
64223,515.2017,2.405872,25620000.0,76.0,Os,I,4.564843,5.0,6.970689999999999,5.0,CB',1.0,11.0
64409,516.8953,2.397989,45920000.0,76.0,Os,I,4.771657,3.0,7.169622,3.0,CB',1.0,7.0
64683,519.3529,2.3866419999999997,67850.0,76.0,Os,I,1.367618,4.0,3.754235,5.0,KZB,1.0,11.0
64786,520.2637,2.382463,655100.0,76.0,Os,I,1.260421,2.0,3.6428599999999998,3.0,KZB,1.0,7.0
64791,520.3238,2.382188,86520.0,76.0,Os,I,1.410692,3.0,3.7928559999999996,4.0,KZB,1.0,9.0
65357,525.5823,2.3583540000000003,973600.0,76.0,Os,I,2.369198,4.0,4.727529,4.0,CB',1.0,9.0
65456,526.5132,2.3541849999999998,3952000.0,76.0,Os,I,2.891641,4.0,5.245801999999999,4.0,CB',1.0,9.0
65687,528.3917,2.345816,829900.0,76.0,Os,I,2.406615,2.0,4.752407,2.0,CB',1.0,5.0
65797,529.5673,2.340608,336600.0,76.0,Os,I,2.0100830000000003,1.0,4.350667,2.0,CB',1.0,5.0
65836,529.8797,2.339228,8998000.0,76.0,Os,I,3.512692,4.0,5.851897,5.0,CB',1.0,11.0
65886,530.258,2.337559,388900.0,76.0,Os,I,2.406615,2.0,4.7441510000000005,3.0,CB',1.0,7.0
66232,533.6222,2.322823,163800.0,76.0,Os,I,1.908211,3.0,4.2310099999999995,3.0,CB',1.0,7.0
66427,535.2269,2.315858,322000.0,76.0,Os,I,2.190471,1.0,4.5063059999999995,2.0,CB',1.0,5.0
66672,537.6804,2.305291,573600.0,76.0,Os,I,1.747107,3.0,4.052375,4.0,KZB,1.0,9.0
66947,540.3444,2.293925,48020000.0,76.0,Os,I,4.5063059999999995,2.0,6.8002080000000005,1.0,CB',1.0,3.0
67032,541.2144,2.290238,3955000.0,76.0,Os,I,2.607815,1.0,4.89803,0.0,CB',1.0,1.0
67069,541.6349,2.2884599999999997,50380000.0,76.0,Os,I,3.754235,5.0,6.0426720000000005,4.0,CB',1.0,9.0
67077,541.7514,2.2879680000000002,22970000.0,76.0,Os,I,4.052375,4.0,6.340319999999999,3.0,CB',1.0,7.0
67327,544.1823,2.277748,475700.0,76.0,Os,I,2.466426,4.0,4.7441510000000005,3.0,CB',1.0,7.0
67338,544.331,2.277125,460500.0,76.0,Os,I,1.747107,3.0,4.02421,2.0,CB',1.0,5.0
67375,544.6925,2.275614,14040000.0,76.0,Os,I,4.052375,4.0,6.327966,4.0,CB',1.0,9.0
67403,544.9378,2.2745900000000003,104000.0,76.0,Os,I,1.7778080000000003,5.0,4.052375,4.0,KZB,1.0,9.0
67445,545.3397,2.272913,1886000.0,76.0,Os,I,2.973709,3.0,5.2466,3.0,CB',1.0,7.0
67595,547.0008,2.266011,196300.0,76.0,Os,I,1.8409240000000002,4.0,4.106912,3.0,CB',1.0,7.0
67640,547.4588,2.2641150000000003,1524000.0,76.0,Os,I,3.174188,4.0,5.438280000000001,4.0,CB',1.0,9.0
67648,547.5143,2.263886,552100.0,76.0,Os,I,2.619,3.0,4.8828629999999995,3.0,CB',1.0,7.0
67671,547.7267,2.263008,323300.0,76.0,Os,I,2.190471,1.0,4.453457,1.0,CB',1.0,3.0
67739,548.1829,2.261125,356300.0,76.0,Os,I,2.466426,4.0,4.727529,4.0,CB',1.0,9.0
68004,550.9329,2.249839,9278000.0,76.0,Os,I,3.7928559999999996,4.0,6.0426720000000005,4.0,CB',1.0,9.0
68072,551.6032,2.247105,2072000.0,76.0,Os,I,3.4888559999999997,3.0,5.735938,4.0,CB',1.0,9.0
68140,552.3535,2.244052,64280000.0,76.0,Os,I,3.6078669999999997,6.0,5.851897,5.0,CB',1.0,11.0
68370,554.6836,2.234626,30680000.0,76.0,Os,I,4.2310099999999995,3.0,6.465612999999999,2.0,CB',1.0,5.0
68402,554.9804,2.23343,7417000.0,76.0,Os,I,4.106912,3.0,6.340319999999999,3.0,CB',1.0,7.0
68438,555.2887,2.23219,35460.0,76.0,Os,I,1.410692,3.0,3.6428599999999998,3.0,KZB,1.0,7.0
68511,556.0618,2.229087,18390000.0,76.0,Os,I,4.415811,3.0,6.644875999999999,2.0,CB',1.0,5.0
68707,558.0674,2.221076,10150000.0,76.0,Os,I,4.106912,3.0,6.327966,4.0,CB',1.0,9.0
68746,558.4446,2.219576,568600.0,76.0,Os,I,1.887358,2.0,4.106912,3.0,CB',1.0,7.0
69086,562.01,2.205495,80430.0,76.0,Os,I,1.260421,2.0,3.465894,2.0,CB',1.0,5.0
69262,563.741,2.1987229999999998,65560.0,76.0,Os,I,1.908211,3.0,4.106912,3.0,CB',1.0,7.0
69317,564.2565,2.196715,360300.0,76.0,Os,I,2.369198,4.0,4.5658900000000004,4.0,CB',1.0,9.0
69347,564.5257,2.195667,370800.0,76.0,Os,I,2.369198,4.0,4.564843,5.0,CB',1.0,11.0
69382,564.898,2.19422,139600.0,76.0,Os,I,2.369198,4.0,4.563396,3.0,CB',1.0,7.0
69608,567.439,2.1843939999999997,250600.0,76.0,Os,I,2.269084,0.0,4.453457,1.0,CB',1.0,3.0
69671,568.0891,2.181895,28840000.0,76.0,Os,I,4.315124,4.0,6.496996,3.0,CB',1.0,7.0
69927,570.9363,2.171014,12780000.0,76.0,Os,I,4.700088,4.0,6.87108,4.0,CB',1.0,9.0
70061,572.1931,2.166245,49490.0,76.0,Os,I,0.6377649999999999,5.0,2.803988,4.0,CB',1.0,9.0
70195,573.7895,2.160218,140400.0,76.0,Os,I,2.190471,1.0,4.350667,2.0,CB',1.0,5.0
70218,573.972,2.1595310000000003,957200.0,76.0,Os,I,3.173244,3.0,5.332754,3.0,CB',1.0,7.0
70491,576.5048,2.150044,43370.0,76.0,Os,I,1.367618,4.0,3.51764,3.0,CB',1.0,7.0
70646,578.0799,2.144186,924000.0,76.0,Os,I,1.908211,3.0,4.052375,4.0,KZB,1.0,9.0
70840,580.0582,2.136873,337300.0,76.0,Os,I,1.887358,2.0,4.02421,2.0,CB',1.0,5.0
71222,584.2492,2.1215450000000002,526900.0,76.0,Os,I,2.797536,1.0,4.919059,2.0,CB',1.0,5.0
71363,585.7747,2.1160200000000002,976000.0,76.0,Os,I,1.908211,3.0,4.02421,2.0,CB',1.0,5.0
71386,586.0655,2.11497,125600.0,76.0,Os,I,1.614283,1.0,3.729231,2.0,CB',1.0,5.0
71753,590.388,2.099485,189400.0,76.0,Os,I,2.466426,4.0,4.5658900000000004,4.0,CB',1.0,9.0
71779,590.6828,2.098437,154800.0,76.0,Os,I,2.466426,4.0,4.564843,5.0,CB',1.0,11.0
71793,590.8954,2.097682,1736000.0,76.0,Os,I,3.754235,5.0,5.851897,5.0,CB',1.0,11.0
72337,598.1359,2.07229,106000.0,76.0,Os,I,2.343542,3.0,4.415811,3.0,CB',1.0,7.0
72355,598.3249,2.0716360000000003,903200.0,76.0,Os,I,3.174188,4.0,5.245801999999999,4.0,CB',1.0,9.0
72470,599.6003,2.067229,46120000.0,76.0,Os,I,4.260758,5.0,6.327966,4.0,CB',1.0,9.0
72643,601.5779,2.060433,844000.0,76.0,Os,I,2.64128,2.0,4.701693,2.0,CB',1.0,5.0
73617,615.7953,2.0128630000000003,7957000.0,76.0,Os,I,4.315124,4.0,6.327966,4.0,CB',1.0,9.0
74034,622.7708,1.990317,15880000.0,76.0,Os,I,4.052375,4.0,6.0426720000000005,4.0,CB',1.0,9.0
74296,626.9557,1.977032,48340000.0,76.0,Os,I,5.332754,3.0,7.309766000000001,3.0,CB',1.0,7.0
74337,627.4952,1.9753319999999999,12510000.0,76.0,Os,I,4.995378,6.0,6.970689999999999,5.0,CB',1.0,11.0
74398,628.6826,1.971602,112900.0,76.0,Os,I,2.343542,3.0,4.315124,4.0,CB',1.0,9.0
75059,639.8858,1.937083,468000.0,76.0,Os,I,3.174188,4.0,5.111251,5.0,CB',1.0,11.0
75088,640.3165,1.9357799999999998,10890000.0,76.0,Os,I,4.106912,3.0,6.0426720000000005,4.0,CB',1.0,9.0
75386,644.8108,1.922288,12910000.0,76.0,Os,I,5.111251,5.0,7.033519,4.0,CB',1.0,9.0
75816,652.0854,1.900843,176300.0,76.0,Os,I,2.64128,2.0,4.542104,2.0,CB',1.0,5.0
75870,652.8868,1.89851,197400.0,76.0,Os,I,2.607815,1.0,4.5063059999999995,2.0,CB',1.0,5.0
75894,653.3139,1.8972689999999999,64050.0,76.0,Os,I,1.887358,2.0,3.784608,1.0,CB',1.0,3.0
75928,653.8296,1.895772,34500.0,76.0,Os,I,1.747107,3.0,3.6428599999999998,3.0,KZB,1.0,7.0
76185,657.6832,1.884664,36610.0,76.0,Os,I,1.908211,3.0,3.7928559999999996,4.0,KZB,1.0,9.0
76413,661.4551,1.8739169999999998,252100.0,76.0,Os,I,3.01182,5.0,4.885719,5.0,CB',1.0,11.0
76419,661.5418,1.8736720000000002,4802000.0,76.0,Os,I,4.995378,6.0,6.869031,5.0,CB',1.0,11.0
77148,672.9561,1.8418919999999999,173400.0,76.0,Os,I,1.887358,2.0,3.729231,2.0,CB',1.0,5.0
77679,680.6623,1.8210389999999999,93120.0,76.0,Os,I,1.908211,3.0,3.729231,2.0,CB',1.0,5.0
78168,687.871,1.801955,21570.0,76.0,Os,I,1.8409240000000002,4.0,3.6428599999999998,3.0,KZB,1.0,7.0
78297,690.157,1.795986,276500.0,76.0,Os,I,3.174188,4.0,4.970155999999999,4.0,CB',1.0,9.0
78612,695.6002,1.781932,6997000.0,76.0,Os,I,4.260758,5.0,6.0426720000000005,4.0,CB',1.0,9.0
78769,698.4968,1.774543,90870.0,76.0,Os,I,2.0100830000000003,1.0,3.784608,1.0,CB',1.0,3.0
79188,706.0659,1.75552,74320.0,76.0,Os,I,1.887358,2.0,3.6428599999999998,3.0,KZB,1.0,7.0
79677,714.5538,1.7346669999999997,112400.0,76.0,Os,I,1.908211,3.0,3.6428599999999998,3.0,KZB,1.0,7.0
79889,718.4096,1.725357,8832000.0,76.0,Os,I,4.771657,3.0,6.496996,3.0,CB',1.0,7.0
80045,720.9966,1.719166,43560.0,76.0,Os,I,2.0100830000000003,1.0,3.729231,2.0,CB',1.0,5.0
80272,725.1138,1.7094049999999998,304900.0,76.0,Os,I,2.64128,2.0,4.350667,2.0,CB',1.0,5.0
80288,725.3489,1.70885,61450.0,76.0,Os,I,2.343542,3.0,4.052375,4.0,KZB,1.0,9.0
80958,737.5048,1.6806849999999998,99860.0,76.0,Os,I,2.343542,3.0,4.02421,2.0,CB',1.0,5.0
81107,740.7958,1.673218,230700.0,76.0,Os,I,2.891641,4.0,4.564843,5.0,CB',1.0,11.0
82087,760.2984,1.630298,101600.0,76.0,Os,I,1.887358,2.0,3.51764,3.0,CB',1.0,7.0
82643,770.1495,1.609445,17610.0,76.0,Os,I,1.908211,3.0,3.51764,3.0,CB',1.0,7.0
83101,779.0024,1.5911549999999999,3797000.0,76.0,Os,I,4.260758,5.0,5.851897,5.0,CB',1.0,11.0
83413,785.2219,1.578552,36720.0,76.0,Os,I,1.887358,2.0,3.465894,2.0,CB',1.0,5.0
83990,798.1218,1.553038,165300.0,76.0,Os,I,3.01182,5.0,4.564843,5.0,CB',1.0,11.0
