,Wl/nm,E_Photon,A-Value,Elem. num,Element,ion state,E_lower_lev.,J_lower,E_upper_lev.,J_upper,Ref.,ion state num,g_j
649,204.9391,6.047927,41260000.0,78.0,Pt,I,0.0,3.0,6.047867,3.0,CB,1.0,7.0
1041,208.4596,5.945803,35540000.0,78.0,Pt,I,0.102123,4.0,6.047867,3.0,CB,1.0,7.0
1672,212.8588,5.822936,33150000.0,78.0,Pt,I,0.096198,2.0,5.9190760000000004,1.0,CB,1.0,3.0
1910,214.4212,5.78051,26070000.0,78.0,Pt,I,0.0,3.0,5.7804519999999995,3.0,CB,1.0,7.0
2194,216.5211,5.724456,13610000.0,78.0,Pt,I,0.0,3.0,5.724398000000001,2.0,CB,1.0,5.0
2723,220.2223,5.6282559999999995,14100000.0,78.0,Pt,I,0.096198,2.0,5.724398000000001,2.0,CB,1.0,5.0
3014,222.2613,5.576626999999999,42770000.0,78.0,Pt,I,0.814261,2.0,6.390833,2.0,CB,1.0,5.0
3377,224.9307,5.510454,15160000.0,78.0,Pt,I,0.0,3.0,5.510399,2.0,GHL,1.0,5.0
3794,227.4381,5.449708,10590000.0,78.0,Pt,I,0.096198,2.0,5.545852,3.0,CB,1.0,7.0
4044,228.9276,5.414255000000001,14980000.0,78.0,Pt,I,0.096198,2.0,5.510399,2.0,GHL,1.0,5.0
4091,229.2399,5.406879,4776000.0,78.0,Pt,I,0.102123,4.0,5.508948,4.0,CB,1.0,9.0
4352,230.8043,5.370234,67360000.0,78.0,Pt,I,0.814261,2.0,6.1844410000000005,2.0,CB,1.0,5.0
4519,231.8297,5.346483,25490000.0,78.0,Pt,I,0.102123,4.0,5.4485529999999995,1.0,CB,1.0,3.0
4666,232.6106,5.328535,52900000.0,78.0,Pt,I,0.814261,2.0,6.142743,1.0,CB,1.0,3.0
4920,234.018,5.2964910000000005,43680000.0,78.0,Pt,I,0.814261,2.0,6.1107,3.0,CB,1.0,7.0
5235,235.7105,5.258464,24100000.0,78.0,Pt,I,0.096198,2.0,5.354609,1.0,GHL,1.0,3.0
5451,236.8278,5.233658,56220000.0,78.0,Pt,I,0.814261,2.0,6.047867,3.0,CB,1.0,7.0
5780,238.3643,5.199924,200600000.0,78.0,Pt,I,1.256194,1.0,6.456066000000001,1.0,CB,1.0,3.0
5840,238.6809,5.193027,3113000.0,78.0,Pt,I,0.096198,2.0,5.289173,3.0,CB,1.0,7.0
5897,238.9536,5.187101999999999,9379000.0,78.0,Pt,I,0.102123,4.0,5.289173,3.0,CB,1.0,7.0
6019,239.617,5.1727419999999995,58330000.0,78.0,Pt,I,1.6733240000000003,2.0,6.846014,2.0,CB,1.0,5.0
6139,240.1877,5.160451,76520000.0,78.0,Pt,I,1.256194,1.0,6.416593,2.0,CB,1.0,5.0
6170,240.3093,5.157842,180000000.0,78.0,Pt,I,0.761285,0.0,5.9190760000000004,1.0,CB,1.0,3.0
6516,241.8058,5.125922,141900000.0,78.0,Pt,I,1.6733240000000003,2.0,6.799195,3.0,CB,1.0,7.0
6755,242.8033,5.104865,90410000.0,78.0,Pt,I,0.814261,2.0,5.9190760000000004,1.0,CB,1.0,3.0
6758,242.8203,5.104507,71500000.0,78.0,Pt,I,1.254315,3.0,6.358771,2.0,CB,1.0,5.0
6786,242.9098,5.102628,35810000.0,78.0,Pt,I,1.256194,1.0,6.358771,2.0,CB,1.0,5.0
6980,243.6689,5.086732,43970000.0,78.0,Pt,I,0.096198,2.0,5.18288,1.0,CB,1.0,3.0
7059,244.0061,5.079704,59420000.0,78.0,Pt,I,0.0,3.0,5.0796529999999995,3.0,CB,1.0,7.0
7298,245.0968,5.0571,7874000.0,78.0,Pt,I,0.0,3.0,5.05705,2.0,CB,1.0,5.0
7677,246.74,5.0234239999999994,55010000.0,78.0,Pt,I,0.0,3.0,5.023374,2.0,CB,1.0,5.0
7758,247.1007,5.0160919999999996,91020000.0,78.0,Pt,I,1.6733240000000003,2.0,6.689366000000001,2.0,CB,1.0,5.0
8133,248.7169,4.983499,62840000.0,78.0,Pt,I,0.0,3.0,4.983449,4.0,CB,1.0,9.0
8217,249.0127,4.977580000000001,20250000.0,78.0,Pt,I,0.102123,4.0,5.0796529999999995,3.0,CB,1.0,7.0
8359,249.5813,4.96624,82100000.0,78.0,Pt,I,0.814261,2.0,5.7804519999999995,3.0,CB,1.0,7.0
8437,249.8499,4.960901,32320000.0,78.0,Pt,I,0.096198,2.0,5.05705,2.0,CB,1.0,5.0
8714,250.8497,4.94113,21680000.0,78.0,Pt,I,0.814261,2.0,5.755342,2.0,GHL,1.0,5.0
8862,251.4071,4.930176,73140000.0,78.0,Pt,I,1.254315,3.0,6.1844410000000005,2.0,CB,1.0,5.0
8887,251.503,4.928297,87860000.0,78.0,Pt,I,1.256194,1.0,6.1844410000000005,2.0,CB,1.0,5.0
8898,251.5577,4.927225,30450000.0,78.0,Pt,I,0.096198,2.0,5.023374,2.0,CB,1.0,5.0
9181,252.4307,4.910186,89250000.0,78.0,Pt,I,0.814261,2.0,5.724398000000001,2.0,CB,1.0,5.0
9325,252.941,4.900281,158700000.0,78.0,Pt,I,1.6733240000000003,2.0,6.573556,1.0,CB,1.0,3.0
9522,253.6493,4.886598,117000000.0,78.0,Pt,I,1.256194,1.0,6.142743,1.0,CB,1.0,3.0
9591,253.9207,4.881375,10240000.0,78.0,Pt,I,0.102123,4.0,4.983449,4.0,CB,1.0,9.0
9931,254.9468,4.861729,41880000.0,78.0,Pt,I,1.6733240000000003,2.0,6.535004,2.0,CB,1.0,5.0
10017,255.2248,4.856433999999999,47310000.0,78.0,Pt,I,1.254315,3.0,6.1107,3.0,CB,1.0,7.0
11234,259.5999,4.774593,100000000.0,78.0,Pt,I,1.921984,2.0,6.696528999999999,3.0,CB,1.0,7.0
11425,260.3137,4.761501,82020000.0,78.0,Pt,I,1.256194,1.0,6.017647,2.0,CB,1.0,5.0
11902,261.9568,4.731637999999999,15220000.0,78.0,Pt,I,0.814261,2.0,5.545852,3.0,CB,1.0,7.0
12126,262.8027,4.716408,53170000.0,78.0,Pt,I,0.096198,2.0,4.812558999999999,2.0,GHL,1.0,5.0
12416,263.9345,4.696184,13860000.0,78.0,Pt,I,0.814261,2.0,5.510399,2.0,GHL,1.0,5.0
12598,264.6881,4.682815,25310000.0,78.0,Pt,I,0.0,3.0,4.682768,3.0,GHL,1.0,7.0
12710,265.0853,4.675799,9676000.0,78.0,Pt,I,0.102123,4.0,4.777875,5.0,GHL,1.0,11.0
12875,265.817,4.662928,33700000.0,78.0,Pt,I,1.256194,1.0,5.9190760000000004,1.0,CB,1.0,3.0
12912,265.945,4.660683000000001,75860000.0,78.0,Pt,I,0.0,3.0,4.660637,4.0,GHL,1.0,9.0
13315,267.457,4.634338,23560000.0,78.0,Pt,I,0.814261,2.0,5.4485529999999995,1.0,CB,1.0,3.0
13383,267.7147,4.629877,15470000.0,78.0,Pt,I,0.0,3.0,4.62983,2.0,GHL,1.0,5.0
13982,269.8425,4.593369999999999,55530000.0,78.0,Pt,I,0.761285,0.0,5.354609,1.0,GHL,1.0,3.0
14095,270.2399,4.586616,50730000.0,78.0,Pt,I,0.096198,2.0,4.682768,3.0,GHL,1.0,7.0
14172,270.5895,4.580691000000001,41130000.0,78.0,Pt,I,0.102123,4.0,4.682768,3.0,GHL,1.0,7.0
14364,271.3049,4.568612,28360000.0,78.0,Pt,I,1.254315,3.0,5.822881,4.0,CB,1.0,9.0
14522,271.9033,4.558559,35550000.0,78.0,Pt,I,0.102123,4.0,4.660637,4.0,GHL,1.0,9.0
14822,272.9912,4.540393,35850000.0,78.0,Pt,I,0.814261,2.0,5.354609,1.0,GHL,1.0,3.0
14927,273.3956,4.533678,64760000.0,78.0,Pt,I,0.096198,2.0,4.62983,2.0,GHL,1.0,5.0
15055,273.8483,4.5261830000000005,39240000.0,78.0,Pt,I,1.254315,3.0,5.7804519999999995,3.0,CB,1.0,7.0
15318,274.7602,4.511162000000001,111400000.0,78.0,Pt,I,1.6733240000000003,2.0,6.1844410000000005,2.0,CB,1.0,5.0
15488,275.3853,4.500923,297800000.0,78.0,Pt,I,1.256194,1.0,5.757071,0.0,CB,1.0,1.0
15513,275.4912,4.499193,39330000.0,78.0,Pt,I,1.256194,1.0,5.755342,2.0,GHL,1.0,5.0
15984,276.9833,4.474957,5418000.0,78.0,Pt,I,0.814261,2.0,5.289173,3.0,CB,1.0,7.0
16043,277.166,4.472008,21440000.0,78.0,Pt,I,0.096198,2.0,4.568162,1.0,GHL,1.0,3.0
16082,277.3238,4.469464,102500000.0,78.0,Pt,I,1.6733240000000003,2.0,6.142743,1.0,CB,1.0,3.0
16098,277.3991,4.468249,14080000.0,78.0,Pt,I,1.256194,1.0,5.724398000000001,2.0,CB,1.0,5.0
16688,279.3265,4.4374199999999995,52070000.0,78.0,Pt,I,1.6733240000000003,2.0,6.1107,3.0,CB,1.0,7.0
16964,280.3235,4.421639,46930000.0,78.0,Pt,I,0.761285,0.0,5.18288,1.0,CB,1.0,3.0
17129,280.8502,4.413347,14520000.0,78.0,Pt,I,1.921984,2.0,6.335286,3.0,CB,1.0,7.0
17448,281.8245,4.39809,316000.0,78.0,Pt,I,0.102123,4.0,4.5001690000000005,4.0,GHL,1.0,9.0
17777,283.0292,4.379371,20660000.0,78.0,Pt,I,0.0,3.0,4.379327,3.0,GHL,1.0,7.0
17886,283.4711,4.372544,66330000.0,78.0,Pt,I,1.256194,1.0,5.628694,1.0,CB,1.0,3.0
18367,285.3098,4.344366,20620000.0,78.0,Pt,I,1.6733240000000003,2.0,6.017647,2.0,CB,1.0,5.0
19248,288.8192,4.291580000000001,8463000.0,78.0,Pt,I,1.254315,3.0,5.545852,3.0,CB,1.0,7.0
19376,289.3217,4.284127,73110000.0,78.0,Pt,I,1.921984,2.0,6.206068,1.0,CB,1.0,3.0
19394,289.3863,4.283171,9033000.0,78.0,Pt,I,0.096198,2.0,4.379327,3.0,GHL,1.0,7.0
19506,289.7872,4.277247,4515000.0,78.0,Pt,I,0.102123,4.0,4.379327,3.0,GHL,1.0,7.0
19699,290.5897,4.265434,7116000.0,78.0,Pt,I,0.814261,2.0,5.0796529999999995,3.0,CB,1.0,7.0
19855,291.2252,4.256126999999999,3284000.0,78.0,Pt,I,1.254315,3.0,5.510399,2.0,GHL,1.0,5.0
19890,291.3539,4.2542480000000005,10870000.0,78.0,Pt,I,1.256194,1.0,5.510399,2.0,GHL,1.0,5.0
20049,291.934,4.245794,127700000.0,78.0,Pt,I,1.6733240000000003,2.0,5.9190760000000004,1.0,CB,1.0,3.0
20102,292.1379,4.242831,4718000.0,78.0,Pt,I,0.814261,2.0,5.05705,2.0,CB,1.0,5.0
20325,292.9789,4.230652,17580000.0,78.0,Pt,I,0.0,3.0,4.230608999999999,3.0,LG,1.0,7.0
20661,294.2752,4.2120169999999995,102800000.0,78.0,Pt,I,3.738973,4.0,7.9509479999999995,4.0,CB,1.0,9.0
20713,294.4753,4.209155,4434000.0,78.0,Pt,I,0.814261,2.0,5.023374,2.0,CB,1.0,5.0
21089,295.9093,4.188758,27320000.0,78.0,Pt,I,1.921984,2.0,6.1107,3.0,CB,1.0,7.0
22106,299.7962,4.134452,28520000.0,78.0,Pt,I,0.096198,2.0,4.230608999999999,3.0,GHL,1.0,7.0
22215,300.2264,4.128528,8392000.0,78.0,Pt,I,0.102123,4.0,4.230608999999999,3.0,LG,1.0,7.0
22600,301.7878,4.107169,18590000.0,78.0,Pt,I,1.6733240000000003,2.0,5.7804519999999995,3.0,CB,1.0,7.0
23027,303.6443,4.082058,28200000.0,78.0,Pt,I,1.6733240000000003,2.0,5.755342,2.0,GHL,1.0,5.0
23177,304.2632,4.073755,7691000.0,78.0,Pt,I,0.102123,4.0,4.175838,5.0,GHL,1.0,11.0
23697,306.4711,4.044407,64880000.0,78.0,Pt,I,0.0,3.0,4.044367,2.0,GHL,1.0,5.0
23872,307.1934,4.034899,6081000.0,78.0,Pt,I,1.254315,3.0,5.289173,3.0,CB,1.0,7.0
24567,310.0025,3.998338,7281000.0,78.0,Pt,I,0.814261,2.0,4.812558999999999,2.0,GHL,1.0,5.0
25523,313.9387,3.948208,2699000.0,78.0,Pt,I,0.096198,2.0,4.044367,2.0,LG,1.0,5.0
25930,315.6563,3.926725,53500000.0,78.0,Pt,I,1.256194,1.0,5.18288,1.0,CB,1.0,3.0
26990,320.071,3.8725660000000004,45530000.0,78.0,Pt,I,1.6733240000000003,2.0,5.545852,3.0,CB,1.0,7.0
27060,320.4037,3.868546,9714000.0,78.0,Pt,I,0.814261,2.0,4.682768,3.0,GHL,1.0,7.0
27629,323.0284,3.8371129999999996,6862000.0,78.0,Pt,I,1.6733240000000003,2.0,5.510399,2.0,GHL,1.0,5.0
27717,323.3416,3.833396,4630000.0,78.0,Pt,I,1.921984,2.0,5.755342,2.0,GHL,1.0,5.0
28132,325.1979,3.8115160000000006,36270000.0,78.0,Pt,I,1.256194,1.0,5.067672,0.0,CB,1.0,1.0
28210,325.5909,3.806915,8155000.0,78.0,Pt,I,0.761285,0.0,4.568162,1.0,GHL,1.0,3.0
28812,328.1967,3.7766900000000003,67250000.0,78.0,Pt,I,4.175838,5.0,7.952489999999999,6.0,CB,1.0,13.0
29014,329.022,3.767218,19970000.0,78.0,Pt,I,1.256194,1.0,5.023374,2.0,CB,1.0,5.0
29273,330.1859,3.7539379999999998,26260000.0,78.0,Pt,I,0.814261,2.0,4.568162,1.0,GHL,1.0,3.0
29628,331.5042,3.739011,213100.0,78.0,Pt,I,0.0,3.0,3.738973,4.0,GHL,1.0,9.0
29863,332.3788,3.729172,2927000.0,78.0,Pt,I,1.254315,3.0,4.983449,4.0,CB,1.0,9.0
32001,340.8131,3.636887,1215000.0,78.0,Pt,I,0.102123,4.0,3.738973,4.0,GHL,1.0,9.0
32444,342.7927,3.615885,7920000.0,78.0,Pt,I,1.6733240000000003,2.0,5.289173,3.0,CB,1.0,7.0
33820,348.3423,3.5582800000000003,3810000.0,78.0,Pt,I,1.254315,3.0,4.812558999999999,2.0,GHL,1.0,5.0
33867,348.5264,3.556401,10240000.0,78.0,Pt,I,1.256194,1.0,4.812558999999999,2.0,GHL,1.0,5.0
37286,362.811,3.416382,1657000.0,78.0,Pt,I,0.814261,2.0,4.230608999999999,3.0,LG,1.0,7.0
37554,363.8789,3.4063559999999997,2557000.0,78.0,Pt,I,1.254315,3.0,4.660637,4.0,GHL,1.0,9.0
38981,369.9913,3.350083,6435000.0,78.0,Pt,I,1.6733240000000003,2.0,5.023374,2.0,CB,1.0,5.0
41931,381.8687,3.2458869999999997,685200.0,78.0,Pt,I,1.254315,3.0,4.5001690000000005,4.0,GHL,1.0,9.0
43943,390.0723,3.1776240000000002,193400000.0,78.0,Pt,I,4.230608999999999,3.0,7.408202,3.0,CB,1.0,7.0
44506,392.2955,3.159616,248500000.0,78.0,Pt,I,3.738973,4.0,6.898558,5.0,CB,1.0,11.0
45158,394.8386,3.139266,2524000.0,78.0,Pt,I,1.6733240000000003,2.0,4.812558999999999,2.0,GHL,1.0,5.0
45574,396.6357,3.125044,2051000.0,78.0,Pt,I,1.254315,3.0,4.379327,3.0,GHL,1.0,7.0
46263,399.6568,3.1014209999999998,3995000.0,78.0,Pt,I,1.921984,2.0,5.023374,2.0,CB,1.0,5.0
48838,411.8675,3.009474,4259000.0,78.0,Pt,I,1.6733240000000003,2.0,4.682768,3.0,GHL,1.0,7.0
49752,416.4549,2.976325,660200.0,78.0,Pt,I,1.254315,3.0,4.230608999999999,3.0,LG,1.0,7.0
50311,419.2424,2.9565360000000003,2239000.0,78.0,Pt,I,1.6733240000000003,2.0,4.62983,2.0,GHL,1.0,5.0
52978,432.7053,2.86455,61270000.0,78.0,Pt,I,4.175838,5.0,7.040359,4.0,CB,1.0,9.0
54162,439.1821,2.822305,9194000.0,78.0,Pt,I,2.723575,4.0,5.545852,3.0,CB,1.0,7.0
55083,444.2548,2.79008,1096000.0,78.0,Pt,I,1.254315,3.0,4.044367,2.0,LG,1.0,5.0
55142,444.5542,2.788201,2449000.0,78.0,Pt,I,1.256194,1.0,4.044367,2.0,LG,1.0,5.0
56049,449.8678,2.7552689999999997,69600000.0,78.0,Pt,I,3.738973,4.0,6.4942150000000005,3.0,CB,1.0,7.0
56372,452.0888,2.741733,52380000.0,78.0,Pt,I,4.682768,3.0,7.424474000000001,4.0,CB,1.0,9.0
56870,455.2412,2.722748,92470000.0,78.0,Pt,I,4.175838,5.0,6.898558,5.0,CB,1.0,11.0
61192,487.954,2.540216,46010000.0,78.0,Pt,I,4.5001690000000005,4.0,7.040359,4.0,CB,1.0,9.0
63141,504.4051,2.457368,365800.0,78.0,Pt,I,1.921984,2.0,4.379327,3.0,GHL,1.0,7.0
63298,505.9483,2.4498729999999997,93450000.0,78.0,Pt,I,4.044367,2.0,6.4942150000000005,3.0,CB,1.0,7.0
65050,522.7645,2.371066,628500.0,78.0,Pt,I,1.6733240000000003,2.0,4.044367,2.0,LG,1.0,5.0
65862,530.1013,2.33825,121300000.0,78.0,Pt,I,4.560331,6.0,6.898558,5.0,CB,1.0,11.0
66599,536.8984,2.308649,488700.0,78.0,Pt,I,1.921984,2.0,4.230608999999999,3.0,LG,1.0,7.0
66820,539.0776,2.299316,59100000.0,78.0,Pt,I,4.230608999999999,3.0,6.529902,2.0,CB,1.0,5.0
67656,547.5767,2.2636279999999998,48070000.0,78.0,Pt,I,4.230608999999999,3.0,6.4942150000000005,3.0,CB,1.0,7.0
67691,547.8481,2.262507,59200000.0,78.0,Pt,I,4.777875,5.0,7.040359,4.0,CB,1.0,9.0
70479,576.3566,2.1505970000000003,31160000.0,78.0,Pt,I,4.379327,3.0,6.529902,2.0,CB,1.0,5.0
71208,584.0126,2.122404,679300.0,78.0,Pt,I,1.921984,2.0,4.044367,2.0,LG,1.0,5.0
71247,584.4807,2.120704,26850000.0,78.0,Pt,I,4.777875,5.0,6.898558,5.0,CB,1.0,11.0
72719,602.6024,2.05693,28160000.0,78.0,Pt,I,4.983449,4.0,7.040359,4.0,CB,1.0,9.0
74609,631.8365,1.96176,40150000.0,78.0,Pt,I,4.568162,1.0,6.529902,2.0,CB,1.0,5.0
74656,632.6579,1.959213,474700.0,78.0,Pt,I,2.723575,4.0,4.682768,3.0,GHL,1.0,7.0
75833,652.3435,1.900091,53210000.0,78.0,Pt,I,4.62983,2.0,6.529902,2.0,CB,1.0,5.0
77032,671.0395,1.8471520000000001,60450000.0,78.0,Pt,I,4.682768,3.0,6.529902,2.0,CB,1.0,5.0
77362,676.0005,1.8335970000000001,84900000.0,78.0,Pt,I,4.660637,4.0,6.4942150000000005,3.0,CB,1.0,7.0
79494,711.3724,1.7424240000000002,1073000.0,78.0,Pt,I,2.30196,1.0,4.044367,2.0,LG,1.0,5.0
