,Wl/nm,E_Photon,A-Value,Elem. num,Element,ion state,E_lower_lev.,J_lower,E_upper_lev.,J_upper,Ref.,ion state num,g_j
38539,368.0596,3.367665,202700.0,16.0,S,I,6.5245,2.0,9.892131,3.0,KP,1.0,7.0
45455,396.1974,3.128501,470900.0,16.0,S,I,6.5245,2.0,9.652969,3.0,KP,1.0,7.0
45473,396.2478,3.128102,445600.0,16.0,S,I,6.5245,2.0,9.652571,2.0,KP,1.0,5.0
45483,396.287,3.127793,447400.0,16.0,S,I,6.5245,2.0,9.652262,1.0,KP,1.0,3.0
47012,403.2249,3.073977,1749000.0,16.0,S,I,6.860146,1.0,9.934092,0.0,KP,1.0,1.0
47031,403.2843,3.073525,1720000.0,16.0,S,I,6.860146,1.0,9.933639999999999,1.0,KP,1.0,3.0
47065,403.4028,3.072622,1673000.0,16.0,S,I,6.860146,1.0,9.932737,2.0,KP,1.0,5.0
49621,415.7698,2.981229,94890.0,16.0,S,I,6.860146,1.0,9.841345,2.0,FOS,1.0,5.0
54789,442.6919,2.79993,1134000.0,16.0,S,I,6.860146,1.0,9.660048,1.0,KP,1.0,3.0
54829,442.9142,2.798525,4278000.0,16.0,S,I,6.860146,1.0,9.658643,0.0,KP,1.0,1.0
54883,443.1435,2.7970770000000003,854700.0,16.0,S,I,6.860146,1.0,9.657195,2.0,KP,1.0,5.0
58814,469.4113,2.640558,734000.0,16.0,S,I,6.5245,2.0,9.165030999999999,3.0,NBS,1.0,7.0
58828,469.5443,2.6398099999999998,727000.0,16.0,S,I,6.5245,2.0,9.164283,2.0,NBS,1.0,5.0
58836,469.6252,2.639355,729900.0,16.0,S,I,6.5245,2.0,9.163828,1.0,NBS,1.0,3.0
65609,527.8128,2.348388,756700.0,16.0,S,I,6.860146,1.0,9.208511,0.0,NBS,1.0,1.0
65618,527.87,2.348134,633400.0,16.0,S,I,6.860146,1.0,9.208257000000001,1.0,NBS,1.0,3.0
65621,527.8993,2.348004,602300.0,16.0,S,I,6.860146,1.0,9.208126,2.0,NBS,1.0,5.0
67886,549.8195,2.254394,1529000.0,16.0,S,I,7.866308999999999,1.0,10.120681,2.0,LW,1.0,5.0
67925,550.1562,2.253015,1729000.0,16.0,S,I,7.867683,2.0,10.120675,3.0,LW,1.0,7.0
67983,550.7005,2.250788,1896000.0,16.0,S,I,7.869903,3.0,10.120669,4.0,LW,1.0,9.0
68957,560.5272,2.211329,207800.0,16.0,S,I,7.866308999999999,1.0,10.077617,2.0,KP,1.0,5.0
68983,560.8756,2.209956,352500.0,16.0,S,I,7.867683,2.0,10.077617,2.0,KP,1.0,5.0
69030,561.4397,2.207735,485600.0,16.0,S,I,7.869903,3.0,10.077617,2.0,KP,1.0,5.0
69802,569.6966,2.175738,2257000.0,16.0,S,I,7.866308999999999,1.0,10.042026,2.0,LW,1.0,5.0
69838,570.058,2.1743580000000002,2673000.0,16.0,S,I,7.867683,2.0,10.042019,3.0,LW,1.0,7.0
69897,570.6424,2.172132,2552000.0,16.0,S,I,7.869903,3.0,10.042013,4.0,LW,1.0,9.0
71556,587.9708,2.108116,343700.0,16.0,S,I,7.866308999999999,1.0,9.974405,2.0,KP,1.0,5.0
71586,588.3541,2.106743,569700.0,16.0,S,I,7.867683,2.0,9.974405,2.0,KP,1.0,5.0
71624,588.9749,2.104523,784700.0,16.0,S,I,7.869903,3.0,9.974405,2.0,KP,1.0,5.0
72181,596.1211,2.079294,1691000.0,16.0,S,I,8.045655,2.0,10.124928,3.0,GUES,1.0,7.0
72823,604.1888,2.051529,3644000.0,16.0,S,I,7.866308999999999,1.0,9.917817999999999,0.0,LW,1.0,1.0
72824,604.1907,2.051523,2719000.0,16.0,S,I,7.866308999999999,1.0,9.917812,1.0,LW,1.0,3.0
72825,604.1943,2.051511,1296000.0,16.0,S,I,7.866308999999999,1.0,9.9178,2.0,LW,1.0,5.0
72854,604.5954,2.05015,920100.0,16.0,S,I,7.867683,2.0,9.917812,1.0,LW,1.0,3.0
72855,604.5991,2.050137,2099000.0,16.0,S,I,7.867683,2.0,9.9178,2.0,LW,1.0,5.0
72857,604.6027,2.050125,2431000.0,16.0,S,I,7.867683,2.0,9.917786999999999,3.0,LW,1.0,7.0
72895,605.2583,2.047905,1216000.0,16.0,S,I,7.869903,3.0,9.917786999999999,3.0,LW,1.0,7.0
72896,605.2674,2.047874,3679000.0,16.0,S,I,7.869903,3.0,9.917755999999999,4.0,LW,1.0,9.0
73054,608.1838,2.0380540000000003,308100.0,16.0,S,I,8.045206,1.0,10.083239,1.0,KP,1.0,3.0
73057,608.2735,2.037753,102000.0,16.0,S,I,8.045506,0.0,10.083239,1.0,KP,1.0,3.0
73059,608.3177,2.037605,511100.0,16.0,S,I,8.045655,2.0,10.083239,1.0,KP,1.0,3.0
73717,617.2821,2.0080139999999997,2322000.0,16.0,S,I,8.045206,1.0,10.0532,1.0,KP,1.0,3.0
73721,617.3584,2.007766,1492000.0,16.0,S,I,8.045206,1.0,10.052952000000001,2.0,KP,1.0,5.0
73722,617.3745,2.007714,2321000.0,16.0,S,I,8.045506,0.0,10.0532,1.0,KP,1.0,3.0
73730,617.4963,2.007318,1392000.0,16.0,S,I,8.045655,2.0,10.052952000000001,2.0,KP,1.0,5.0
73742,617.5845,2.007031,2030000.0,16.0,S,I,8.045655,2.0,10.052666,3.0,KP,1.0,7.0
75039,639.5163,1.938202,495500.0,16.0,S,I,8.045206,1.0,9.983389,1.0,KP,1.0,3.0
75043,639.6154,1.937902,164000.0,16.0,S,I,8.045506,0.0,9.983389,1.0,KP,1.0,3.0
75048,639.6644,1.9377529999999998,822000.0,16.0,S,I,8.045655,2.0,9.983389,1.0,KP,1.0,3.0
75091,640.361,1.935645,605400.0,16.0,S,I,7.866308999999999,1.0,9.801935,2.0,KP,1.0,5.0
75116,640.8157,1.9342720000000002,1003000.0,16.0,S,I,7.867683,2.0,9.801935,2.0,KP,1.0,5.0
75168,641.5522,1.9320509999999997,1414000.0,16.0,S,I,7.869903,3.0,9.801935,2.0,KP,1.0,5.0
75907,653.558,1.8965599999999998,2607000.0,16.0,S,I,8.045206,1.0,9.941747,1.0,KP,1.0,3.0
75911,653.6336,1.896341,1969000.0,16.0,S,I,8.045206,1.0,9.941528,2.0,KP,1.0,5.0
75915,653.6614,1.8962599999999998,2607000.0,16.0,S,I,8.045506,0.0,9.941747,1.0,KP,1.0,3.0
75918,653.7126,1.8961119999999998,73450.0,16.0,S,I,8.045655,2.0,9.941747,1.0,KP,1.0,3.0
75925,653.7882,1.895892,1563000.0,16.0,S,I,8.045655,2.0,9.941528,2.0,KP,1.0,5.0
75934,653.8596,1.8956849999999998,2617000.0,16.0,S,I,8.045655,2.0,9.941321,3.0,KP,1.0,7.0
77243,674.344,1.8381009999999998,7873000.0,16.0,S,I,7.866308999999999,1.0,9.704392,0.0,NBS,1.0,1.0
77244,674.3531,1.8380759999999998,5875000.0,16.0,S,I,7.866308999999999,1.0,9.704367,1.0,NBS,1.0,3.0
77245,674.364,1.8380459999999998,2736000.0,16.0,S,I,7.866308999999999,1.0,9.704336999999999,2.0,NBS,1.0,5.0
77280,674.8573,1.836703,1988000.0,16.0,S,I,7.867683,2.0,9.704367,1.0,NBS,1.0,3.0
77281,674.8682,1.836673,4640000.0,16.0,S,I,7.867683,2.0,9.704336999999999,2.0,NBS,1.0,5.0
77283,674.8837,1.8366310000000001,5252000.0,16.0,S,I,7.867683,2.0,9.704295,3.0,NBS,1.0,7.0
77343,675.6851,1.834452,507500.0,16.0,S,I,7.869903,3.0,9.704336999999999,2.0,NBS,1.0,5.0
77344,675.7007,1.8344099999999999,2626000.0,16.0,S,I,7.869903,3.0,9.704295,3.0,NBS,1.0,7.0
77347,675.7171,1.834366,7945000.0,16.0,S,I,7.869903,3.0,9.704251,4.0,NBS,1.0,9.0
78816,699.2846,1.772544,886000.0,16.0,S,I,8.045206,1.0,9.817732000000001,1.0,KP,1.0,3.0
78826,699.4031,1.772243,293300.0,16.0,S,I,8.045506,0.0,9.817732000000001,1.0,KP,1.0,3.0
78829,699.4616,1.772095,1470000.0,16.0,S,I,8.045655,2.0,9.817732000000001,1.0,KP,1.0,3.0
79774,716.2086,1.730659,1669000.0,16.0,S,I,8.415754,4.0,10.146396000000001,5.0,KP,1.0,11.0
79775,716.2086,1.730659,281600.0,16.0,S,I,8.415754,4.0,10.146396000000001,4.0,KP,1.0,9.0
79776,716.2086,1.730659,23920.0,16.0,S,I,8.415754,4.0,10.146396000000001,3.0,KP,1.0,7.0
79799,716.5435,1.72985,787600.0,16.0,S,I,8.416563,0.0,10.146396000000001,1.0,KP,1.0,3.0
79805,716.6142,1.7296790000000002,787400.0,16.0,S,I,8.416734,1.0,10.146396000000001,1.0,KP,1.0,3.0
79806,716.6142,1.7296790000000002,942600.0,16.0,S,I,8.416734,1.0,10.146396000000001,2.0,KP,1.0,5.0
79810,716.733,1.729393,111200.0,16.0,S,I,8.417019999999999,2.0,10.146396000000001,1.0,KP,1.0,3.0
79811,716.733,1.729393,1143000.0,16.0,S,I,8.417019999999999,2.0,10.146396000000001,3.0,KP,1.0,7.0
79812,716.733,1.729393,667100.0,16.0,S,I,8.417019999999999,2.0,10.146396000000001,2.0,KP,1.0,5.0
79818,716.8444,1.729124,1409000.0,16.0,S,I,8.417289,3.0,10.146396000000001,4.0,KP,1.0,9.0
79819,716.8444,1.729124,66690.0,16.0,S,I,8.417289,3.0,10.146396000000001,2.0,KP,1.0,5.0
79820,716.8444,1.729124,510400.0,16.0,S,I,8.417289,3.0,10.146396000000001,3.0,KP,1.0,7.0
80231,724.2509,1.711441,2123000.0,16.0,S,I,8.045206,1.0,9.75663,1.0,KP,1.0,3.0
80234,724.3118,1.711297,2372000.0,16.0,S,I,8.045206,1.0,9.756486,2.0,KP,1.0,5.0
80235,724.378,1.711141,1765000.0,16.0,S,I,8.045506,0.0,9.75663,1.0,KP,1.0,3.0
80239,724.4408,1.710993,88460.0,16.0,S,I,8.045655,2.0,9.75663,1.0,KP,1.0,3.0
80243,724.4791,1.7109020000000001,3153000.0,16.0,S,I,8.045655,2.0,9.75654,3.0,KP,1.0,7.0
80246,724.5017,1.710849,803200.0,16.0,S,I,8.045655,2.0,9.756486,2.0,KP,1.0,5.0
81280,744.3248,1.665285,2506000.0,16.0,S,I,8.415754,4.0,10.081022,5.0,KP,1.0,11.0
81282,744.3248,1.665285,35910.0,16.0,S,I,8.415754,4.0,10.081022,3.0,KP,1.0,7.0
81283,744.3248,1.665285,422800.0,16.0,S,I,8.415754,4.0,10.081022,4.0,KP,1.0,9.0
81299,744.6865,1.6644759999999998,1183000.0,16.0,S,I,8.416563,0.0,10.081022,1.0,KP,1.0,3.0
81304,744.7629,1.664306,1415000.0,16.0,S,I,8.416734,1.0,10.081022,2.0,KP,1.0,5.0
81305,744.7629,1.664306,1182000.0,16.0,S,I,8.416734,1.0,10.081022,1.0,KP,1.0,3.0
81314,744.8912,1.664019,166900.0,16.0,S,I,8.417019999999999,2.0,10.081022,1.0,KP,1.0,3.0
81315,744.8912,1.664019,1716000.0,16.0,S,I,8.417019999999999,2.0,10.081022,3.0,KP,1.0,7.0
81316,744.8912,1.664019,1002000.0,16.0,S,I,8.417019999999999,2.0,10.081022,2.0,KP,1.0,5.0
81320,745.0116,1.66375,2115000.0,16.0,S,I,8.417289,3.0,10.081022,4.0,KP,1.0,9.0
81321,745.0116,1.66375,100100.0,16.0,S,I,8.417289,3.0,10.081022,2.0,KP,1.0,5.0
81322,745.0116,1.66375,749000.0,16.0,S,I,8.417289,3.0,10.081022,3.0,KP,1.0,7.0
81406,746.8588,1.6596349999999997,2706000.0,16.0,S,I,7.867683,2.0,9.527301,3.0,GUES,1.0,7.0
81455,747.8594,1.657415,1074000.0,16.0,S,I,7.869903,3.0,9.527301,3.0,GUES,1.0,7.0
82520,767.962,1.6140290000000002,1271000.0,16.0,S,I,7.866308999999999,1.0,9.480323,2.0,KP,1.0,5.0
82552,768.616,1.6126559999999999,2106000.0,16.0,S,I,7.867683,2.0,9.480323,2.0,KP,1.0,5.0
82623,769.6758,1.610436,2899000.0,16.0,S,I,7.869903,3.0,9.480323,2.0,KP,1.0,5.0
83710,792.3763,1.5642989999999999,56350.0,16.0,S,I,8.415754,4.0,9.980037,3.0,KP,1.0,7.0
83711,792.3763,1.5642989999999999,663400.0,16.0,S,I,8.415754,4.0,9.980037,4.0,KP,1.0,9.0
83712,792.3763,1.5642989999999999,3932000.0,16.0,S,I,8.415754,4.0,9.980037,5.0,KP,1.0,11.0
83733,792.7862,1.56349,1855000.0,16.0,S,I,8.416563,0.0,9.980037,1.0,KP,1.0,3.0
83736,792.8728,1.5633190000000001,2221000.0,16.0,S,I,8.416734,1.0,9.980037,2.0,KP,1.0,5.0
83737,792.8728,1.5633190000000001,1855000.0,16.0,S,I,8.416734,1.0,9.980037,1.0,KP,1.0,3.0
83740,793.0182,1.563033,261900.0,16.0,S,I,8.417019999999999,2.0,9.980037,1.0,KP,1.0,3.0
83741,793.0182,1.563033,1572000.0,16.0,S,I,8.417019999999999,2.0,9.980037,2.0,KP,1.0,5.0
83742,793.0182,1.563033,2693000.0,16.0,S,I,8.417019999999999,2.0,9.980037,3.0,KP,1.0,7.0
83756,793.1547,1.562764,1202000.0,16.0,S,I,8.417289,3.0,9.980037,3.0,KP,1.0,7.0
83757,793.1547,1.562764,3318000.0,16.0,S,I,8.417289,3.0,9.980037,4.0,KP,1.0,9.0
83758,793.1547,1.562764,157100.0,16.0,S,I,8.417289,3.0,9.980037,2.0,KP,1.0,5.0
