,Wl/nm,E_Photon,A-Value,Elem. num,Element,ion state,E_lower_lev.,J_lower,E_upper_lev.,J_upper,Ref.,ion state num,g_j
46,200.4008,6.184872,1782000.0,14.0,Si,I,1.908659,0.0,8.093469,1.0,K,1.0,3.0
123,200.9768,6.167149,2423000.0,14.0,Si,I,1.908659,0.0,8.075745,1.0,K,1.0,3.0
217,201.5964,6.1481959999999996,623400.0,14.0,Si,I,1.908659,0.0,8.056792999999999,1.0,K,1.0,3.0
238,201.7441,6.143696,3500000.0,14.0,Si,I,1.908659,0.0,8.052292999999999,1.0,K,1.0,3.0
310,202.207,6.129633,739800.0,14.0,Si,I,1.908659,0.0,8.03823,1.0,K,1.0,3.0
383,202.7535,6.113112999999999,5009000.0,14.0,Si,I,1.908659,0.0,8.021711,1.0,K,1.0,3.0
420,203.0156,6.1052230000000005,835000.0,14.0,Si,I,1.908659,0.0,8.013819999999999,1.0,K,1.0,3.0
553,204.0191,6.075199,938400.0,14.0,Si,I,1.908659,0.0,7.983796000000001,1.0,K,1.0,3.0
606,204.4624,6.062028,2140000.0,14.0,Si,I,1.908659,0.0,7.970625,1.0,K,1.0,3.0
746,205.8133,6.0222430000000005,48950000.0,14.0,Si,I,0.780958,2.0,6.803141,1.0,KP,1.0,3.0
853,206.7335,5.995442,3475000.0,14.0,Si,I,1.908659,0.0,7.904041,1.0,K,1.0,3.0
1011,208.2021,5.953157,3025000.0,14.0,Si,I,0.780958,2.0,6.734055000000001,1.0,K,1.0,3.0
1038,208.4462,5.946184,5858000.0,14.0,Si,I,0.780958,2.0,6.727083,3.0,K,1.0,7.0
1082,208.7611,5.937218,735200.0,14.0,Si,I,0.780958,2.0,6.718116,1.0,K,1.0,3.0
1167,209.4184,5.918584,674100.0,14.0,Si,I,1.908659,0.0,7.827183,1.0,K,1.0,3.0
1297,210.3204,5.893205,5741000.0,14.0,Si,I,1.908659,0.0,7.801805,1.0,K,1.0,3.0
1487,211.4753,5.861025,760700.0,14.0,Si,I,1.908659,0.0,7.769625,1.0,K,1.0,3.0
1594,212.299,5.838286,59960000.0,14.0,Si,I,0.780958,2.0,6.619186,1.0,K,1.0,3.0
1609,212.4122,5.835175,720100000.0,14.0,Si,I,0.780958,2.0,6.616075,3.0,K,1.0,7.0
2000,215.0452,5.76374,1212000.0,14.0,Si,I,1.908659,0.0,7.672341,1.0,K,1.0,3.0
2234,216.7699,5.717886,10160000.0,14.0,Si,I,1.908659,0.0,7.626486999999999,1.0,K,1.0,3.0
2377,217.7431,5.6923330000000005,4559000.0,14.0,Si,I,1.908659,0.0,7.600934,1.0,K,1.0,3.0
2794,220.7978,5.613588,53670000.0,14.0,Si,I,0.0,0.0,5.613532,1.0,K,1.0,3.0
2833,221.0892,5.606189,70750000.0,14.0,Si,I,0.009561,1.0,5.615694,2.0,K,1.0,5.0
2850,221.1745,5.604026999999999,39110000.0,14.0,Si,I,0.009561,1.0,5.613532,1.0,K,1.0,3.0
2918,221.6669,5.591581,90650000.0,14.0,Si,I,0.027668,2.0,5.619193,3.0,K,1.0,7.0
2936,221.8057,5.588082,22440000.0,14.0,Si,I,0.027668,2.0,5.615694,2.0,K,1.0,5.0
2952,221.8916,5.58592,2457000.0,14.0,Si,I,0.027668,2.0,5.613532,1.0,K,1.0,3.0
3555,225.9581,5.485401,2447000.0,14.0,Si,I,1.908659,0.0,7.394004,1.0,K,1.0,3.0
4048,228.9608,5.413469,17270000.0,14.0,Si,I,1.908659,0.0,7.322074000000001,1.0,K,1.0,3.0
4265,230.3058,5.381856,26430000.0,14.0,Si,I,1.908659,0.0,7.29046,1.0,K,1.0,3.0
6943,243.5154,5.089938,46970000.0,14.0,Si,I,0.780958,2.0,5.870844,2.0,K,1.0,5.0
7035,243.8768,5.082397,541300.0,14.0,Si,I,0.0,0.0,5.082346,1.0,K,1.0,3.0
7125,244.3365,5.072836,531800.0,14.0,Si,I,0.009561,1.0,5.082346,1.0,K,1.0,3.0
7323,245.2118,5.054729,396900.0,14.0,Si,I,0.027668,2.0,5.082346,1.0,K,1.0,3.0
8663,250.6897,4.944284,46410000.0,14.0,Si,I,0.009561,1.0,4.9537949999999995,2.0,GARZ,1.0,5.0
8869,251.4316,4.929696,61080000.0,14.0,Si,I,0.0,0.0,4.929647,1.0,GARZ,1.0,3.0
8911,251.6112,4.926177,121200000.0,14.0,Si,I,0.027668,2.0,4.9537949999999995,2.0,GARZ,1.0,5.0
9012,251.9202,4.920135,45100000.0,14.0,Si,I,0.009561,1.0,4.929647,1.0,GARZ,1.0,3.0
9173,252.4108,4.910573,181800000.0,14.0,Si,I,0.009561,1.0,4.920085,0.0,GARZ,1.0,1.0
9307,252.8508,4.902028,76040000.0,14.0,Si,I,0.027668,2.0,4.929647,1.0,GARZ,1.0,3.0
9404,253.2381,4.894531,26280000.0,14.0,Si,I,1.908659,0.0,6.803141,1.0,GARZ,1.0,3.0
10715,257.7153,4.809506,1943000.0,14.0,Si,I,1.908659,0.0,6.718116,1.0,K,1.0,3.0
12209,263.1282,4.710573999999999,96920000.0,14.0,Si,I,1.908659,0.0,6.619186,1.0,GARZ,1.0,3.0
19092,288.1578,4.301431,189400000.0,14.0,Si,I,0.780958,2.0,5.082346,1.0,GARZ,1.0,3.0
21844,298.7643,4.148731,2377000.0,14.0,Si,I,0.780958,2.0,4.929647,1.0,GARZ,1.0,3.0
42776,385.3665,3.216427,3412000.0,14.01,Si,II,6.8574850000000005,1.5,10.07388,1.5,BBCB,2.0,4.0
42833,385.6018,3.214464,31080000.0,14.01,Si,II,6.8594479999999995,2.5,10.07388,1.5,BBCB,2.0,4.0
42980,386.2595,3.20899,34050000.0,14.01,Si,II,6.8574850000000005,1.5,10.066443,0.5,BBCB,2.0,2.0
44055,390.5523,3.1737189999999997,11840000.0,14.0,Si,I,1.908659,0.0,5.082346,1.0,GARZ,1.0,3.0
52347,429.6087,2.8851970000000002,134500.0,14.0,Si,I,4.9537949999999995,2.0,7.838963000000001,2.0,KP,1.0,5.0
53814,437.2854,2.834547,861500.0,14.0,Si,I,4.920085,0.0,7.754604,1.0,KP,1.0,3.0
54084,438.7655,2.824985,1209000.0,14.0,Si,I,4.929647,1.0,7.754604,1.0,KP,1.0,3.0
54142,439.1043,2.822806,159100.0,14.0,Si,I,4.920085,0.0,7.742863000000001,1.0,KP,1.0,3.0
54179,439.256,2.821831,830800.0,14.0,Si,I,4.929647,1.0,7.75145,2.0,KP,1.0,5.0
54586,441.5474,2.807187,305500.0,14.0,Si,I,4.9537949999999995,2.0,7.760953999999999,2.0,KP,1.0,5.0
54633,441.8314,2.805383,1184000.0,14.0,Si,I,5.082346,1.0,7.887701,0.0,KP,1.0,1.0
54766,442.5486,2.800837,192700.0,14.0,Si,I,4.9537949999999995,2.0,7.754604,1.0,KP,1.0,3.0
54862,443.0475,2.797683,1052000.0,14.0,Si,I,4.9537949999999995,2.0,7.75145,2.0,KP,1.0,5.0
54889,443.1691,2.7969150000000003,833200.0,14.0,Si,I,4.929647,1.0,7.726534,0.0,KP,1.0,1.0
55110,444.4116,2.789095,1050000.0,14.0,Si,I,4.9537949999999995,2.0,7.742863000000001,1.0,KP,1.0,3.0
55216,444.9926,2.785454,1521000.0,14.0,Si,I,4.9537949999999995,2.0,7.739221000000001,3.0,KP,1.0,7.0
55851,448.7688,2.762016,398900.0,14.0,Si,I,4.9537949999999995,2.0,7.715783,2.0,KP,1.0,5.0
56139,450.5931,2.7508340000000002,774800.0,14.0,Si,I,4.9537949999999995,2.0,7.704600999999999,1.0,KP,1.0,3.0
57609,460.1257,2.693845,2389000.0,14.0,Si,I,5.082346,1.0,7.776164,0.0,KP,1.0,1.0
57975,462.7383,2.678636,1880000.0,14.0,Si,I,5.082346,1.0,7.760953999999999,2.0,KP,1.0,5.0
58181,464.3861,2.669131,97980.0,14.0,Si,I,5.082346,1.0,7.75145,2.0,KP,1.0,5.0
58364,465.885,2.660544,323700.0,14.0,Si,I,5.082346,1.0,7.742863000000001,1.0,KP,1.0,3.0
58963,470.6757,2.633464,281500.0,14.0,Si,I,5.082346,1.0,7.715783,2.0,KP,1.0,5.0
59168,472.1571,2.6252020000000003,951900.0,14.0,Si,I,4.920085,0.0,7.545260000000001,1.0,KP,1.0,3.0
59241,472.6829,2.622282,99450.0,14.0,Si,I,5.082346,1.0,7.704600999999999,1.0,KP,1.0,3.0
59419,473.8832,2.61564,1398000.0,14.0,Si,I,4.929647,1.0,7.545260000000001,1.0,KP,1.0,3.0
59541,474.7993,2.610593,1052000.0,14.0,Si,I,4.929647,1.0,7.540214,2.0,KP,1.0,5.0
59637,475.5276,2.606595,215000.0,14.0,Si,I,4.920085,0.0,7.526654,1.0,KP,1.0,3.0
59694,475.8975,2.6045689999999997,218700.0,14.0,Si,I,4.9537949999999995,2.0,7.558338000000001,2.0,KP,1.0,5.0
59979,478.2991,2.591491,329100.0,14.0,Si,I,4.9537949999999995,2.0,7.545260000000001,1.0,KP,1.0,3.0
60097,479.2213,2.586504,1297000.0,14.0,Si,I,4.929647,1.0,7.516125,0.0,KP,1.0,1.0
60098,479.2324,2.5864439999999997,1270000.0,14.0,Si,I,4.9537949999999995,2.0,7.540214,2.0,KP,1.0,5.0
60409,481.7581,2.572884,1178000.0,14.0,Si,I,4.9537949999999995,2.0,7.526654,1.0,KP,1.0,3.0
60416,481.8052,2.572633,1710000.0,14.0,Si,I,4.9537949999999995,2.0,7.526402,3.0,KP,1.0,7.0
60460,482.1167,2.570971,73890.0,14.0,Si,I,4.929647,1.0,7.500592,2.0,KP,1.0,5.0
60488,482.3319,2.569824,97740.0,14.0,Si,I,4.929647,1.0,7.499445,1.0,KP,1.0,3.0
60560,483.0008,2.566265,117200.0,14.0,Si,I,4.920085,0.0,7.486324000000001,1.0,KP,1.0,3.0
60698,483.9858,2.561042,180000.0,14.0,Si,I,5.082346,1.0,7.643362,2.0,GUES,1.0,5.0
60815,484.8073,2.5567029999999997,172000.0,14.0,Si,I,4.929647,1.0,7.486324000000001,1.0,KP,1.0,3.0
60873,485.1539,2.5548759999999997,179100.0,14.0,Si,I,5.082346,1.0,7.6371970000000005,2.0,GUES,1.0,5.0
61050,486.688,2.546823,525300.0,14.0,Si,I,4.9537949999999995,2.0,7.500592,2.0,KP,1.0,5.0
61073,486.9074,2.545675,761800.0,14.0,Si,I,4.9537949999999995,2.0,7.499445,1.0,KP,1.0,3.0
61713,492.1727,2.518442,55040.0,14.0,Si,I,5.082346,1.0,7.600762,2.0,GUES,1.0,5.0
62014,494.7607,2.5052689999999997,4122000.0,14.0,Si,I,5.082346,1.0,7.587589,0.0,KP,1.0,1.0
62686,500.6059,2.4760169999999997,2488000.0,14.0,Si,I,5.082346,1.0,7.558338000000001,2.0,KP,1.0,5.0
63968,512.5601,2.418271,260300.0,14.0,Si,I,5.082346,1.0,7.500592,2.0,KP,1.0,5.0
63996,512.8034,2.417123,212300.0,14.0,Si,I,5.082346,1.0,7.499445,1.0,GUES,1.0,3.0
64145,514.5039,2.409135,50370.0,14.0,Si,I,4.929647,1.0,7.338758,2.0,GUES,1.0,5.0
64274,515.6022,2.404003,264300.0,14.0,Si,I,5.082346,1.0,7.486324000000001,1.0,KP,1.0,3.0
64406,516.864,2.398134,191800.0,14.0,Si,I,5.619193,3.0,8.017303,4.0,KP,1.0,9.0
65383,525.8842,2.357001,22750000.0,14.0,Si,I,5.615694,2.0,7.972671000000001,3.0,KP,1.0,7.0
65403,526.0658,2.356187,4137000.0,14.0,Si,I,5.615694,2.0,7.971858,3.0,KP,1.0,7.0
65478,526.666,2.353502,3355000.0,14.0,Si,I,5.619193,3.0,7.972671000000001,3.0,KP,1.0,7.0
65495,526.8387,2.3527310000000003,7019000.0,14.0,Si,I,5.619193,3.0,7.9719,4.0,KP,1.0,9.0
65496,526.8481,2.352688,88190.0,14.0,Si,I,5.619193,3.0,7.971858,3.0,KP,1.0,7.0
66204,533.3241,2.324121,44760000.0,14.0,Si,I,5.613532,1.0,7.93763,2.0,KP,1.0,5.0
66249,533.7988,2.322054,31920000.0,14.0,Si,I,5.615694,2.0,7.937725,3.0,KP,1.0,7.0
66251,533.8207,2.321959,10970000.0,14.0,Si,I,5.615694,2.0,7.93763,2.0,KP,1.0,5.0
66255,533.8749,2.321723,42060.0,14.0,Si,I,5.615694,2.0,7.937394,3.0,KP,1.0,7.0
66335,534.6043,2.318555,5281000.0,14.0,Si,I,5.619193,3.0,7.937725,3.0,KP,1.0,7.0
66337,534.6263,2.31846,523400.0,14.0,Si,I,5.619193,3.0,7.93763,2.0,KP,1.0,5.0
66346,534.6604,2.3183119999999997,236300.0,14.0,Si,I,5.619193,3.0,7.937482000000001,4.0,KP,1.0,9.0
66951,540.3704,2.293815,109500.0,14.0,Si,I,5.615694,2.0,7.909486,2.0,KP,1.0,5.0
66961,540.4665,2.2934069999999998,13470000.0,14.0,Si,I,5.613532,1.0,7.906916000000001,2.0,KP,1.0,5.0
67008,540.9766,2.291245,1376000.0,14.0,Si,I,5.615694,2.0,7.906916000000001,2.0,KP,1.0,5.0
67010,540.9851,2.291209,6644000.0,14.0,Si,I,5.615694,2.0,7.90688,3.0,KP,1.0,7.0
67039,541.3099,2.289834,6337000.0,14.0,Si,I,5.615694,2.0,7.905505000000001,3.0,KP,1.0,7.0
67081,541.8039,2.287746,54600.0,14.0,Si,I,5.619193,3.0,7.906916000000001,2.0,KP,1.0,5.0
67083,541.8124,2.2877099999999997,1151000.0,14.0,Si,I,5.619193,3.0,7.90688,3.0,KP,1.0,7.0
67112,542.1168,2.2864259999999996,141700.0,14.0,Si,I,5.619193,3.0,7.905596000000001,4.0,KP,1.0,9.0
67118,542.1383,2.286335,1073000.0,14.0,Si,I,5.619193,3.0,7.905505000000001,3.0,KP,1.0,7.0
67807,548.8983,2.258178,13060000.0,14.0,Si,I,5.613532,1.0,7.871687,2.0,KP,1.0,5.0
67839,549.3224,2.256434,196900.0,14.0,Si,I,5.082346,1.0,7.338758,2.0,MIL,1.0,5.0
67850,549.3876,2.256167,7569000.0,14.0,Si,I,5.615694,2.0,7.871839,3.0,KP,1.0,7.0
67852,549.4244,2.256016,2318000.0,14.0,Si,I,5.615694,2.0,7.871687,2.0,KP,1.0,5.0
67858,549.4676,2.2558380000000002,792300.0,14.0,Si,I,5.615694,2.0,7.871510000000001,3.0,KP,1.0,7.0
67935,550.2409,2.252668,1224000.0,14.0,Si,I,5.619193,3.0,7.871839,3.0,KP,1.0,7.0
67939,550.2778,2.2525169999999997,87850.0,14.0,Si,I,5.619193,3.0,7.871687,2.0,KP,1.0,5.0
67941,550.2939,2.2524509999999998,75590.0,14.0,Si,I,5.619193,3.0,7.871622,4.0,KP,1.0,9.0
67943,550.3211,2.2523400000000002,134100.0,14.0,Si,I,5.619193,3.0,7.871510000000001,3.0,KP,1.0,7.0
68085,551.7533,2.246493,180900.0,14.0,Si,I,5.082346,1.0,7.328817,2.0,MIL,1.0,5.0
68597,556.9698,2.225453,650500.0,14.0,Si,I,5.613532,1.0,7.838963000000001,2.0,KP,1.0,5.0
68655,557.5115,2.223291,2412000.0,14.0,Si,I,5.615694,2.0,7.838963000000001,2.0,KP,1.0,5.0
68737,558.3902,2.219792,324400.0,14.0,Si,I,5.619193,3.0,7.838963000000001,2.0,KP,1.0,5.0
68933,560.2877,2.212275,154200.0,14.0,Si,I,4.9537949999999995,2.0,7.166048,2.0,KP,1.0,5.0
69105,562.1608,2.204903,133400.0,14.0,Si,I,5.082346,1.0,7.287227000000001,2.0,GUES,1.0,5.0
69344,564.5033,2.195754,277600.0,14.0,Si,I,5.613532,1.0,7.809264,1.0,KP,1.0,3.0
69350,564.5613,2.195528,303000.0,14.0,Si,I,4.929647,1.0,7.125153,2.0,GARZ,1.0,5.0
69401,565.0483,2.193636,166200.0,14.0,Si,I,5.615694,2.0,7.809308000000001,2.0,KP,1.0,5.0
69435,565.4919,2.1919150000000003,4898000.0,14.0,Si,I,5.613532,1.0,7.805425,2.0,KP,1.0,5.0
69484,566.0504,2.189753,910300.0,14.0,Si,I,5.615694,2.0,7.805425,2.0,KP,1.0,5.0
69485,566.0677,2.189686,2056000.0,14.0,Si,I,5.615694,2.0,7.805358,3.0,KP,1.0,7.0
69536,566.5555,2.187801,631400.0,14.0,Si,I,4.920085,0.0,7.107864,1.0,GARZ,1.0,3.0
69545,566.6677,2.1873669999999996,2643000.0,14.0,Si,I,5.615694,2.0,7.803039999999999,3.0,KP,1.0,7.0
69568,566.9562,2.186254,73760.0,14.0,Si,I,5.619193,3.0,7.805425,2.0,KP,1.0,5.0
69570,566.9736,2.186187,1354000.0,14.0,Si,I,5.619193,3.0,7.805358,3.0,KP,1.0,7.0
69572,566.9747,2.186183,405300.0,14.0,Si,I,5.862476,1.0,8.048638,2.0,KP,1.0,5.0
69620,567.5417,2.183999,2146000.0,14.0,Si,I,5.619193,3.0,7.80317,4.0,KP,1.0,9.0
69625,567.5756,2.183869,490600.0,14.0,Si,I,5.619193,3.0,7.803039999999999,3.0,KP,1.0,7.0
69699,568.4484,2.180515,1540000.0,14.0,Si,I,4.9537949999999995,2.0,7.134289,1.0,GARZ,1.0,3.0
69754,569.0425,2.178239,925700.0,14.0,Si,I,4.929647,1.0,7.107864,1.0,GARZ,1.0,3.0
69842,570.1104,2.174159,1828000.0,14.0,Si,I,4.929647,1.0,7.103783999999999,0.0,GARZ,1.0,1.0
69918,570.84,2.17138,1386000.0,14.0,Si,I,4.9537949999999995,2.0,7.125153,2.0,GARZ,1.0,5.0
70136,573.1434,2.1626529999999997,227700.0,14.0,Si,I,5.613532,1.0,7.776164,0.0,KP,1.0,1.0
70270,574.4308,2.157807,113900.0,14.0,Si,I,5.862476,1.0,8.020261,2.0,KP,1.0,5.0
70306,574.7667,2.156546,6698000.0,14.0,Si,I,5.613532,1.0,7.770055999999999,2.0,KP,1.0,5.0
70373,575.3436,2.154383,699900.0,14.0,Si,I,5.615694,2.0,7.770055999999999,2.0,KP,1.0,5.0
70375,575.3623,2.154313,4255000.0,14.0,Si,I,5.615694,2.0,7.769986,3.0,KP,1.0,7.0
70377,575.4067,2.154147,345800.0,14.0,Si,I,5.615694,2.0,7.769819999999999,3.0,KP,1.0,7.0
70470,576.2977,2.150816,1043000.0,14.0,Si,I,5.619193,3.0,7.769988000000001,4.0,KP,1.0,9.0
70471,576.2982,2.150815,336900.0,14.0,Si,I,5.619193,3.0,7.769986,3.0,KP,1.0,7.0
70560,577.2146,2.1474,3558000.0,14.0,Si,I,5.082346,1.0,7.229724000000001,0.0,GARZ,1.0,1.0
70639,578.0384,2.14434,297100.0,14.0,Si,I,4.920085,0.0,7.0644029999999995,1.0,GARZ,1.0,3.0
70713,578.7284,2.141783,120200.0,14.0,Si,I,5.619193,3.0,7.760953999999999,2.0,KP,1.0,5.0
70773,579.3073,2.139643,346000.0,14.0,Si,I,4.929647,1.0,7.069267999999999,2.0,GARZ,1.0,5.0
70792,579.5,2.138931,123200.0,14.0,Si,I,5.615694,2.0,7.754604,1.0,KP,1.0,3.0
70816,579.7688,2.137939,67360.0,14.0,Si,I,5.613532,1.0,7.75145,2.0,KP,1.0,5.0
70819,579.7856,2.1378779999999997,252500.0,14.0,Si,I,4.9537949999999995,2.0,7.091651,3.0,GARZ,1.0,7.0
70861,580.3559,2.135777,585500.0,14.0,Si,I,5.615694,2.0,7.75145,2.0,KP,1.0,5.0
70962,581.3081,2.132278,160700.0,14.0,Si,I,5.619193,3.0,7.75145,2.0,KP,1.0,5.0
71041,582.107,2.129352,161000.0,14.0,Si,I,5.613532,1.0,7.742863000000001,1.0,KP,1.0,3.0
71098,582.6987,2.12719,78680.0,14.0,Si,I,5.615694,2.0,7.742863000000001,1.0,KP,1.0,3.0
71274,584.6612,2.12005,51880.0,14.0,Si,I,5.619193,3.0,7.739221000000001,3.0,KP,1.0,7.0
71279,584.7268,2.119812,138900.0,14.0,Si,I,4.920085,0.0,7.039876,1.0,KP,1.0,3.0
71430,586.6054,2.113023,1470000.0,14.0,Si,I,5.613532,1.0,7.726534,0.0,KP,1.0,1.0
71496,587.3764,2.11025,158100.0,14.0,Si,I,4.929647,1.0,7.039876,1.0,KP,1.0,3.0
71683,589.6052,2.102273,76520.0,14.0,Si,I,5.613532,1.0,7.715783,2.0,KP,1.0,5.0
71687,589.7244,2.101848,109000.0,14.0,Si,I,5.870844,2.0,7.972671000000001,3.0,KP,1.0,7.0
71695,589.8,2.101578,171900.0,14.0,Si,I,5.613532,1.0,7.715089,1.0,KP,1.0,3.0
71737,590.2123,2.10011,98380.0,14.0,Si,I,5.615694,2.0,7.715783,2.0,KP,1.0,5.0
71756,590.4075,2.099416,259700.0,14.0,Si,I,5.615694,2.0,7.715089,1.0,KP,1.0,3.0
71806,591.1973,2.0966110000000002,347900.0,14.0,Si,I,5.619193,3.0,7.715783,2.0,KP,1.0,5.0
71847,591.6723,2.094928,57640.0,14.0,Si,I,5.95373,1.0,8.048638,2.0,KP,1.0,5.0
71930,592.7582,2.0910900000000003,381100.0,14.0,Si,I,5.613532,1.0,7.704600999999999,1.0,KP,1.0,3.0
72067,594.3075,2.085639,170100.0,14.0,Si,I,5.963928,2.0,8.049546000000001,3.0,KP,1.0,7.0
72081,594.5665,2.08473,50880.0,14.0,Si,I,5.963928,2.0,8.048638,2.0,KP,1.0,5.0
72100,594.8541,2.083723,2219000.0,14.0,Si,I,5.082346,1.0,7.166048,2.0,GARZ,1.0,5.0
72164,595.7559,2.0805689999999997,46960000.0,14.01,Si,II,10.066443,0.5,12.146991,0.5,SG,2.0,2.0
72317,597.893,2.0731319999999998,94100000.0,14.01,Si,II,10.07388,1.5,12.146991,0.5,SG,2.0,2.0
72478,599.6954,2.0669009999999997,83740.0,14.0,Si,I,5.870844,2.0,7.937725,3.0,KP,1.0,7.0
72484,599.7231,2.066806,147600.0,14.0,Si,I,5.870844,2.0,7.93763,2.0,KP,1.0,5.0
72493,599.7914,2.06657,83710.0,14.0,Si,I,5.870844,2.0,7.937394,3.0,KP,1.0,7.0
72511,600.0855,2.0655580000000002,449100.0,14.0,Si,I,5.98401,3.0,8.049546000000001,3.0,KP,1.0,7.0
72533,600.3496,2.064649,198700.0,14.0,Si,I,5.98401,3.0,8.048638,2.0,KP,1.0,5.0
72614,601.2773,2.0614630000000003,43330.0,14.0,Si,I,5.95373,1.0,8.015172999999999,2.0,KP,1.0,5.0
72751,602.9869,2.055619,7745000.0,14.0,Si,I,5.98401,3.0,8.039608,4.0,KP,1.0,9.0
72790,603.7079,2.0531639999999998,238300.0,14.0,Si,I,5.963928,2.0,8.017071000000001,3.0,KP,1.0,7.0
72830,604.2665,2.051266,59220.0,14.0,Si,I,5.963928,2.0,8.015172999999999,2.0,KP,1.0,5.0
72981,606.7624,2.042828,37920.0,14.0,Si,I,5.082346,1.0,7.125153,2.0,KP,1.0,5.0
73000,607.1318,2.041585,141300.0,14.0,Si,I,5.862476,1.0,7.904041,1.0,KP,1.0,3.0
73039,608.0022,2.038662,180800.0,14.0,Si,I,5.870844,2.0,7.909486,2.0,KP,1.0,5.0
73095,608.7697,2.036092,57020.0,14.0,Si,I,5.870844,2.0,7.906916000000001,2.0,KP,1.0,5.0
73096,608.7805,2.0360560000000003,645500.0,14.0,Si,I,5.870844,2.0,7.90688,3.0,KP,1.0,7.0
73125,609.1919,2.034681,1022000.0,14.0,Si,I,5.870844,2.0,7.905505000000001,3.0,KP,1.0,7.0
73153,609.6711,2.033082,37900.0,14.0,Si,I,5.98401,3.0,8.017071000000001,3.0,KP,1.0,7.0
73197,610.2136,2.0312740000000002,194000.0,14.0,Si,I,5.98401,3.0,8.015263000000001,3.0,KP,1.0,7.0
73202,610.2408,2.031184,56740.0,14.0,Si,I,5.98401,3.0,8.015172999999999,2.0,KP,1.0,5.0
73235,610.6416,2.029851,183400.0,14.0,Si,I,5.613532,1.0,7.643362,2.0,KP,1.0,5.0
73240,610.6608,2.029787,1110000.0,14.0,Si,I,5.613532,1.0,7.643298,1.0,KP,1.0,3.0
73280,611.2928,2.027688,634500.0,14.0,Si,I,5.615694,2.0,7.643362,2.0,KP,1.0,5.0
73283,611.312,2.027625,392900.0,14.0,Si,I,5.615694,2.0,7.643298,1.0,KP,1.0,3.0
73350,612.3494,2.02419,162500.0,14.0,Si,I,5.619193,3.0,7.643362,2.0,KP,1.0,5.0
73363,612.5021,2.023685,4175000.0,14.0,Si,I,5.613532,1.0,7.6371970000000005,2.0,KP,1.0,5.0
73417,613.1573,2.0215229999999997,2238000.0,14.0,Si,I,5.615694,2.0,7.6371970000000005,2.0,KP,1.0,5.0
73419,613.1852,2.021431,1835000.0,14.0,Si,I,5.615694,2.0,7.637105,3.0,KP,1.0,7.0
73452,613.6551,2.019883,117200.0,14.0,Si,I,5.862476,1.0,7.882339,2.0,KP,1.0,5.0
73471,613.8515,2.019237,878000.0,14.0,Si,I,5.98401,3.0,8.003226,4.0,KP,1.0,9.0
73494,614.2204,2.018024,194200.0,14.0,Si,I,5.619193,3.0,7.6371970000000005,2.0,KP,1.0,5.0
73497,614.2483,2.017932,3035000.0,14.0,Si,I,5.619193,3.0,7.637105,3.0,KP,1.0,7.0
73503,614.3125,2.017721,95500.0,14.0,Si,I,5.963928,2.0,7.981628999999999,1.0,KP,1.0,3.0
73516,614.5016,2.0171,3817000.0,14.0,Si,I,5.615694,2.0,7.632774,3.0,KP,1.0,7.0
73571,615.2292,2.0147150000000003,190900.0,14.0,Si,I,5.963928,2.0,7.9786220000000005,3.0,KP,1.0,7.0
73598,615.5134,2.013784,7783000.0,14.0,Si,I,5.619193,3.0,7.632957000000001,4.0,KP,1.0,9.0
73600,615.5693,2.013602,513100.0,14.0,Si,I,5.619193,3.0,7.632774,3.0,KP,1.0,7.0
73653,616.2297,2.011444,42210.0,14.0,Si,I,5.95373,1.0,7.965153999999999,2.0,KP,1.0,5.0
73723,617.3824,2.007688,24980.0,14.0,Si,I,5.963928,2.0,7.971596000000001,3.0,KP,1.0,7.0
73772,618.0838,2.00541,59520.0,14.0,Si,I,7.871687,2.0,9.877077,1.0,KP,1.0,3.0
73852,619.4416,2.001014,312500.0,14.0,Si,I,5.870844,2.0,7.871839,3.0,KP,1.0,7.0
73858,619.4884,2.0008630000000003,138300.0,14.0,Si,I,5.870844,2.0,7.871687,2.0,KP,1.0,5.0
73863,619.5433,2.000686,393200.0,14.0,Si,I,5.870844,2.0,7.871510000000001,3.0,KP,1.0,7.0
73927,620.8541,1.996462,72270.0,14.0,Si,I,5.98401,3.0,7.9804509999999995,2.0,KP,1.0,5.0
73953,621.4234,1.994633,118000.0,14.0,Si,I,5.98401,3.0,7.9786220000000005,3.0,KP,1.0,7.0
73960,621.5068,1.9943650000000002,480700.0,14.0,Si,I,5.963928,2.0,7.958272999999999,3.0,KP,1.0,7.0
73964,621.5328,1.9942819999999999,134300.0,14.0,Si,I,5.95373,1.0,7.947992,2.0,KP,1.0,5.0
73992,622.0211,1.992716,509700.0,14.0,Si,I,5.862476,1.0,7.855173,2.0,KP,1.0,5.0
74007,622.2682,1.991925,61490.0,14.0,Si,I,5.95373,1.0,7.945635,1.0,KP,1.0,3.0
74045,623.0592,1.989396,79010.0,14.0,Si,I,7.887701,0.0,9.877077,1.0,KP,1.0,3.0
74078,623.6201,1.987607,72270.0,14.0,Si,I,5.98401,3.0,7.971596000000001,3.0,KP,1.0,7.0
74083,623.7319,1.98725,10110000.0,14.0,Si,I,5.613532,1.0,7.600762,2.0,KP,1.0,5.0
74088,623.8286,1.9869430000000001,156600.0,14.0,Si,I,5.082346,1.0,7.069267999999999,2.0,KP,1.0,5.0
74119,624.3815,1.9851830000000001,4148000.0,14.0,Si,I,5.615694,2.0,7.600857,3.0,KP,1.0,7.0
74122,624.4114,1.9850880000000002,731100.0,14.0,Si,I,5.615694,2.0,7.600762,2.0,KP,1.0,5.0
74126,624.4466,1.9849759999999999,4987000.0,14.0,Si,I,5.615694,2.0,7.60065,3.0,KP,1.0,7.0
74178,625.4188,1.981891,4757000.0,14.0,Si,I,5.619193,3.0,7.601064,4.0,KP,1.0,9.0
74186,625.4703,1.981727,183800.0,14.0,Si,I,5.963928,2.0,7.945635,1.0,KP,1.0,3.0
74187,625.4838,1.981684,320900.0,14.0,Si,I,5.619193,3.0,7.600857,3.0,KP,1.0,7.0
74199,625.648,1.981164,66410.0,14.0,Si,I,5.98401,3.0,7.965153999999999,2.0,KP,1.0,5.0
74229,625.9776,1.980121,214700.0,14.0,Si,I,5.95373,1.0,7.933832000000001,2.0,KP,1.0,5.0
74359,627.8287,1.9742830000000002,89760.0,14.0,Si,I,5.98401,3.0,7.958272999999999,3.0,KP,1.0,7.0
74366,627.9343,1.9739509999999998,330400.0,14.0,Si,I,5.862476,1.0,7.8364080000000005,2.0,KP,1.0,5.0
74431,629.2181,1.9699240000000002,150400.0,14.0,Si,I,5.963928,2.0,7.933832000000001,2.0,KP,1.0,5.0
74480,629.9578,1.9676099999999999,82820.0,14.0,Si,I,7.909486,2.0,9.877077,1.0,KP,1.0,3.0
74481,629.9599,1.9676040000000001,590200.0,14.0,Si,I,5.98401,3.0,7.951594,4.0,KP,1.0,9.0
74520,630.5002,1.965918,78620.0,14.0,Si,I,6.082739,1.0,8.048638,2.0,KP,1.0,5.0
74551,630.8825,1.9647259999999998,62640.0,14.0,Si,I,5.862476,1.0,7.827183,1.0,KP,1.0,3.0
74558,630.9902,1.964391,349800.0,14.0,Si,I,5.95373,1.0,7.918102,0.0,KP,1.0,1.0
74563,631.028,1.964274,362000.0,14.0,Si,I,5.963928,2.0,7.9281820000000005,3.0,KP,1.0,7.0
74681,633.1956,1.9575490000000002,554200.0,14.0,Si,I,5.082346,1.0,7.039876,1.0,KP,1.0,3.0
74691,633.4466,1.9567740000000002,115700.0,14.0,Si,I,5.963928,2.0,7.920682000000001,1.0,KP,1.0,3.0
74759,634.7109,1.9528759999999998,81970000.0,14.01,Si,II,8.121023,0.5,10.07388,1.5,BBCB,2.0,4.0
74763,634.7368,1.952796,99940.0,14.0,Si,I,5.95373,1.0,7.906507,2.0,KP,1.0,5.0
74777,635.0545,1.951819,458300.0,14.0,Si,I,5.963928,2.0,7.915728,1.0,KP,1.0,3.0
74785,635.2954,1.951079,82980.0,14.0,Si,I,5.862476,1.0,7.813536,2.0,KP,1.0,5.0
74787,635.336,1.950955,1962000.0,14.0,Si,I,6.098611,2.0,8.049546000000001,3.0,KP,1.0,7.0
74795,635.5394,1.95033,631700.0,14.0,Si,I,5.95373,1.0,7.904041,1.0,KP,1.0,3.0
74802,635.6321,1.950046,1899000.0,14.0,Si,I,6.098611,2.0,8.048638,2.0,KP,1.0,5.0
74887,637.1371,1.945439,81540000.0,14.01,Si,II,8.121023,0.5,10.066443,0.5,BBCB,2.0,2.0
74910,637.546,1.944192,251100.0,14.0,Si,I,5.98401,3.0,7.9281820000000005,3.0,KP,1.0,7.0
74946,638.0689,1.9425990000000002,78560.0,14.0,Si,I,5.963928,2.0,7.906507,2.0,KP,1.0,5.0
74977,638.478,1.941354,353600.0,14.0,Si,I,5.963928,2.0,7.905262,3.0,KP,1.0,7.0
75002,638.88,1.940132,73440.0,14.0,Si,I,5.963928,2.0,7.904041,1.0,KP,1.0,3.0
75015,639.1384,1.9393479999999998,226800.0,14.0,Si,I,5.862476,1.0,7.801805,1.0,KP,1.0,3.0
75028,639.4235,1.9384830000000002,205700.0,14.0,Si,I,5.870844,2.0,7.809308000000001,2.0,KP,1.0,5.0
75030,639.4382,1.938439,86130.0,14.0,Si,I,5.870844,2.0,7.809264,1.0,GUES,1.0,3.0
75051,639.7343,1.937541,132700.0,14.0,Si,I,6.082739,1.0,8.020261,2.0,KP,1.0,5.0
75106,640.707,1.9346,204900.0,14.0,Si,I,5.870844,2.0,7.805425,2.0,KP,1.0,5.0
75109,640.7291,1.9345330000000003,733600.0,14.0,Si,I,5.870844,2.0,7.805358,3.0,KP,1.0,7.0
75159,641.4188,1.932453,115000.0,14.0,Si,I,6.082739,1.0,8.015172999999999,2.0,KP,1.0,5.0
75166,641.498,1.9322150000000002,1838000.0,14.0,Si,I,5.870844,2.0,7.803039999999999,3.0,KP,1.0,7.0
75211,642.3248,1.929727,83420.0,14.0,Si,I,5.95373,1.0,7.883438000000001,1.0,KP,1.0,3.0
75231,642.6291,1.928814,547000.0,14.0,Si,I,5.95373,1.0,7.882525,0.0,KP,1.0,1.0
75234,642.6911,1.9286279999999998,406400.0,14.0,Si,I,5.95373,1.0,7.882339,2.0,KP,1.0,5.0
75285,643.3457,1.926665,373200.0,14.0,Si,I,5.963928,2.0,7.890574000000001,3.0,KP,1.0,7.0
75310,643.7703,1.925395,65960.0,14.0,Si,I,5.862476,1.0,7.787852,1.0,KP,1.0,3.0
75333,644.0566,1.924539,106400.0,14.0,Si,I,5.615694,2.0,7.540214,2.0,KP,1.0,5.0
75345,644.2777,1.923878,1848000.0,14.0,Si,I,6.124778,1.0,8.048638,2.0,KP,1.0,5.0
75381,644.734,1.9225169999999998,403800.0,14.0,Si,I,5.98401,3.0,7.906507,2.0,KP,1.0,5.0
75406,645.1517,1.921272,932100.0,14.0,Si,I,5.98401,3.0,7.905262,3.0,KP,1.0,7.0
75413,645.2296,1.92104,106000.0,14.0,Si,I,5.619193,3.0,7.540214,2.0,KP,1.0,5.0
75420,645.3607,1.92065,88170.0,14.0,Si,I,5.862476,1.0,7.783107000000001,2.0,KP,1.0,5.0
75450,645.7372,1.91953,299700.0,14.0,Si,I,5.963928,2.0,7.883438000000001,1.0,KP,1.0,3.0
75465,646.0909,1.918479,337400.0,14.0,Si,I,6.098611,2.0,8.017071000000001,3.0,KP,1.0,7.0
75466,646.1074,1.9184299999999999,402100.0,14.0,Si,I,5.963928,2.0,7.882339,2.0,KP,1.0,5.0
75492,646.3652,1.9176650000000002,351400.0,14.0,Si,I,5.95373,1.0,7.871376,1.0,KP,1.0,3.0
75507,646.7002,1.916671,687700.0,14.0,Si,I,6.098611,2.0,8.015263000000001,3.0,KP,1.0,7.0
75508,646.7308,1.916581,430000.0,14.0,Si,I,6.098611,2.0,8.015172999999999,2.0,KP,1.0,5.0
75690,650.1221,1.9065830000000001,48170.0,14.0,Si,I,5.98401,3.0,7.890574000000001,3.0,KP,1.0,7.0
75794,651.8733,1.901461,992200.0,14.0,Si,I,5.95373,1.0,7.855173,2.0,KP,1.0,5.0
75853,652.6391,1.89923,248600.0,14.0,Si,I,5.870844,2.0,7.770055999999999,2.0,KP,1.0,5.0
75857,652.663,1.899161,890000.0,14.0,Si,I,5.870844,2.0,7.769986,3.0,KP,1.0,7.0
75861,652.7202,1.8989939999999998,706900.0,14.0,Si,I,5.870844,2.0,7.769819999999999,3.0,KP,1.0,7.0
75901,653.5031,1.8967189999999998,284000.0,14.0,Si,I,6.082739,1.0,7.979439,0.0,KP,1.0,1.0
75939,653.9229,1.895502,80140.0,14.0,Si,I,6.124778,1.0,8.020261,2.0,KP,1.0,5.0
76026,655.3883,1.8912639999999998,209900.0,14.0,Si,I,5.963928,2.0,7.855173,2.0,KP,1.0,5.0
76036,655.5463,1.8908080000000003,1724000.0,14.0,Si,I,5.98401,3.0,7.874797999999999,4.0,KP,1.0,9.0
76047,655.683,1.8904130000000001,219500.0,14.0,Si,I,6.124778,1.0,8.015172999999999,2.0,KP,1.0,5.0
76056,655.7817,1.8901290000000002,95810.0,14.0,Si,I,5.870844,2.0,7.760953999999999,2.0,KP,1.0,5.0
76080,656.0566,1.8893369999999998,965800.0,14.0,Si,I,5.963928,2.0,7.853246,3.0,KP,1.0,7.0
76225,658.3707,1.882696,704700.0,14.0,Si,I,5.95373,1.0,7.8364080000000005,2.0,KP,1.0,5.0
76252,658.8179,1.881418,75400.0,14.0,Si,I,5.619193,3.0,7.500592,2.0,KP,1.0,5.0
76279,659.3044,1.8800299999999999,107300.0,14.0,Si,I,6.098611,2.0,7.9786220000000005,3.0,KP,1.0,7.0
76422,661.6124,1.873472,71710.0,14.0,Si,I,5.95373,1.0,7.827183,1.0,KP,1.0,3.0
76435,661.7777,1.8730040000000001,90650.0,14.0,Si,I,6.098611,2.0,7.971596000000001,3.0,KP,1.0,7.0
76447,661.9248,1.8725880000000001,246800.0,14.0,Si,I,5.95373,1.0,7.826299000000001,0.0,KP,1.0,1.0
76449,661.9563,1.872498,220400.0,14.0,Si,I,5.963928,2.0,7.8364080000000005,2.0,KP,1.0,5.0
76460,662.1194,1.872037,201800.0,14.0,Si,I,5.870844,2.0,7.742863000000001,1.0,KP,1.0,3.0
76533,663.1048,1.8692549999999999,442200.0,14.0,Si,I,5.98401,3.0,7.853246,3.0,KP,1.0,7.0
76561,663.5687,1.867948,709800.0,14.0,Si,I,5.862476,1.0,7.7304059999999994,2.0,KP,1.0,5.0
76593,664.0618,1.8665610000000001,437000.0,14.0,Si,I,6.098611,2.0,7.965153999999999,2.0,KP,1.0,5.0
76620,664.521,1.865272,229000.0,14.0,Si,I,6.082739,1.0,7.947992,2.0,KP,1.0,5.0
76670,665.2334,1.863274,155200.0,14.0,Si,I,5.963928,2.0,7.827183,1.0,KP,1.0,3.0
76755,666.4673,1.8598240000000001,57200.0,14.0,Si,I,5.95373,1.0,7.813536,2.0,KP,1.0,5.0
76757,666.5189,1.85968,590400.0,14.0,Si,I,6.098611,2.0,7.958272999999999,3.0,KP,1.0,7.0
76774,666.7032,1.859166,274700.0,14.0,Si,I,5.963928,2.0,7.8230759999999995,1.0,KP,1.0,3.0
76785,666.8789,1.8586770000000001,49750.0,14.0,Si,I,5.963928,2.0,7.822586,2.0,KP,1.0,5.0
76878,668.3161,1.8546799999999999,1033000.0,14.0,Si,I,6.124778,1.0,7.979439,0.0,KP,1.0,1.0
76924,669.1325,1.8524169999999998,31910.0,14.0,Si,I,5.98401,3.0,7.8364080000000005,2.0,KP,1.0,5.0
76951,669.6044,1.851111,439800.0,14.0,Si,I,6.082739,1.0,7.933832000000001,2.0,KP,1.0,5.0
76999,670.698,1.848093,163600.0,14.0,Si,I,5.95373,1.0,7.801805,1.0,KP,1.0,3.0
77089,671.9609,1.8446189999999998,42440.0,14.0,Si,I,6.206004,4.0,8.050605000000001,5.0,GUES,1.0,11.0
77096,672.0908,1.8442630000000002,191400.0,14.0,Si,I,5.870844,2.0,7.715089,1.0,KP,1.0,3.0
77101,672.1848,1.844005,954900.0,14.0,Si,I,5.862476,1.0,7.706463,2.0,KP,1.0,5.0
77186,673.5037,1.8403939999999999,287200.0,14.0,Si,I,6.124778,1.0,7.965153999999999,2.0,KP,1.0,5.0
77218,673.9493,1.839177,289400.0,14.0,Si,I,5.963928,2.0,7.803087,3.0,KP,1.0,7.0
77232,674.1628,1.838595,521700.0,14.0,Si,I,5.98401,3.0,7.822586,2.0,GARZ,1.0,5.0
77271,674.7435,1.8370119999999999,378900.0,14.0,Si,I,6.078734,0.0,7.915728,1.0,KP,1.0,3.0
77315,675.3432,1.8353810000000002,2785000.0,14.0,Si,I,6.082739,1.0,7.918102,0.0,KP,1.0,1.0
77352,675.8004,1.83414,119400.0,14.0,Si,I,5.95373,1.0,7.787852,1.0,KP,1.0,3.0
77356,675.9347,1.833775,321300.0,14.0,Si,I,5.870844,2.0,7.704600999999999,1.0,KP,1.0,3.0
77366,676.1025,1.83332,878700.0,14.0,Si,I,5.95373,1.0,7.787032000000001,0.0,KP,1.0,1.0
77371,676.218,1.833007,752600.0,14.0,Si,I,6.082739,1.0,7.915728,1.0,KP,1.0,3.0
77451,677.4813,1.829589,202800.0,14.0,Si,I,6.098611,2.0,7.9281820000000005,3.0,KP,1.0,7.0
77453,677.4976,1.829545,230700.0,14.0,Si,I,5.98401,3.0,7.813536,2.0,KP,1.0,5.0
77460,677.5532,1.829395,400900.0,14.0,Si,I,5.95373,1.0,7.783107000000001,2.0,KP,1.0,5.0
77506,678.2211,1.827593,509200.0,14.0,Si,I,6.190999,3.0,8.018574000000001,4.0,KP,1.0,9.0
77526,678.4883,1.826874,313100.0,14.0,Si,I,6.222691,2.0,8.049546000000001,3.0,KP,1.0,7.0
77556,678.826,1.825965,166500.0,14.0,Si,I,6.222691,2.0,8.048638,2.0,KP,1.0,5.0
77578,679.0637,1.8253259999999998,1750000.0,14.0,Si,I,6.078734,0.0,7.904041,1.0,KP,1.0,3.0
77610,679.5788,1.8239419999999997,503800.0,14.0,Si,I,5.963928,2.0,7.787852,1.0,KP,1.0,3.0
77613,679.6369,1.8237860000000001,64620.0,14.0,Si,I,6.082739,1.0,7.906507,2.0,KP,1.0,5.0
77644,680.0596,1.8226529999999999,471700.0,14.0,Si,I,5.963928,2.0,7.786561999999999,3.0,KP,1.0,7.0
77674,680.5572,1.82132,372400.0,14.0,Si,I,6.082739,1.0,7.904041,1.0,KP,1.0,3.0
77708,681.2326,1.8195139999999999,43480.0,14.0,Si,I,6.098611,2.0,7.918107000000001,2.0,KP,1.0,5.0
77722,681.3513,1.8191970000000002,233400.0,14.0,Si,I,5.963928,2.0,7.783107000000001,2.0,KP,1.0,5.0
77730,681.3894,1.8190959999999998,438500.0,14.0,Si,I,5.98401,3.0,7.803087,3.0,KP,1.0,7.0
77777,682.1246,1.817135,1901000.0,14.0,Si,I,6.098611,2.0,7.915728,1.0,KP,1.0,3.0
77804,682.5837,1.815913,435000.0,14.0,Si,I,5.95373,1.0,7.769625,1.0,KP,1.0,3.0
77900,683.8858,1.812455,40980.0,14.0,Si,I,6.206004,4.0,8.018441000000001,5.0,GUES,1.0,11.0
77931,684.3156,1.8113169999999998,18160.0,14.0,Si,I,6.206004,4.0,8.017303,4.0,KP,1.0,9.0
77981,684.858,1.809882,394100.0,14.0,Si,I,5.862476,1.0,7.672341,1.0,KP,1.0,3.0
77999,685.1649,1.809072,47130.0,14.0,Si,I,6.124778,1.0,7.933832000000001,2.0,KP,1.0,5.0
78027,685.6037,1.807914,2470000.0,14.0,Si,I,6.098611,2.0,7.906507,2.0,KP,1.0,5.0
78057,686.076,1.8066689999999999,2070000.0,14.0,Si,I,6.098611,2.0,7.905262,3.0,KP,1.0,7.0
78088,686.5401,1.805448,59350.0,14.0,Si,I,6.098611,2.0,7.904041,1.0,KP,1.0,3.0
78099,686.7238,1.8049650000000002,151800.0,14.0,Si,I,5.862476,1.0,7.667422999999999,2.0,KP,1.0,5.0
78104,686.8159,1.8047229999999999,63550.0,14.0,Si,I,6.078734,0.0,7.883438000000001,1.0,KP,1.0,3.0
78197,688.3437,1.800717,72640.0,14.0,Si,I,6.082739,1.0,7.883438000000001,1.0,KP,1.0,3.0
78223,688.6932,1.7998040000000002,261700.0,14.0,Si,I,6.082739,1.0,7.882525,0.0,KP,1.0,1.0
78227,688.7644,1.799618,2284000.0,14.0,Si,I,6.082739,1.0,7.882339,2.0,KP,1.0,5.0
78258,689.5419,1.7975880000000002,28690.0,14.0,Si,I,6.222691,2.0,8.020261,2.0,KP,1.0,5.0
78367,691.1729,1.7933459999999999,29220.0,14.0,Si,I,6.124778,1.0,7.918107000000001,2.0,KP,1.0,5.0
78368,691.1748,1.7933419999999998,9220000.0,14.0,Si,I,6.124778,1.0,7.918102,0.0,KP,1.0,1.0
78377,691.4374,1.79266,736600.0,14.0,Si,I,6.078734,0.0,7.871376,1.0,KP,1.0,3.0
78380,691.4644,1.7925900000000001,587800.0,14.0,Si,I,6.222691,2.0,8.015263000000001,3.0,KP,1.0,7.0
78394,691.6997,1.791981,262400.0,14.0,Si,I,6.098611,2.0,7.890574000000001,3.0,KP,1.0,7.0
78395,691.7023,1.7919740000000002,27480.0,14.0,Si,I,6.180715,2.0,7.972671000000001,3.0,KP,1.0,7.0
78406,691.859,1.791568,831000.0,14.0,Si,I,6.190999,3.0,7.982549000000001,4.0,KP,1.0,9.0
78417,692.0911,1.7909669999999998,5707000.0,14.0,Si,I,6.124778,1.0,7.915728,1.0,KP,1.0,3.0
78468,692.9859,1.7886549999999999,136600.0,14.0,Si,I,6.082739,1.0,7.871376,1.0,KP,1.0,3.0
78551,694.465,1.784845,62150.0,14.0,Si,I,6.098611,2.0,7.883438000000001,1.0,KP,1.0,3.0
78580,694.8932,1.7837450000000001,251800.0,14.0,Si,I,6.098611,2.0,7.882339,2.0,KP,1.0,5.0
78597,695.3058,1.782687,596100.0,14.0,Si,I,6.190999,3.0,7.973667999999999,4.0,KP,1.0,9.0
78614,695.6728,1.7817459999999998,1950000.0,14.0,Si,I,6.124778,1.0,7.906507,2.0,KP,1.0,5.0
78615,695.6948,1.7816900000000002,47200.0,14.0,Si,I,6.190999,3.0,7.972671000000001,3.0,KP,1.0,7.0
78629,695.9961,1.780919,46180.0,14.0,Si,I,6.190999,3.0,7.9719,4.0,KP,1.0,9.0
78658,696.637,1.77928,389700.0,14.0,Si,I,6.124778,1.0,7.904041,1.0,KP,1.0,3.0
78709,697.6513,1.7766939999999998,1852000.0,14.0,Si,I,5.95373,1.0,7.7304059999999994,2.0,GARZ,1.0,5.0
78713,697.7027,1.7765630000000001,55250.0,14.0,Si,I,6.206004,4.0,7.982549000000001,4.0,KP,1.0,9.0
78773,698.5525,1.774401,208100.0,14.0,Si,I,5.862476,1.0,7.63686,1.0,KP,1.0,3.0
78813,699.1904,1.7727830000000002,57220.0,14.0,Si,I,6.098611,2.0,7.871376,1.0,KP,1.0,3.0
78817,699.2878,1.7725360000000001,272600.0,14.0,Si,I,5.870844,2.0,7.643362,2.0,KP,1.0,5.0
78821,699.3212,1.7724509999999998,442100.0,14.0,Si,I,6.082739,1.0,7.855173,2.0,KP,1.0,5.0
78882,700.3569,1.76983,2080000.0,14.0,Si,I,5.963928,2.0,7.733739999999999,3.0,KP,1.0,7.0
78897,700.588,1.7692459999999999,1580000.0,14.0,Si,I,5.98401,3.0,7.7532380000000005,4.0,KP,1.0,9.0
78929,701.2081,1.767681,38720.0,14.0,Si,I,6.206004,4.0,7.973667999999999,4.0,KP,1.0,9.0
78932,701.2612,1.767548,468500.0,14.0,Si,I,6.206004,4.0,7.973534,5.0,KP,1.0,11.0
78959,701.6787,1.7664959999999998,340900.0,14.0,Si,I,5.963928,2.0,7.7304059999999994,2.0,KP,1.0,5.0
78962,701.7288,1.76637,429100.0,14.0,Si,I,5.870844,2.0,7.6371970000000005,2.0,KP,1.0,5.0
78966,701.7653,1.7662779999999998,1934000.0,14.0,Si,I,5.870844,2.0,7.637105,3.0,KP,1.0,7.0
78975,701.9101,1.765913,30700.0,14.0,Si,I,6.206004,4.0,7.9719,4.0,KP,1.0,9.0
79019,702.6601,1.764029,284000.0,14.0,Si,I,5.862476,1.0,7.626486999999999,1.0,KP,1.0,3.0
79057,703.4901,1.7619479999999998,2537000.0,14.0,Si,I,5.870844,2.0,7.632774,3.0,GARZ,1.0,7.0
79138,705.2391,1.7575779999999999,689000.0,14.0,Si,I,6.124778,1.0,7.882339,2.0,KP,1.0,5.0
79151,705.46,1.7570270000000001,28960.0,14.0,Si,I,6.180715,2.0,7.937725,3.0,KP,1.0,7.0
79155,705.4984,1.756932,154100.0,14.0,Si,I,6.180715,2.0,7.93763,2.0,KP,1.0,5.0
79158,705.593,1.7566959999999998,1153000.0,14.0,Si,I,6.180715,2.0,7.937394,3.0,KP,1.0,7.0
79163,705.6401,1.7565790000000001,59940.0,14.0,Si,I,6.098611,2.0,7.855173,2.0,KP,1.0,5.0
79171,705.8306,1.756105,29340.0,14.0,Si,I,5.862476,1.0,7.618564,2.0,KP,1.0,5.0
79175,705.8933,1.7559490000000002,20010.0,14.0,Si,I,6.222691,2.0,7.9786220000000005,3.0,KP,1.0,7.0
79206,706.415,1.754652,186500.0,14.0,Si,I,6.098611,2.0,7.853246,3.0,KP,1.0,7.0
79245,707.1816,1.75275,1247000.0,14.0,Si,I,5.95373,1.0,7.706463,2.0,KP,1.0,5.0
79314,708.395,1.7497479999999999,189800.0,14.0,Si,I,5.98401,3.0,7.733739999999999,3.0,KP,1.0,7.0
79338,708.7293,1.748923,131200.0,14.0,Si,I,6.222691,2.0,7.971596000000001,3.0,KP,1.0,7.0
79390,709.6135,1.746743,116600.0,14.0,Si,I,6.190999,3.0,7.937725,3.0,KP,1.0,7.0
79396,709.6656,1.7466150000000003,350500.0,14.0,Si,I,6.124778,1.0,7.871376,1.0,KP,1.0,3.0
79399,709.7122,1.7465,585400.0,14.0,Si,I,6.190999,3.0,7.937482000000001,4.0,KP,1.0,9.0
79401,709.7473,1.746414,26470.0,14.0,Si,I,5.98401,3.0,7.7304059999999994,2.0,KP,1.0,5.0
79402,709.748,1.7464119999999999,106300.0,14.0,Si,I,6.190999,3.0,7.937394,3.0,KP,1.0,7.0
79445,710.5418,1.744461,50530.0,14.0,Si,I,6.082739,1.0,7.827183,1.0,KP,1.0,3.0
79447,710.5833,1.744359,621600.0,14.0,Si,I,6.078734,0.0,7.8230759999999995,1.0,KP,1.0,3.0
79467,710.902,1.7435770000000002,1863000.0,14.0,Si,I,6.082739,1.0,7.826299000000001,0.0,KP,1.0,1.0
79489,711.3201,1.742552,302500.0,14.0,Si,I,5.963928,2.0,7.706463,2.0,KP,1.0,5.0
79535,712.2188,1.7403540000000002,364400.0,14.0,Si,I,6.082739,1.0,7.8230759999999995,1.0,KP,1.0,3.0
79549,712.4193,1.7398639999999999,40690.0,14.0,Si,I,6.082739,1.0,7.822586,2.0,KP,1.0,5.0
79577,712.9884,1.738475,204500.0,14.0,Si,I,5.862476,1.0,7.600934,1.0,KP,1.0,3.0
79595,713.2598,1.737814,73860.0,14.0,Si,I,6.098611,2.0,7.8364080000000005,2.0,KP,1.0,5.0
79756,715.8627,1.731495,60250.0,14.0,Si,I,6.206004,4.0,7.937482000000001,4.0,KP,1.0,9.0
79772,716.1443,1.7308139999999999,298500.0,14.0,Si,I,6.082739,1.0,7.813536,2.0,KP,1.0,5.0
79783,716.311,1.7304110000000001,188200.0,14.0,Si,I,6.124778,1.0,7.855173,2.0,KP,1.0,5.0
79794,716.4688,1.73003,929800.0,14.0,Si,I,5.870844,2.0,7.600857,3.0,KP,1.0,7.0
79797,716.5082,1.7299349999999998,411600.0,14.0,Si,I,5.870844,2.0,7.600762,2.0,KP,1.0,5.0
79801,716.5545,1.7298229999999999,4659000.0,14.0,Si,I,5.870844,2.0,7.60065,3.0,KP,1.0,7.0
79833,717.1529,1.72838,152300.0,14.0,Si,I,5.95373,1.0,7.682092999999999,0.0,KP,1.0,1.0
79871,718.051,1.726218,96070.0,14.0,Si,I,6.180715,2.0,7.906916000000001,2.0,KP,1.0,5.0
79892,718.4569,1.725243,258300.0,14.0,Si,I,5.613532,1.0,7.338758,2.0,KP,1.0,5.0
79895,718.4885,1.725167,868800.0,14.0,Si,I,5.613532,1.0,7.338682,1.0,SG,1.0,3.0
79908,718.6384,1.724807,474000.0,14.0,Si,I,6.180715,2.0,7.905505000000001,3.0,KP,1.0,7.0
79914,718.7741,1.724482,1491000.0,14.0,Si,I,6.098611,2.0,7.8230759999999995,1.0,KP,1.0,3.0
79928,718.9783,1.7239919999999997,276400.0,14.0,Si,I,6.098611,2.0,7.822586,2.0,KP,1.0,5.0
79955,719.3553,1.7230880000000002,410100.0,14.0,Si,I,6.078734,0.0,7.801805,1.0,KP,1.0,3.0
79957,719.3584,1.723081,520000.0,14.0,Si,I,5.615694,2.0,7.338758,2.0,SG,1.0,5.0
79959,719.3902,1.723005,856700.0,14.0,Si,I,5.615694,2.0,7.338682,1.0,KP,1.0,3.0
79971,719.6133,1.7224709999999999,37220.0,14.0,Si,I,5.98401,3.0,7.706463,2.0,KP,1.0,5.0
80036,720.8222,1.719582,256600.0,14.0,Si,I,5.619193,3.0,7.338758,2.0,KP,1.0,5.0
80048,721.0315,1.7190830000000001,102500.0,14.0,Si,I,6.082739,1.0,7.801805,1.0,KP,1.0,3.0
80056,721.2225,1.7186270000000001,129000.0,14.0,Si,I,5.95373,1.0,7.672341,1.0,KP,1.0,3.0
80093,721.847,1.717141,696200.0,14.0,Si,I,6.190999,3.0,7.908123,4.0,KP,1.0,9.0
80123,722.3696,1.715898,57710.0,14.0,Si,I,6.190999,3.0,7.90688,3.0,KP,1.0,7.0
80135,722.6208,1.715302,789000.0,14.0,Si,I,5.613532,1.0,7.328817,2.0,GARZ,1.0,5.0
80139,722.6677,1.715191,147500.0,14.0,Si,I,5.963928,2.0,7.679100999999999,1.0,KP,1.0,3.0
80145,722.7724,1.7149419999999997,1538000.0,14.0,Si,I,6.098611,2.0,7.813536,2.0,KP,1.0,5.0
80156,722.9108,1.7146139999999999,246300.0,14.0,Si,I,6.190999,3.0,7.905596000000001,4.0,KP,1.0,9.0
80158,722.9489,1.714523,209200.0,14.0,Si,I,6.190999,3.0,7.905505000000001,3.0,KP,1.0,7.0
80180,723.5329,1.713139,805400.0,14.0,Si,I,5.615694,2.0,7.328817,2.0,KP,1.0,5.0
80183,723.5818,1.713024,362900.0,14.0,Si,I,5.615694,2.0,7.328701,3.0,KP,1.0,7.0
80203,723.9101,1.712247,37180.0,14.0,Si,I,5.619193,3.0,7.331423,4.0,KP,1.0,9.0
80223,724.1641,1.711646,66870.0,14.0,Si,I,6.124778,1.0,7.8364080000000005,2.0,KP,1.0,5.0
80229,724.2233,1.7115060000000002,34600.0,14.0,Si,I,6.261182,2.0,7.972671000000001,3.0,KP,1.0,7.0
80247,724.5676,1.710693,888400.0,14.0,Si,I,6.261182,2.0,7.971858,3.0,KP,1.0,7.0
80268,725.0136,1.709641,253600.0,14.0,Si,I,5.619193,3.0,7.328817,2.0,KP,1.0,5.0
80271,725.0627,1.709525,1645000.0,14.0,Si,I,5.619193,3.0,7.328701,3.0,SG,1.0,7.0
80281,725.2281,1.7091349999999998,103700.0,14.0,Si,I,6.078734,0.0,7.787852,1.0,KP,1.0,3.0
80295,725.5276,1.70843,206800.0,14.0,Si,I,5.963928,2.0,7.672341,1.0,KP,1.0,3.0
80371,726.9318,1.7051290000000001,113200.0,14.0,Si,I,6.082739,1.0,7.787852,1.0,KP,1.0,3.0
80385,727.2034,1.704493,861900.0,14.0,Si,I,6.098611,2.0,7.803087,3.0,KP,1.0,7.0
80388,727.2814,1.7043099999999998,407800.0,14.0,Si,I,6.082739,1.0,7.787032000000001,0.0,KP,1.0,1.0
80400,727.5293,1.703729,1787000.0,14.0,Si,I,5.615693,2.0,7.319406,3.0,SG,1.0,7.0
80443,728.2105,1.702135,44170.0,14.0,Si,I,6.206004,4.0,7.908123,4.0,KP,1.0,9.0
80452,728.2816,1.7019689999999998,1042000.0,14.0,Si,I,6.206004,4.0,7.9079559999999995,5.0,KP,1.0,11.0
80460,728.4663,1.701538,6013000.0,14.0,Si,I,6.124778,1.0,7.826299000000001,0.0,KP,1.0,1.0
80472,728.597,1.701232,154900.0,14.0,Si,I,5.963928,2.0,7.665143,2.0,KP,1.0,5.0
80489,728.9175,1.700484,8857000.0,14.0,Si,I,5.619193,3.0,7.319660000000001,4.0,SG,1.0,9.0
80492,728.9603,1.7003849999999998,1229000.0,14.0,Si,I,6.082739,1.0,7.783107000000001,2.0,KP,1.0,5.0
80494,729.0267,1.70023,179200.0,14.0,Si,I,5.619193,3.0,7.319406,3.0,KP,1.0,7.0
80516,729.2932,1.699609,187900.0,14.0,Si,I,6.206004,4.0,7.905596000000001,4.0,KP,1.0,9.0
80543,729.849,1.6983139999999999,4574000.0,14.0,Si,I,6.124778,1.0,7.8230759999999995,1.0,KP,1.0,3.0
80552,729.9806,1.6980080000000002,104700.0,14.0,Si,I,6.222691,2.0,7.920682000000001,1.0,KP,1.0,3.0
80557,730.0595,1.6978240000000002,165300.0,14.0,Si,I,6.124778,1.0,7.822586,2.0,KP,1.0,5.0
80725,732.945,1.69114,117100.0,14.0,Si,I,6.180715,2.0,7.871839,3.0,KP,1.0,7.0
80734,733.0106,1.6909889999999999,133300.0,14.0,Si,I,6.180715,2.0,7.871687,2.0,KP,1.0,5.0
80738,733.0458,1.690908,752500.0,14.0,Si,I,6.078734,0.0,7.769625,1.0,KP,1.0,3.0
80741,733.0875,1.690812,1198000.0,14.0,Si,I,6.180715,2.0,7.871510000000001,3.0,KP,1.0,7.0
80782,733.762,1.689257,108600.0,14.0,Si,I,6.098611,2.0,7.787852,1.0,KP,1.0,3.0
80787,733.9718,1.688775,1457000.0,14.0,Si,I,6.124778,1.0,7.813536,2.0,KP,1.0,5.0
80802,734.3226,1.6879680000000001,106400.0,14.0,Si,I,6.098611,2.0,7.786561999999999,3.0,KP,1.0,7.0
80809,734.5218,1.6875099999999998,60660.0,14.0,Si,I,5.870844,2.0,7.558338000000001,2.0,KP,1.0,5.0
80825,734.7864,1.6869020000000001,136300.0,14.0,Si,I,6.082739,1.0,7.769625,1.0,KP,1.0,3.0
80871,735.8289,1.6845119999999998,159000.0,14.0,Si,I,6.098611,2.0,7.783107000000001,2.0,KP,1.0,5.0
80896,736.3017,1.6834310000000001,204600.0,14.0,Si,I,5.98401,3.0,7.667422999999999,2.0,KP,1.0,5.0
80903,736.4261,1.6831459999999998,220000.0,14.0,Si,I,5.95373,1.0,7.63686,1.0,KP,1.0,3.0
80944,737.3004,1.6811509999999998,1121000.0,14.0,Si,I,5.98401,3.0,7.665143,2.0,KP,1.0,5.0
80954,737.4294,1.6808560000000001,51680.0,14.0,Si,I,6.190999,3.0,7.871839,3.0,KP,1.0,7.0
80959,737.5246,1.680639,879200.0,14.0,Si,I,6.190999,3.0,7.871622,4.0,KP,1.0,9.0
80963,737.5736,1.6805279999999998,60700.0,14.0,Si,I,6.190999,3.0,7.871510000000001,3.0,KP,1.0,7.0
81040,739.3192,1.6765599999999998,95750.0,14.0,Si,I,6.261182,2.0,7.937725,3.0,KP,1.0,7.0
81044,739.3613,1.676464,189300.0,14.0,Si,I,6.261182,2.0,7.93763,2.0,KP,1.0,5.0
81051,739.552,1.676032,1534000.0,14.0,Si,I,5.95373,1.0,7.629746000000001,0.0,KP,1.0,1.0
81097,740.5772,1.6737119999999999,3679000.0,14.0,Si,I,5.613532,1.0,7.287227000000001,2.0,GARZ,1.0,5.0
81116,740.9083,1.672964,2287000.0,14.0,Si,I,5.615694,2.0,7.288641999999999,3.0,GARZ,1.0,7.0
81117,740.9151,1.6729490000000002,971000.0,14.0,Si,I,5.963928,2.0,7.63686,1.0,KP,1.0,3.0
81121,740.9926,1.6727740000000002,106400.0,14.0,Si,I,5.95373,1.0,7.626486999999999,1.0,KP,1.0,3.0
81145,741.5353,1.67155,609100.0,14.0,Si,I,5.615694,2.0,7.287227000000001,2.0,KP,1.0,5.0
81148,741.5948,1.671415,5476000.0,14.0,Si,I,5.615694,2.0,7.287093,3.0,GUES,1.0,7.0
81153,741.7657,1.67103,62550.0,14.0,Si,I,6.098611,2.0,7.769625,1.0,KP,1.0,3.0
81170,742.0488,1.670393,217700.0,14.0,Si,I,5.963928,2.0,7.634303999999999,3.0,KP,1.0,7.0
81185,742.3496,1.669716,6523000.0,14.0,Si,I,5.619193,3.0,7.288892,4.0,SG,1.0,9.0
81190,742.461,1.6694650000000002,546300.0,14.0,Si,I,5.619193,3.0,7.288641999999999,3.0,KP,1.0,7.0
81216,743.0188,1.6682119999999998,553200.0,14.0,Si,I,6.2694339999999995,1.0,7.93763,2.0,KP,1.0,5.0
81223,743.1505,1.6679169999999999,116600.0,14.0,Si,I,5.619193,3.0,7.287093,3.0,KP,1.0,7.0
81224,743.1581,1.6678990000000002,18910.0,14.0,Si,I,6.222691,2.0,7.890574000000001,3.0,KP,1.0,7.0
81290,744.5194,1.66485,295900.0,14.0,Si,I,5.95373,1.0,7.618564,2.0,KP,1.0,5.0
81339,745.3073,1.6630900000000002,44880.0,14.0,Si,I,6.124778,1.0,7.787852,1.0,KP,1.0,3.0
81437,747.4398,1.6583450000000002,396100.0,14.0,Si,I,6.124778,1.0,7.783107000000001,2.0,KP,1.0,5.0
81473,748.2196,1.6566169999999998,130900.0,14.0,Si,I,5.862476,1.0,7.519075999999999,2.0,KP,1.0,5.0
81499,748.5769,1.6558259999999998,117000.0,14.0,Si,I,5.870844,2.0,7.526654,1.0,KP,1.0,3.0
81530,749.1079,1.654652,149900.0,14.0,Si,I,5.963928,2.0,7.618564,2.0,KP,1.0,5.0
81584,750.493,1.6515990000000003,322200.0,14.0,Si,I,5.963928,2.0,7.6155100000000004,3.0,KP,1.0,7.0
81608,751.0785,1.650311,286700.0,14.0,Si,I,5.98401,3.0,7.634303999999999,3.0,KP,1.0,7.0
81673,752.2763,1.6476830000000002,225000.0,14.0,Si,I,6.082739,1.0,7.7304059999999994,2.0,KP,1.0,5.0
81688,752.4877,1.6472200000000001,231100.0,14.0,Si,I,5.95373,1.0,7.600934,1.0,KP,1.0,3.0
81723,753.1761,1.645715,26000.0,14.0,Si,I,6.261182,2.0,7.90688,3.0,KP,1.0,7.0
81745,753.5663,1.6448630000000002,373700.0,14.0,Si,I,6.124778,1.0,7.769625,1.0,KP,1.0,3.0
81844,755.7691,1.6400689999999998,261900.0,14.0,Si,I,6.2694339999999995,1.0,7.909486,2.0,KP,1.0,5.0
81849,755.8142,1.6399709999999998,245400.0,14.0,Si,I,6.2694339999999995,1.0,7.909388000000001,1.0,KP,1.0,3.0
81919,756.9553,1.637498,133900.0,14.0,Si,I,6.2694339999999995,1.0,7.906916000000001,2.0,KP,1.0,5.0
81966,757.8794,1.635502,599200.0,14.0,Si,I,6.273903,0.0,7.909388000000001,1.0,KP,1.0,3.0
81972,758.0447,1.635145,107000.0,14.0,Si,I,6.098611,2.0,7.733739999999999,3.0,KP,1.0,7.0
82029,759.274,1.632498,136200.0,14.0,Si,I,6.222691,2.0,7.855173,2.0,KP,1.0,5.0
82045,759.5935,1.6318110000000001,27150.0,14.0,Si,I,6.098611,2.0,7.7304059999999994,2.0,KP,1.0,5.0
82131,761.0834,1.628617,136100.0,14.0,Si,I,5.870844,2.0,7.499445,1.0,KP,1.0,3.0
82254,762.9059,1.6247260000000001,134900.0,14.0,Si,I,6.180715,2.0,7.805425,2.0,KP,1.0,5.0
82307,764.0276,1.622341,799000.0,14.0,Si,I,6.180715,2.0,7.803039999999999,3.0,KP,1.0,7.0
82471,766.9265,1.616209,149400.0,14.0,Si,I,5.613532,1.0,7.229724000000001,0.0,KP,1.0,1.0
82473,766.971,1.616115,1097000.0,14.0,Si,I,6.190999,3.0,7.807098,4.0,KP,1.0,9.0
82485,767.2648,1.6154959999999998,243700.0,14.0,Si,I,5.870844,2.0,7.486324000000001,1.0,KP,1.0,3.0
82505,767.7656,1.614442,29140.0,14.0,Si,I,6.190999,3.0,7.805425,2.0,KP,1.0,5.0
82507,767.7974,1.614375,77320.0,14.0,Si,I,6.190999,3.0,7.805358,3.0,KP,1.0,7.0
82525,768.0266,1.6138940000000002,4615000.0,14.0,Si,I,5.862476,1.0,7.476354,2.0,GARZ,1.0,5.0
82528,768.1032,1.613733,36650.0,14.0,Si,I,6.222691,2.0,7.8364080000000005,2.0,KP,1.0,5.0
82566,768.8396,1.612187,444600.0,14.0,Si,I,6.190999,3.0,7.80317,4.0,KP,1.0,9.0
82568,768.9017,1.612057,314100.0,14.0,Si,I,6.190999,3.0,7.803039999999999,3.0,KP,1.0,7.0
82678,770.9049,1.607868,81450.0,14.0,Si,I,6.098611,2.0,7.706463,2.0,KP,1.0,5.0
82732,771.9728,1.605644,104600.0,14.0,Si,I,6.124778,1.0,7.7304059999999994,2.0,KP,1.0,5.0
82773,772.5192,1.604508,468800.0,14.0,Si,I,6.222691,2.0,7.827183,1.0,KP,1.0,3.0
82835,773.5987,1.602269,61360.0,14.0,Si,I,6.2694339999999995,1.0,7.871687,2.0,KP,1.0,5.0
82865,774.159,1.60111,69500.0,14.0,Si,I,6.206004,4.0,7.807098,4.0,KP,1.0,9.0
82870,774.2717,1.600876,2064000.0,14.0,Si,I,6.206004,4.0,7.806864999999999,5.0,KP,1.0,11.0
82885,774.5101,1.600384,523300.0,14.0,Si,I,6.078734,0.0,7.679100999999999,1.0,KP,1.0,3.0
82913,775.001,1.5993700000000002,24000.0,14.0,Si,I,6.206004,4.0,7.805358,3.0,KP,1.0,7.0
82914,775.001,1.5993700000000002,1136000.0,14.0,Si,I,6.082739,1.0,7.682092999999999,0.0,KP,1.0,1.0
82978,776.0628,1.5971819999999999,338700.0,14.0,Si,I,6.206004,4.0,7.80317,4.0,KP,1.0,9.0
82995,776.4534,1.596378,172400.0,14.0,Si,I,6.082739,1.0,7.679100999999999,1.0,KP,1.0,3.0
83045,777.7959,1.593623,41210.0,14.0,Si,I,6.078734,0.0,7.672341,1.0,KP,1.0,3.0
83130,779.7559,1.589617,81820.0,14.0,Si,I,6.082739,1.0,7.672341,1.0,KP,1.0,3.0
83139,779.8837,1.589357,186600.0,14.0,Si,I,6.180715,2.0,7.770055999999999,2.0,KP,1.0,5.0
83142,779.918,1.5892870000000001,1215000.0,14.0,Si,I,6.180715,2.0,7.769986,3.0,KP,1.0,7.0
83146,779.9996,1.589121,802800.0,14.0,Si,I,6.180715,2.0,7.769819999999999,3.0,KP,1.0,7.0
83256,782.1754,1.5847,847800.0,14.0,Si,I,6.082739,1.0,7.667422999999999,2.0,KP,1.0,5.0
83305,783.3025,1.5824200000000002,97060.0,14.0,Si,I,6.082739,1.0,7.665143,2.0,KP,1.0,5.0
83325,783.6588,1.5817,99230.0,14.0,Si,I,6.124778,1.0,7.706463,2.0,KP,1.0,5.0
83364,784.251,1.580506,928700.0,14.0,Si,I,6.098611,2.0,7.679100999999999,1.0,KP,1.0,3.0
83368,784.2979,1.5804120000000002,28170.0,14.0,Si,I,6.222691,2.0,7.803087,3.0,KP,1.0,7.0
83401,784.9966,1.579005,1318000.0,14.0,Si,I,6.190999,3.0,7.769988000000001,4.0,KP,1.0,9.0
83403,785.0802,1.578837,154500.0,14.0,Si,I,6.190999,3.0,7.769819999999999,3.0,KP,1.0,7.0
83600,789.7281,1.569544,81280.0,14.0,Si,I,6.2694339999999995,1.0,7.838963000000001,2.0,KP,1.0,5.0
83612,790.0889,1.5688280000000001,1776000.0,14.0,Si,I,6.098611,2.0,7.667422999999999,2.0,KP,1.0,5.0
83657,791.2389,1.566548,628500.0,14.0,Si,I,6.098611,2.0,7.665143,2.0,KP,1.0,5.0
83665,791.3427,1.566342,314900.0,14.0,Si,I,5.862476,1.0,7.428803,2.0,KP,1.0,5.0
83689,791.8384,1.5653620000000001,5220000.0,14.0,Si,I,5.95373,1.0,7.519075999999999,2.0,GARZ,1.0,5.0
83693,791.9322,1.5651760000000001,112000.0,14.0,Si,I,6.222691,2.0,7.787852,1.0,KP,1.0,3.0
83725,792.5852,1.563887,309500.0,14.0,Si,I,6.222691,2.0,7.786561999999999,3.0,KP,1.0,7.0
83761,793.2348,1.562606,5128000.0,14.0,Si,I,5.963928,2.0,7.526517999999999,3.0,GARZ,1.0,7.0
83813,794.4001,1.560314,5749000.0,14.0,Si,I,5.98401,3.0,7.544308,4.0,GARZ,1.0,9.0
83861,795.5074,1.558142,206800.0,14.0,Si,I,6.078734,0.0,7.63686,1.0,KP,1.0,3.0
83881,795.922,1.5573299999999999,3734000.0,14.0,Si,I,6.124778,1.0,7.682092999999999,0.0,KP,1.0,1.0
83942,797.0307,1.555164,711200.0,14.0,Si,I,5.963928,2.0,7.519075999999999,2.0,GARZ,1.0,5.0
83962,797.454,1.554339,2974000.0,14.0,Si,I,6.124778,1.0,7.679100999999999,1.0,KP,1.0,3.0
83969,797.5578,1.554136,230800.0,14.0,Si,I,6.082739,1.0,7.63686,1.0,KP,1.0,3.0
84059,799.4959,1.550369,141000.0,14.0,Si,I,5.615694,2.0,7.166048,2.0,KP,1.0,5.0
