,Wl/nm,E_Photon,A-Value,Elem. num,Element,ion state,E_lower_lev.,J_lower,E_upper_lev.,J_upper,Ref.,ion state num,g_j
12140,262.8708,4.715186,63720000.0,65.01,Tb,II,0.0,8.0,4.715139,7.0,MC',2.0,15.0
13670,268.7818,4.611497,12210000.0,65.01,Tb,II,0.0,8.0,4.611451000000001,8.0,MC',2.0,17.0
17147,280.9296,4.4120989999999995,77130000.0,65.01,Tb,II,0.12601500000000002,7.0,4.538069999999999,8.0,MC',2.0,17.0
18452,285.5659,4.34047,17000000.0,65.01,Tb,II,0.0,8.0,4.340426,7.0,MC',2.0,15.0
18854,287.2314,4.315303,10770000.0,65.01,Tb,II,0.0,8.0,4.315259999999999,7.0,MC',2.0,15.0
20188,292.4504,4.238297,45530000.0,65.01,Tb,II,0.373196,7.0,4.611451000000001,8.0,MC',2.0,17.0
20454,293.4802,4.223425,11540000.0,65.01,Tb,II,0.12601500000000002,7.0,4.349398000000001,8.0,MC',2.0,17.0
24981,311.7253,3.9762419999999996,16710000.0,65.01,Tb,II,0.373196,7.0,4.349398000000001,8.0,MC',2.0,17.0
25546,314.0067,3.9473529999999997,29790000.0,65.01,Tb,II,0.12601500000000002,7.0,4.073328,6.0,MC',2.0,13.0
26672,318.7258,3.8889099999999996,43450000.0,65.01,Tb,II,0.0,8.0,3.888871,7.0,MC',2.0,15.0
27769,323.5787,3.8305879999999997,8868000.0,65.01,Tb,II,0.0,8.0,3.83055,7.0,MC',2.0,15.0
28605,327.2375,3.78776,17030000.0,65.01,Tb,II,0.12601500000000002,7.0,3.9137370000000002,6.0,MC',2.0,13.0
28774,328.0312,3.7785949999999997,55070000.0,65.01,Tb,II,0.0,8.0,3.778557,7.0,MC',2.0,15.0
29099,329.4001,3.762894,10290000.0,65.01,Tb,II,0.12601500000000002,7.0,3.888871,7.0,MC',2.0,15.0
29915,332.549,3.727264,11530000.0,65.01,Tb,II,0.12601500000000002,7.0,3.853242,8.0,MC',2.0,17.0
31648,339.3489,3.6525790000000002,12010000.0,65.01,Tb,II,0.12601500000000002,7.0,3.778557,7.0,MC',2.0,15.0
32058,341.0686,3.6341629999999996,35750000.0,65.01,Tb,II,0.43920200000000004,6.0,4.073328,6.0,MC',2.0,13.0
33569,347.2798,3.5691660000000005,59370000.0,65.01,Tb,II,0.12601500000000002,7.0,3.695146,6.0,MC',2.0,13.0
33958,348.9509,3.552075,13370000.0,65.01,Tb,II,0.0,8.0,3.5520389999999997,7.0,MC',2.0,15.0
33987,349.1237,3.5503169999999997,20790000.0,65.01,Tb,II,0.790145,6.0,4.340426,7.0,MC',2.0,15.0
34194,350.0281,3.541143,6371000.0,65.01,Tb,II,0.0,8.0,3.5411080000000004,8.0,MC',2.0,17.0
34207,350.0842,3.540577,98310000.0,65.01,Tb,II,0.373196,7.0,3.9137370000000002,6.0,MC',2.0,13.0
34355,350.744,3.5339160000000005,176600000.0,65.01,Tb,II,0.790145,6.0,4.324026,6.0,MC',2.0,13.0
34390,350.9144,3.5322,221200000.0,65.01,Tb,II,0.0,8.0,3.532165,9.0,BRD,2.0,19.0
34550,351.6162,3.52515,55420000.0,65.01,Tb,II,0.790145,6.0,4.315259999999999,7.0,MC',2.0,15.0
34747,352.5604,3.51571,44090000.0,65.01,Tb,II,0.373196,7.0,3.888871,7.0,MC',2.0,15.0
35145,354.3896,3.497564,62930000.0,65.01,Tb,II,0.0,8.0,3.497528,7.0,BRD,2.0,15.0
35592,356.1701,3.4800800000000005,263700000.0,65.01,Tb,II,0.373196,7.0,3.853242,8.0,MC',2.0,17.0
35753,356.7349,3.4745699999999995,100300000.0,65.01,Tb,II,0.43920200000000004,6.0,3.9137370000000002,6.0,MC',2.0,13.0
35785,356.851,3.47344,131400000.0,65.01,Tb,II,0.0,8.0,3.473405,8.0,BRD,2.0,17.0
36190,358.5078,3.457389,63360000.0,65.01,Tb,II,0.373196,7.0,3.83055,7.0,MC',2.0,15.0
36400,359.3064,3.449704,23490000.0,65.01,Tb,II,0.43920200000000004,6.0,3.888871,7.0,MC',2.0,15.0
36857,361.1445,3.432146,48700000.0,65.01,Tb,II,0.641217,6.0,4.073328,6.0,MC',2.0,13.0
36925,361.3679,3.430025,67460000.0,65.01,Tb,II,0.8570399999999999,5.0,4.287030000000001,6.0,MC',2.0,13.0
37034,361.7863,3.4260589999999995,18150000.0,65.01,Tb,II,0.12601500000000002,7.0,3.5520389999999997,7.0,MC',2.0,15.0
37078,361.9712,3.4243080000000004,68640000.0,65.01,Tb,II,0.649055,5.0,4.073328,6.0,MC',2.0,13.0
37311,362.9444,3.4151269999999996,15690000.0,65.01,Tb,II,0.12601500000000002,7.0,3.5411080000000004,8.0,MC',2.0,17.0
37396,363.3287,3.411514,116000000.0,65.01,Tb,II,0.641217,6.0,4.052696,6.0,MC',2.0,13.0
37572,363.9816,3.4053949999999995,23370000.0,65.01,Tb,II,0.373196,7.0,3.778557,7.0,MC',2.0,15.0
37616,364.1655,3.4036760000000004,116200000.0,65.01,Tb,II,0.649055,5.0,4.052696,6.0,MC',2.0,13.0
37943,365.4856,3.391382,73630000.0,65.01,Tb,II,0.43920200000000004,6.0,3.83055,7.0,MC',2.0,15.0
38022,365.8886,3.3876470000000003,187600000.0,65.01,Tb,II,0.12601500000000002,7.0,3.5136279999999998,6.0,BRD,2.0,13.0
38430,367.5784,3.372074,35180000.0,65.01,Tb,II,0.641217,6.0,4.013257,6.0,MC',2.0,13.0
38442,367.6358,3.371547,130900000.0,65.01,Tb,II,0.12601500000000002,7.0,3.497528,7.0,BRD,2.0,15.0
39057,370.2853,3.3474230000000005,67040000.0,65.01,Tb,II,0.12601500000000002,7.0,3.473405,8.0,BRD,2.0,17.0
39270,371.1762,3.339389,82150000.0,65.01,Tb,II,0.43920200000000004,6.0,3.778557,7.0,MC',2.0,15.0
39561,372.307,3.329247,24300000.0,65.01,Tb,II,0.641217,6.0,3.9704300000000003,5.0,MC',2.0,11.0
40419,375.7445,3.2987900000000003,44430000.0,65.01,Tb,II,0.43920200000000004,6.0,3.7379589999999996,5.0,MC',2.0,11.0
40870,377.5268,3.2832160000000004,30130000.0,65.01,Tb,II,0.790145,6.0,4.073328,6.0,MC',2.0,13.0
41141,378.7235,3.272842,25420000.0,65.01,Tb,II,0.373196,7.0,3.646006,7.0,MC',2.0,15.0
41631,380.6853,3.255977,61070000.0,65.01,Tb,II,0.43920200000000004,6.0,3.695146,6.0,MC',2.0,13.0
42596,384.5633,3.223144,61940000.0,65.01,Tb,II,0.790145,6.0,4.013257,6.0,MC',2.0,13.0
42680,384.8734,3.2205470000000003,63500000.0,65.01,Tb,II,0.0,8.0,3.220514,8.0,BRD,2.0,17.0
43271,387.4168,3.199405,117900000.0,65.01,Tb,II,0.0,8.0,3.199373,7.0,BRD,2.0,15.0
43597,388.7661,3.1883,5515000.0,65.01,Tb,II,0.12601500000000002,7.0,3.314284,6.0,MC',2.0,13.0
43906,389.9188,3.178875,71750000.0,65.01,Tb,II,0.373196,7.0,3.5520389999999997,7.0,BRD,2.0,15.0
44410,391.9505,3.162397,71360000.0,65.01,Tb,II,0.790145,6.0,3.952511,6.0,MC',2.0,13.0
44569,392.5428,3.157626,79650000.0,65.01,Tb,II,0.641217,6.0,3.798811,6.0,MC',2.0,13.0
44944,393.9539,3.146317,16750000.0,65.01,Tb,II,0.0,8.0,3.1462849999999998,7.0,MC',2.0,15.0
45122,394.6881,3.140463,35850000.0,65.01,Tb,II,0.373196,7.0,3.5136279999999998,6.0,MC',2.0,13.0
45592,396.722,3.124364,4394000.0,65.01,Tb,II,0.373196,7.0,3.497528,7.0,MC',2.0,15.0
45819,397.6839,3.116807,37880000.0,65.01,Tb,II,0.0,8.0,3.1167759999999998,8.0,MC',2.0,17.0
45919,398.1162,3.113422,48250000.0,65.01,Tb,II,0.8570399999999999,5.0,3.9704300000000003,5.0,MC',2.0,11.0
45932,398.187,3.112869,62750000.0,65.01,Tb,II,0.43920200000000004,6.0,3.5520389999999997,7.0,BRD,2.0,15.0
46337,400.0004,3.098757,17050000.0,65.01,Tb,II,0.790145,6.0,3.888871,7.0,MC',2.0,15.0
46388,400.2566,3.0967729999999998,106900000.0,65.01,Tb,II,0.641217,6.0,3.7379589999999996,5.0,MC',2.0,11.0
46457,400.5467,3.09453,90810000.0,65.01,Tb,II,0.12601500000000002,7.0,3.220514,8.0,BRD,2.0,17.0
46617,401.2723,3.0889349999999998,83870000.0,65.01,Tb,II,0.649055,5.0,3.7379589999999996,5.0,MC',2.0,11.0
46887,402.5712,3.078969,15570000.0,65.01,Tb,II,0.649055,5.0,3.727993,6.0,MC',2.0,13.0
47038,403.3022,3.073388,41350000.0,65.01,Tb,II,0.12601500000000002,7.0,3.199373,7.0,BRD,2.0,15.0
47475,405.2843,3.058358,14200000.0,65.01,Tb,II,0.43920200000000004,6.0,3.497528,7.0,MC',2.0,15.0
48544,410.3912,3.0203,5603000.0,65.01,Tb,II,0.12601500000000002,7.0,3.1462849999999998,7.0,MC',2.0,15.0
49370,414.4406,2.99079,19750000.0,65.01,Tb,II,0.12601500000000002,7.0,3.1167759999999998,8.0,MC',2.0,17.0
50747,421.4403,2.9411169999999998,11210000.0,65.01,Tb,II,0.373196,7.0,3.314284,6.0,MC',2.0,13.0
50972,422.6485,2.932709,6544000.0,65.01,Tb,II,0.0,8.0,2.93268,7.0,MC',2.0,15.0
51583,425.8222,2.910852,27000000.0,65.01,Tb,II,0.641217,6.0,3.5520389999999997,7.0,MC',2.0,15.0
51952,427.6747,2.898244,3278000.0,65.01,Tb,II,0.373196,7.0,3.271411,7.0,MC',2.0,15.0
52806,431.8828,2.870005,32290000.0,65.0,Tb,I,0.0,7.5,2.869976,7.5,CB,1.0,16.0
52966,432.643,2.864963,40400000.0,65.0,Tb,I,0.0,7.5,2.864934,8.5,CB,1.0,18.0
53182,433.8412,2.85705,29050000.0,65.0,Tb,I,0.0,7.5,2.857021,6.5,CB,1.0,14.0
53446,435.3197,2.847347,10250000.0,65.01,Tb,II,0.373196,7.0,3.220514,8.0,MC',2.0,17.0
53702,436.7327,2.838135,20300000.0,65.01,Tb,II,0.8570399999999999,5.0,3.695146,6.0,MC',2.0,13.0
53884,437.642,2.8322380000000003,1677000.0,65.01,Tb,II,0.43920200000000004,6.0,3.271411,7.0,MC',2.0,15.0
54595,441.6252,2.806693,2849000.0,65.01,Tb,II,0.12601500000000002,7.0,2.93268,7.0,MC',2.0,15.0
57273,457.8709,2.7071099999999997,5050000.0,65.01,Tb,II,0.43920200000000004,6.0,3.1462849999999998,7.0,MC',2.0,15.0
58082,463.6976,2.673094,1234000.0,65.01,Tb,II,0.641217,6.0,3.314284,6.0,MC',2.0,13.0
58196,464.5311,2.668298,2137000.0,65.01,Tb,II,0.0,8.0,2.668271,7.0,MC',2.0,15.0
59608,475.2526,2.608103,2652000.0,65.01,Tb,II,0.0,8.0,2.608077,8.0,MC',2.0,17.0
59737,476.2351,2.602722,289800.0,65.01,Tb,II,0.12601500000000002,7.0,2.728711,7.0,MC',2.0,15.0
60072,478.9929,2.5877369999999997,1703000.0,65.01,Tb,II,0.790145,6.0,3.377856,7.0,MC',2.0,15.0
61149,487.5574,2.542282,689800.0,65.01,Tb,II,0.12601500000000002,7.0,2.668271,7.0,MC',2.0,15.0
62542,499.3816,2.482087,577500.0,65.01,Tb,II,0.12601500000000002,7.0,2.608077,8.0,MC',2.0,17.0
65421,526.2106,2.355539,800700.0,65.01,Tb,II,0.373196,7.0,2.728711,7.0,MC',2.0,15.0
66355,534.7857,2.3177689999999997,120200.0,65.01,Tb,II,0.12601500000000002,7.0,2.443761,8.0,MC',2.0,17.0
66932,540.2043,2.29452,587300.0,65.01,Tb,II,0.641217,6.0,2.935714,6.0,MC',2.0,13.0
70690,578.5195,2.1425560000000003,447900.0,65.01,Tb,II,0.790145,6.0,2.93268,7.0,MC',2.0,15.0
70858,580.3141,2.1359310000000002,4333000.0,65.01,Tb,II,1.396255,8.0,3.532165,9.0,MC',2.0,19.0
72223,596.7306,2.07717,4364000.0,65.01,Tb,II,1.396255,8.0,3.473405,8.0,MC',2.0,17.0
73026,607.7814,2.039403,1203000.0,65.01,Tb,II,1.512657,7.0,3.5520389999999997,7.0,MC',2.0,15.0
73711,617.184,2.008334,1433000.0,65.01,Tb,II,1.6868319999999999,6.0,3.695146,6.0,MC',2.0,13.0
73853,619.4488,2.000991,952600.0,65.01,Tb,II,1.512657,7.0,3.5136279999999998,6.0,MC',2.0,13.0
74630,632.1563,1.960768,1172000.0,65.01,Tb,II,1.512657,7.0,3.473405,8.0,MC',2.0,17.0
76623,664.5373,1.8652259999999998,1580000.0,65.01,Tb,II,1.6868319999999999,6.0,3.5520389999999997,7.0,MC',2.0,15.0
77528,678.5104,1.826814,2843000.0,65.01,Tb,II,1.6868319999999999,6.0,3.5136279999999998,6.0,MC',2.0,13.0
77603,679.454,1.8242770000000001,4843000.0,65.01,Tb,II,1.396255,8.0,3.220514,8.0,MC',2.0,17.0
78133,687.4207,1.803135,1627000.0,65.01,Tb,II,1.396255,8.0,3.199373,7.0,MC',2.0,15.0
