,Wl/nm,E_Photon,A-Value,Elem. num,Element,ion state,E_lower_lev.,J_lower,E_upper_lev.,J_upper,Ref.,ion state num,g_j
5392,236.5958,5.23879,28900000.0,69.01,Tm,II,1.544507,6.0,6.783245,6.0,MC,2.0,13.0
5883,238.8951,5.188373,32460000.0,69.01,Tm,II,0.0,4.0,5.188321,3.0,MC',2.0,7.0
6294,240.823,5.146839,9486000.0,69.01,Tm,II,0.0,4.0,5.146787000000001,5.0,MC',2.0,11.0
6382,241.2443,5.137851,71780000.0,69.01,Tm,II,1.544507,6.0,6.682307000000001,6.0,MC,2.0,13.0
6582,242.0215,5.121354,20570000.0,69.01,Tm,II,2.556436,5.0,7.677739,6.0,MC,2.0,13.0
6609,242.1652,5.118316,68010000.0,69.01,Tm,II,1.544507,6.0,6.662772,7.0,MC,2.0,15.0
6768,242.8431,5.104029,10590000.0,69.01,Tm,II,0.0,4.0,5.103978,4.0,MC',2.0,9.0
6831,243.0767,5.099124,24380000.0,69.01,Tm,II,2.556436,5.0,7.6555100000000005,5.0,MC,2.0,11.0
7076,244.0704,5.078366,16430000.0,69.01,Tm,II,0.0,4.0,5.078315,4.0,MC',2.0,9.0
7170,244.5467,5.068475,109100000.0,69.01,Tm,II,1.544507,6.0,6.612932000000001,5.0,MC,2.0,11.0
7217,244.7383,5.064506,37180000.0,69.01,Tm,II,1.544507,6.0,6.608963,7.0,MC,2.0,15.0
7387,245.4907,5.048987,6435000.0,69.01,Tm,II,0.029377999999999998,3.0,5.078315,4.0,MC',2.0,9.0
7617,246.495,5.028417,53000000.0,69.01,Tm,II,1.544507,6.0,6.5728729999999995,6.0,MC,2.0,13.0
7902,247.6968,5.004021,16100000.0,69.01,Tm,II,0.0,4.0,5.003971,3.0,MC',2.0,7.0
7977,248.013,4.997642,163600000.0,69.01,Tm,II,0.029377999999999998,3.0,5.0269699999999995,3.0,MC',2.0,7.0
8236,249.0933,4.975968,28560000.0,69.01,Tm,II,2.228529,4.0,7.204447999999999,5.0,MC,2.0,11.0
8259,249.1597,4.974643,50560000.0,69.01,Tm,II,0.029377999999999998,3.0,5.003971,3.0,MC',2.0,7.0
8291,249.2907,4.972029,584100.0,69.0,Tm,I,0.0,3.5,4.97198,4.5,PK,1.0,10.0
8458,249.9538,4.95884,27430000.0,69.01,Tm,II,0.029377999999999998,3.0,4.988168,2.0,MC',2.0,5.0
8540,250.2697,4.95258,70790000.0,69.01,Tm,II,2.228529,4.0,7.181058999999999,3.0,MC,2.0,7.0
8626,250.5896,4.9462589999999995,4818000.0,69.01,Tm,II,0.0,4.0,4.946209,3.0,MC',2.0,7.0
8643,250.6452,4.945161,27070000.0,69.01,Tm,II,2.228529,4.0,7.17364,4.0,MC,2.0,9.0
8673,250.7142,4.9438,75760000.0,69.01,Tm,II,1.544507,6.0,6.488258,7.0,MC,2.0,15.0
8721,250.8841,4.940453,888800.0,69.0,Tm,I,0.0,3.5,4.940403,3.5,PK,1.0,8.0
8727,250.908,4.939982,178100000.0,69.01,Tm,II,0.0,4.0,4.939932,4.0,MC',2.0,9.0
8797,251.1836,4.934562000000001,31760000.0,69.01,Tm,II,2.556436,5.0,7.4909490000000005,6.0,MC,2.0,13.0
8855,251.3778,4.930751,6922000.0,69.0,Tm,I,0.0,3.5,4.930701999999999,4.5,PK,1.0,10.0
8857,251.3864,4.930581,90350000.0,69.01,Tm,II,2.228529,4.0,7.159061,4.0,MC,2.0,9.0
9064,252.087,4.916881,35950000.0,69.01,Tm,II,0.029377999999999998,3.0,4.946209,3.0,MC',2.0,7.0
9112,252.2166,4.914353,32510000.0,69.01,Tm,II,0.0,4.0,4.914303,4.0,MC',2.0,9.0
9227,252.5723,4.907433,3758000.0,69.0,Tm,I,0.0,3.5,4.9073839999999995,3.5,PK,1.0,8.0
9263,252.702,4.904915,16730000.0,69.0,Tm,I,0.0,3.5,4.904866,3.5,PK,1.0,8.0
9288,252.7857,4.903291,7520000.0,69.0,Tm,I,0.0,3.5,4.903241,2.5,PK,1.0,6.0
9378,253.1446,4.89634,23390000.0,69.01,Tm,II,2.228529,4.0,7.12482,3.0,MC,2.0,7.0
9693,254.2659,4.874748,19780000.0,69.01,Tm,II,0.029377999999999998,3.0,4.904077,3.0,MC',2.0,7.0
9744,254.403,4.872121,18440000.0,69.01,Tm,II,2.4403770000000002,8.0,7.312449000000001,7.0,MC,2.0,15.0
9823,254.6363,4.8676580000000005,1124000.0,69.0,Tm,I,0.0,3.5,4.86761,2.5,PK,1.0,6.0
9947,254.981,4.861077,3118000.0,69.0,Tm,I,0.0,3.5,4.861029,4.5,PK,1.0,10.0
10000,255.1511,4.857836,22150000.0,69.01,Tm,II,3.255361,7.0,8.113149,6.0,MC,2.0,13.0
10026,255.2766,4.85545,39880000.0,69.0,Tm,I,0.0,3.5,4.8554010000000005,3.5,PK,1.0,8.0
10293,256.1651,4.83861,60060000.0,69.01,Tm,II,0.0,4.0,4.838561,4.0,MC',2.0,9.0
10305,256.208,4.8377989999999995,447400.0,69.0,Tm,I,0.0,3.5,4.837751,4.5,PK,1.0,10.0
10356,256.3863,4.834435,21230000.0,69.01,Tm,II,0.0,4.0,4.834387,3.0,MC',2.0,7.0
10410,256.5983,4.830442,13660000.0,69.01,Tm,II,0.029377999999999998,3.0,4.859771,2.0,MC',2.0,5.0
10471,256.8266,4.826148,4049000.0,69.01,Tm,II,0.029377999999999998,3.0,4.855478,4.0,MC',2.0,9.0
10509,256.9349,4.824114,24560000.0,69.01,Tm,II,2.054104,5.0,6.87817,6.0,MC,2.0,13.0
10908,258.3421,4.797839,4124000.0,69.0,Tm,I,0.0,3.5,4.79779,2.5,PK,1.0,6.0
11034,258.8276,4.788838,350300000.0,69.01,Tm,II,1.544507,6.0,6.333298,5.0,MC,2.0,11.0
11211,259.4976,4.776476000000001,21800000.0,69.01,Tm,II,2.421017,6.0,7.197445,7.0,MC,2.0,15.0
11248,259.6491,4.773687000000001,15820000.0,69.0,Tm,I,0.0,3.5,4.77364,4.5,PK,1.0,10.0
11371,260.1091,4.765246,17080000.0,69.0,Tm,I,0.0,3.5,4.765199,2.5,PK,1.0,6.0
11513,260.6019,4.756235,20640000.0,69.01,Tm,II,0.0,4.0,4.756188,4.0,MC',2.0,9.0
11550,260.7055,4.754346,103900000.0,69.01,Tm,II,0.029377999999999998,3.0,4.783676,3.0,MC',2.0,7.0
11556,260.7288,4.75392,725100.0,69.0,Tm,I,0.0,3.5,4.7538730000000005,3.5,PK,1.0,8.0
11815,261.5986,4.7381150000000005,33980000.0,69.01,Tm,II,2.2678409999999998,4.0,7.005908,5.0,MC,2.0,11.0
11822,261.6317,4.737516,57880000.0,69.01,Tm,II,2.432456,7.0,7.169924000000001,6.0,MC,2.0,13.0
11838,261.6995,4.736288,2944000.0,69.01,Tm,II,0.0,4.0,4.736241000000001,5.0,MC',2.0,11.0
11942,262.0925,4.729188,28510000.0,69.01,Tm,II,2.054104,5.0,6.783245,6.0,MC,2.0,13.0
11955,262.1937,4.7273629999999995,737000.0,69.0,Tm,I,0.0,3.5,4.727315,2.5,PK,1.0,6.0
11963,262.2217,4.726857,7539000.0,69.01,Tm,II,0.029377999999999998,3.0,4.756188,4.0,MC',2.0,9.0
11970,262.2464,4.726413,6046000.0,69.0,Tm,I,0.0,3.5,4.7263660000000005,4.5,PK,1.0,10.0
12030,262.4335,4.723043,63910000.0,69.01,Tm,II,0.0,4.0,4.722996,4.0,MC',2.0,9.0
12365,263.7227,4.699955999999999,43710000.0,69.01,Tm,II,2.432456,7.0,7.132364999999999,6.0,MC,2.0,13.0
12386,263.8407,4.697854,44270000.0,69.01,Tm,II,2.4403770000000002,8.0,7.138184,7.0,MC,2.0,15.0
12447,264.0762,4.693665,18500000.0,69.01,Tm,II,0.029377999999999998,3.0,4.722996,4.0,MC',2.0,9.0
12525,264.3501,4.688802,33120000.0,69.01,Tm,II,1.544507,6.0,6.233262,5.0,MC,2.0,11.0
12590,264.6449,4.683579,10480000.0,69.01,Tm,II,0.0,4.0,4.683532,4.0,MC',2.0,9.0
12693,265.027,4.676826,17510000.0,69.01,Tm,II,0.029377999999999998,3.0,4.706157,3.0,MC',2.0,7.0
12713,265.0952,4.675624,447800.0,69.0,Tm,I,0.0,3.5,4.675577,4.5,PK,1.0,10.0
12767,265.3403,4.671305,30540000.0,69.01,Tm,II,2.606393,5.0,7.277652000000001,5.0,MC,2.0,11.0
12885,265.8479,4.662386,28220000.0,69.01,Tm,II,0.029377999999999998,3.0,4.691717,2.0,MC',2.0,5.0
12928,266.0094,4.659555,19180000.0,69.01,Tm,II,0.0,4.0,4.659508,4.0,MC',2.0,9.0
12938,266.042,4.658983999999999,542000.0,69.0,Tm,I,0.0,3.5,4.658938,4.5,PK,1.0,10.0
13040,266.4451,4.651937,70400000.0,69.01,Tm,II,3.126821,2.0,7.778712,3.0,MC,2.0,7.0
13326,267.4976,4.633635,23000000.0,69.01,Tm,II,2.854648,8.0,7.488236,8.0,MC,2.0,17.0
13382,267.712,4.629924,44520000.0,69.01,Tm,II,2.556436,5.0,7.186314,6.0,MC,2.0,13.0
13406,267.8089,4.628248999999999,36250000.0,69.01,Tm,II,2.054104,5.0,6.682307000000001,6.0,MC,2.0,13.0
13441,267.9566,4.625697,178100000.0,69.01,Tm,II,1.544507,6.0,6.170158,7.0,MC,2.0,15.0
13571,268.4075,4.617927,12890000.0,69.01,Tm,II,0.029377999999999998,3.0,4.647259,2.0,MC',2.0,5.0
13637,268.6324,4.614061,26100000.0,69.01,Tm,II,2.606393,5.0,7.220408,6.0,MC,2.0,13.0
13731,268.9986,4.60778,47670000.0,69.01,Tm,II,2.228529,4.0,6.836263000000001,3.0,MC,2.0,7.0
13830,269.3464,4.601831,25900000.0,69.01,Tm,II,2.421017,6.0,7.022802,6.0,MC,2.0,13.0
14027,270.0176,4.590392,37080000.0,69.01,Tm,II,2.432456,7.0,7.022802,6.0,MC,2.0,13.0
14239,270.8186,4.576816,2369000.0,69.01,Tm,II,0.029377999999999998,3.0,4.606148,2.0,MC',2.0,5.0
14328,271.1503,4.571218,9065000.0,69.01,Tm,II,0.0,4.0,4.571172,3.0,MC',2.0,7.0
14584,272.119,4.554945,309300000.0,69.01,Tm,II,1.544507,6.0,6.099406,6.0,MC,2.0,13.0
14797,272.9043,4.5418400000000005,12440000.0,69.01,Tm,II,0.029377999999999998,3.0,4.571172,3.0,MC',2.0,7.0
14839,273.0722,4.539047,37500000.0,69.01,Tm,II,2.228529,4.0,6.767531,4.0,MC,2.0,9.0
14971,273.533,4.5314,2949000.0,69.01,Tm,II,0.0,4.0,4.5313550000000005,4.0,MC',2.0,9.0
15188,274.2949,4.518814,70060000.0,69.01,Tm,II,2.054104,5.0,6.5728729999999995,6.0,MC,2.0,13.0
15220,274.4083,4.516947,178500000.0,69.01,Tm,II,2.556436,5.0,7.073338000000001,5.0,MC,2.0,11.0
15398,275.0766,4.505973,96950000.0,69.01,Tm,II,2.228529,4.0,6.734457000000001,5.0,MC,2.0,11.0
15468,275.3181,4.502022,6531000.0,69.01,Tm,II,0.029377999999999998,3.0,4.5313550000000005,4.0,MC',2.0,9.0
15628,275.8969,4.492576000000001,80720000.0,69.01,Tm,II,2.556436,5.0,7.0489679999999995,5.0,MC,2.0,11.0
15647,275.9555,4.491623000000001,30150000.0,69.01,Tm,II,2.421017,6.0,6.912595,6.0,MC,2.0,13.0
15880,276.6806,4.479851999999999,4773000.0,69.01,Tm,II,0.0,4.0,4.479807,3.0,MC',2.0,7.0
15886,276.7095,4.479384,54270000.0,69.01,Tm,II,2.2678409999999998,4.0,6.74718,4.0,MC,2.0,9.0
16094,277.3797,4.468562,6007000.0,69.01,Tm,II,0.0,4.0,4.468516999999999,3.0,MC',2.0,7.0
16130,277.4774,4.46699,63240000.0,69.01,Tm,II,2.606393,5.0,7.073338000000001,5.0,MC,2.0,11.0
16143,277.4978,4.466661,159900000.0,69.01,Tm,II,2.2678409999999998,4.0,6.734457000000001,5.0,MC,2.0,11.0
16202,277.7041,4.463342,80100000.0,69.01,Tm,II,2.734148,7.0,7.197445,7.0,MC,2.0,15.0
16246,277.8398,4.461162,54330000.0,69.01,Tm,II,2.228529,4.0,6.689647,4.0,MC,2.0,9.0
16291,277.9552,4.4593110000000005,13730000.0,69.01,Tm,II,0.0,4.0,4.459266,4.0,MC',2.0,9.0
16332,278.087,4.457197,83480000.0,69.01,Tm,II,2.421017,6.0,6.87817,6.0,MC,2.0,13.0
16458,278.5072,4.450473000000001,24050000.0,69.01,Tm,II,0.029377999999999998,3.0,4.479807,3.0,MC',2.0,7.0
16496,278.6161,4.448733,73440000.0,69.01,Tm,II,2.77172,6.0,7.220408,6.0,MC,2.0,13.0
16668,279.2155,4.439183,12080000.0,69.01,Tm,II,0.029377999999999998,3.0,4.468516999999999,3.0,MC',2.0,7.0
16718,279.4594,4.435308999999999,26970000.0,69.01,Tm,II,0.0,4.0,4.435264,5.0,MC',2.0,11.0
16758,279.6087,4.4329410000000005,5884000.0,69.01,Tm,II,0.0,4.0,4.4328959999999995,3.0,MC',2.0,7.0
16803,279.7267,4.431072,324700000.0,69.01,Tm,II,1.544507,6.0,5.975535,6.0,MC,2.0,13.0
16825,279.7986,4.429933,3076000.0,69.01,Tm,II,0.029377999999999998,3.0,4.459266,4.0,MC',2.0,9.0
16884,280.0395,4.4261230000000005,103800000.0,69.01,Tm,II,2.228529,4.0,6.6546080000000005,4.0,MC,2.0,9.0
16960,280.3101,4.42185,76620000.0,69.01,Tm,II,2.2678409999999998,4.0,6.689647,4.0,MC,2.0,9.0
17104,280.7983,4.414162,197200000.0,69.01,Tm,II,2.228529,4.0,6.642647,4.0,MC,2.0,9.0
17126,280.8424,4.413469,15170000.0,69.01,Tm,II,0.029377999999999998,3.0,4.442803,2.0,MC',2.0,5.0
17280,281.3019,4.40626,30660000.0,69.01,Tm,II,2.432456,7.0,6.838672,6.0,MC,2.0,13.0
17302,281.3818,4.405009,32890000.0,69.01,Tm,II,2.946961,5.0,7.351926,4.0,MC,2.0,9.0
17323,281.4411,4.404081,94410000.0,69.01,Tm,II,2.734148,7.0,7.138184,7.0,MC,2.0,15.0
17328,281.4501,4.4039410000000005,197200000.0,69.01,Tm,II,2.228529,4.0,6.632426,3.0,MC,2.0,7.0
17342,281.4735,4.403575,33250000.0,69.01,Tm,II,3.185924,4.0,7.589455,4.0,MC,2.0,9.0
17395,281.6548,4.400739,45410000.0,69.01,Tm,II,2.951231,4.0,7.351926,4.0,MC,2.0,9.0
17417,281.7304,4.399559,82190000.0,69.01,Tm,II,2.606393,5.0,7.005908,5.0,MC,2.0,11.0
17447,281.8136,4.398261,85700000.0,69.01,Tm,II,2.734148,7.0,7.132364999999999,6.0,MC,2.0,13.0
17456,281.8466,4.397745,103700000.0,69.01,Tm,II,1.544507,6.0,5.942208,6.0,MC,2.0,13.0
17474,281.9079,4.396789,46510000.0,69.01,Tm,II,2.421017,6.0,6.817761999999999,7.0,MC,2.0,15.0
17509,282.0219,4.395012,21920000.0,69.01,Tm,II,2.556436,5.0,6.951405,5.0,MC,2.0,11.0
17673,282.6433,4.38535,63290000.0,69.01,Tm,II,2.432456,7.0,6.817761999999999,7.0,MC,2.0,15.0
17686,282.7015,4.384446,225300000.0,69.01,Tm,II,2.228529,4.0,6.612932000000001,5.0,MC,2.0,11.0
17703,282.7757,4.383297,61950000.0,69.01,Tm,II,2.556436,5.0,6.9396889999999996,6.0,MC,2.0,13.0
17711,282.7922,4.38304,276400000.0,69.01,Tm,II,1.544507,6.0,5.927503,5.0,MC,2.0,11.0
17813,283.1548,4.377429,133600000.0,69.01,Tm,II,2.4403770000000002,8.0,6.817761999999999,7.0,MC,2.0,15.0
17897,283.5099,4.371944999999999,1326000.0,69.0,Tm,I,0.0,3.5,4.371901,2.5,PK,1.0,6.0
18003,283.863,4.3665080000000005,27200000.0,69.01,Tm,II,2.77172,6.0,7.138184,7.0,MC,2.0,15.0
18010,283.8925,4.366053,179600000.0,69.01,Tm,II,2.556436,5.0,6.922446000000001,4.0,MC,2.0,9.0
18032,283.9852,4.364628,99580000.0,69.01,Tm,II,2.2678409999999998,4.0,6.632426,3.0,MC,2.0,7.0
18070,284.1124,4.362674,19800000.0,69.0,Tm,I,1.087496,2.5,5.450126,2.5,BKP,1.0,6.0
18079,284.1387,4.362271,92650000.0,69.01,Tm,II,2.421017,6.0,6.783245,6.0,MC,2.0,13.0
18101,284.2418,4.360688,31370000.0,69.01,Tm,II,2.77172,6.0,7.132364999999999,6.0,MC,2.0,13.0
18165,284.4667,4.357241,17610000.0,69.01,Tm,II,0.029377999999999998,3.0,4.386576,3.0,MC',2.0,7.0
18179,284.5345,4.356202,46630000.0,69.01,Tm,II,2.556436,5.0,6.912595,6.0,MC,2.0,13.0
18264,284.8857,4.350833000000001,73550000.0,69.01,Tm,II,2.432456,7.0,6.783245,6.0,MC,2.0,13.0
18355,285.2594,4.345134,26360000.0,69.01,Tm,II,2.2678409999999998,4.0,6.612932000000001,5.0,MC,2.0,11.0
18375,285.3248,4.344137,2240000.0,69.01,Tm,II,0.029377999999999998,3.0,4.3734720000000005,2.0,MC',2.0,5.0
18400,285.4012,4.342974,99930000.0,69.01,Tm,II,2.228529,4.0,6.571460000000001,4.0,MC,2.0,9.0
18409,285.4166,4.342741,27210000.0,69.0,Tm,I,0.0,3.5,4.342698,2.5,PK,1.0,6.0
18429,285.4894,4.341633,41360000.0,69.01,Tm,II,2.97086,7.0,7.312449000000001,7.0,MC,2.0,15.0
18564,286.0106,4.333721,190900000.0,69.01,Tm,II,3.246956,5.0,7.580634,5.0,MC,2.0,11.0
18574,286.0358,4.333339,39180000.0,69.01,Tm,II,2.606393,5.0,6.9396889999999996,6.0,MC,2.0,13.0
18607,286.1736,4.331253,182100000.0,69.01,Tm,II,2.228529,4.0,6.5597389999999995,5.0,MC,2.0,11.0
18640,286.3353,4.328808,4754000.0,69.01,Tm,II,0.0,4.0,4.328764,3.0,MC',2.0,7.0
18744,286.8012,4.321777,125200000.0,69.01,Tm,II,2.556436,5.0,6.87817,6.0,MC,2.0,13.0
18777,286.9225,4.319948999999999,491200000.0,69.01,Tm,II,1.544507,6.0,5.864413,7.0,MC,2.0,15.0
18994,287.8356,4.306245,47170000.0,69.01,Tm,II,2.606393,5.0,6.912595,6.0,MC,2.0,13.0
19198,288.6455,4.294164,5431000.0,69.01,Tm,II,0.029377999999999998,3.0,4.323499,4.0,MC',2.0,9.0
19239,288.795,4.2919410000000005,55120000.0,69.01,Tm,II,2.2678409999999998,4.0,6.5597389999999995,5.0,MC,2.0,11.0
19278,288.9638,4.289434,76250000.0,69.01,Tm,II,2.963772,6.0,7.253162,6.0,MC,2.0,13.0
19285,288.9936,4.288991,27710000.0,69.01,Tm,II,3.101434,5.0,7.390382000000001,5.0,MC,2.0,11.0
19304,289.0743,4.287793,40510000.0,69.01,Tm,II,2.946961,5.0,7.234711,4.0,MC,2.0,9.0
19309,289.0935,4.28751,18470000.0,69.01,Tm,II,0.0,4.0,4.2874669999999995,5.0,MC',2.0,11.0
19388,289.3622,4.283528,46620000.0,69.01,Tm,II,2.556436,5.0,6.8399220000000005,5.0,MC,2.0,11.0
19416,289.4466,4.282279,133900000.0,69.01,Tm,II,2.556436,5.0,6.838672,6.0,MC,2.0,13.0
19649,290.4098,4.268077,20590000.0,69.01,Tm,II,3.311547,6.0,7.579582,7.0,MC,2.0,15.0
19724,290.7169,4.263568,101400000.0,69.01,Tm,II,2.228529,4.0,6.492054,3.0,MC,2.0,7.0
19761,290.8694,4.261332,47160000.0,69.01,Tm,II,2.421017,6.0,6.682307000000001,6.0,MC,2.0,13.0
19807,291.0353,4.258904,10710000.0,69.01,Tm,II,1.544507,6.0,5.803368,5.0,MC,2.0,11.0
19847,291.1874,4.256679,40420000.0,69.01,Tm,II,2.963772,6.0,7.220408,6.0,MC,2.0,13.0
19900,291.396,4.253633,4342000.0,69.01,Tm,II,0.0,4.0,4.25359,4.0,MC',2.0,9.0
19924,291.4839,4.25235,7683000.0,69.0,Tm,I,0.0,3.5,4.252307,3.5,PK,1.0,8.0
19972,291.6524,4.249894,102600000.0,69.01,Tm,II,2.432456,7.0,6.682307000000001,6.0,MC,2.0,13.0
20087,292.0983,4.243405,80830000.0,69.01,Tm,II,2.6790830000000003,3.0,6.922446000000001,4.0,MC,2.0,9.0
20116,292.2091,4.241797,47910000.0,69.01,Tm,II,2.421017,6.0,6.662772,7.0,MC,2.0,15.0
20136,292.2834,4.240719,66970000.0,69.01,Tm,II,2.963772,6.0,7.204447999999999,5.0,MC,2.0,11.0
20217,292.565,4.236637,164100000.0,69.01,Tm,II,2.5374380000000003,9.0,6.774033,8.0,MC,2.0,17.0
20226,292.5918,4.236249,4339000.0,69.01,Tm,II,0.029377999999999998,3.0,4.265585,2.0,MC',2.0,5.0
20246,292.6746,4.23505,17890000.0,69.01,Tm,II,0.0,4.0,4.2350080000000005,5.0,MC',2.0,11.0
20258,292.7313,4.23423,27580000.0,69.01,Tm,II,2.77172,6.0,7.005908,5.0,MC,2.0,11.0
20270,292.7669,4.233716,35130000.0,69.01,Tm,II,2.963772,6.0,7.197445,7.0,MC,2.0,15.0
20285,292.8221,4.232917,69220000.0,69.01,Tm,II,3.255361,7.0,7.488236,8.0,MC,2.0,17.0
20294,292.8633,4.232321,23150000.0,69.01,Tm,II,2.606393,5.0,6.838672,6.0,MC,2.0,13.0
20342,293.0557,4.229544000000001,42370000.0,69.01,Tm,II,3.8836480000000004,6.0,8.113149,6.0,MC,2.0,13.0
20363,293.1092,4.228771,170900000.0,69.0,Tm,I,2.040397,8.5,6.269126,7.5,MC,1.0,16.0
20392,293.2579,4.226628,49240000.0,69.01,Tm,II,2.97086,7.0,7.197445,7.0,MC,2.0,15.0
20404,293.2967,4.226069,10120000.0,69.0,Tm,I,0.0,3.5,4.226026,2.5,PK,1.0,6.0
20424,293.3886,4.224744,32960000.0,69.01,Tm,II,3.246956,5.0,7.471658000000001,6.0,MC,2.0,13.0
20465,293.5489,4.222437,19930000.0,69.01,Tm,II,2.4403770000000002,8.0,6.662772,7.0,MC,2.0,15.0
20473,293.5991,4.2217150000000006,490300000.0,69.01,Tm,II,2.054104,5.0,6.275778,6.0,MC,2.0,13.0
20492,293.6588,4.220857,33720000.0,69.01,Tm,II,2.765941,4.0,6.986756,4.0,MC,2.0,9.0
20679,294.3367,4.211137,80900000.0,69.01,Tm,II,2.556436,5.0,6.767531,4.0,MC,2.0,9.0
20768,294.6825,4.206195,77490000.0,69.01,Tm,II,2.963772,6.0,7.169924000000001,6.0,MC,2.0,13.0
20806,294.799,4.204532,205000000.0,69.01,Tm,II,2.228529,4.0,6.433019,3.0,MC,2.0,7.0
20810,294.8145,4.204312,113400000.0,69.01,Tm,II,3.2211119999999998,3.0,7.425381,4.0,MC,2.0,9.0
20866,295.0077,4.201559,34420000.0,69.01,Tm,II,3.379117,4.0,7.580634,5.0,MC,2.0,11.0
20915,295.18,4.199107,40810000.0,69.01,Tm,II,2.97086,7.0,7.169924000000001,6.0,MC,2.0,13.0
20934,295.2471,4.198151999999999,60150000.0,69.01,Tm,II,3.379117,4.0,7.577227000000001,4.0,MC,2.0,9.0
20952,295.3572,4.196587,43160000.0,69.01,Tm,II,3.282888,6.0,7.4794339999999995,7.0,MC,2.0,15.0
20985,295.5048,4.194491,48230000.0,69.01,Tm,II,2.946961,5.0,7.1414089999999995,5.0,MC,2.0,11.0
21054,295.7553,4.190938,42160000.0,69.01,Tm,II,2.77172,6.0,6.962617,7.0,MC,2.0,15.0
21058,295.7661,4.190786,33630000.0,69.01,Tm,II,2.556436,5.0,6.74718,4.0,MC,2.0,9.0
21100,295.9637,4.187988,124500000.0,69.01,Tm,II,2.421017,6.0,6.608963,7.0,MC,2.0,15.0
21146,296.1392,4.185505,47920000.0,69.01,Tm,II,2.765941,4.0,6.951405,5.0,MC,2.0,11.0
21279,296.5861,4.1792,399200000.0,69.01,Tm,II,2.054104,5.0,6.233262,5.0,MC,2.0,11.0
21325,296.7743,4.176549,83160000.0,69.01,Tm,II,2.432456,7.0,6.608963,7.0,MC,2.0,15.0
21373,296.949,4.174093,3406000.0,69.01,Tm,II,0.0,4.0,4.174051,4.0,MC',2.0,9.0
21460,297.3218,4.168858999999999,23350000.0,69.0,Tm,I,0.0,3.5,4.168817,3.5,PK,1.0,8.0
21466,297.3383,4.168627,111200000.0,69.01,Tm,II,2.4403770000000002,8.0,6.608963,7.0,MC,2.0,15.0
21494,297.4283,4.167366,78350000.0,69.01,Tm,II,2.97086,7.0,7.138184,7.0,MC,2.0,15.0
21501,297.46,4.166921,24440000.0,69.01,Tm,II,3.483374,7.0,7.650253999999999,6.0,MC,2.0,13.0
21605,297.8414,4.161586,5343000.0,69.01,Tm,II,0.0,4.0,4.161544,3.0,MC',2.0,7.0
21631,297.944,4.160153,29290000.0,69.01,Tm,II,3.311547,6.0,7.471658000000001,6.0,MC,2.0,13.0
21683,298.148,4.157306,162000000.0,69.01,Tm,II,1.544507,6.0,5.701772,5.0,MC,2.0,11.0
21789,298.5364,4.151898,104500000.0,69.01,Tm,II,2.421017,6.0,6.5728729999999995,6.0,MC,2.0,13.0
21929,299.0539,4.144714,18040000.0,69.01,Tm,II,0.029377999999999998,3.0,4.174051,4.0,MC',2.0,9.0
21984,299.2881,4.141471,24810000.0,69.01,Tm,II,2.77172,6.0,6.913149000000001,7.0,MC,2.0,15.0
21992,299.3256,4.140953,6831000.0,69.01,Tm,II,0.0,4.0,4.140911,3.0,MC',2.0,7.0
22012,299.3897,4.140066,3178000.0,69.01,Tm,II,0.0,4.0,4.140025,4.0,MC',2.0,9.0
22019,299.4327,4.139471,44790000.0,69.01,Tm,II,3.131533,3.0,7.270963,3.0,MC,2.0,7.0
22147,299.959,4.132208,4663000.0,69.01,Tm,II,0.029377999999999998,3.0,4.161544,3.0,MC',2.0,7.0
22267,300.4168,4.1259120000000005,23580000.0,69.01,Tm,II,2.556436,5.0,6.682307000000001,6.0,MC,2.0,13.0
22320,300.6333,4.12294,69430000.0,69.01,Tm,II,2.228529,4.0,6.351428,4.0,MC,2.0,9.0
22376,300.8909,4.11941,130000000.0,69.01,Tm,II,2.054104,5.0,6.173473,4.0,MC,2.0,9.0
22388,300.9197,4.119016,24210000.0,69.01,Tm,II,3.101434,5.0,7.220408,6.0,MC,2.0,13.0
22492,301.371,4.112849,186100000.0,69.01,Tm,II,2.432456,7.0,6.545262999999999,6.0,MC,2.0,13.0
22512,301.4644,4.111574,14800000.0,69.01,Tm,II,0.029377999999999998,3.0,4.140911,3.0,MC',2.0,7.0
22529,301.5294,4.110688,40080000.0,69.01,Tm,II,0.029377999999999998,3.0,4.140025,4.0,MC',2.0,9.0
22546,301.6087,4.109608000000001,68800000.0,69.01,Tm,II,2.963772,6.0,7.073338000000001,5.0,MC,2.0,11.0
22550,301.6182,4.109478,59570000.0,69.01,Tm,II,3.483481,6.0,7.592917,6.0,MC,2.0,13.0
22565,301.6789,4.108651,25980000.0,69.01,Tm,II,3.592433,7.0,7.701042999999999,7.0,MC,2.0,15.0
22581,301.726,4.10801,50180000.0,69.01,Tm,II,2.854648,8.0,6.962617,7.0,MC,2.0,15.0
22604,301.8262,4.106646,45110000.0,69.01,Tm,II,3.131533,3.0,7.238138,3.0,MC,2.0,7.0
22643,301.9792,4.104565,49310000.0,69.01,Tm,II,2.734148,7.0,6.838672,6.0,MC,2.0,13.0
22696,302.2074,4.101466,35310000.0,69.01,Tm,II,3.505817,5.0,7.607241,5.0,MC,2.0,11.0
22791,302.6068,4.096051999999999,6542000.0,69.01,Tm,II,0.0,4.0,4.096011,5.0,MC',2.0,11.0
22923,303.1666,4.088489,89180000.0,69.01,Tm,II,2.6790830000000003,3.0,6.767531,4.0,MC,2.0,9.0
22982,303.408,4.085237,74030000.0,69.01,Tm,II,2.963772,6.0,7.0489679999999995,5.0,MC,2.0,11.0
23019,303.5983,4.0826769999999994,130100000.0,69.01,Tm,II,2.6790830000000003,3.0,6.761719,3.0,MC,2.0,7.0
23169,304.2344,4.07414,12490000.0,69.01,Tm,II,0.029377999999999998,3.0,4.103478,2.0,MC',2.0,5.0
23281,304.6755,4.068242,333300000.0,69.01,Tm,II,2.77172,6.0,6.8399220000000005,5.0,MC,2.0,11.0
23287,304.687,4.068089,17910000.0,69.0,Tm,I,0.0,3.5,4.068048,3.5,PK,1.0,8.0
23332,304.8812,4.065497,163000000.0,69.01,Tm,II,2.2678409999999998,4.0,6.333298,5.0,MC,2.0,11.0
23436,305.3702,4.058987999999999,74270000.0,69.01,Tm,II,2.946961,5.0,7.005908,5.0,MC,2.0,11.0
23445,305.4043,4.058534,36870000.0,69.01,Tm,II,1.544507,6.0,5.603001,5.0,MC,2.0,11.0
23489,305.607,4.055843,241200000.0,69.01,Tm,II,2.432456,7.0,6.488258,7.0,MC,2.0,15.0
23553,305.8981,4.051983,63060000.0,69.01,Tm,II,2.97086,7.0,7.022802,6.0,MC,2.0,13.0
23603,306.1131,4.049138,62400000.0,69.01,Tm,II,2.734148,7.0,6.783245,6.0,MC,2.0,13.0
23626,306.2051,4.047921,53300000.0,69.01,Tm,II,2.4403770000000002,8.0,6.488258,7.0,MC,2.0,15.0
23675,306.4003,4.045342,48460000.0,69.01,Tm,II,2.054104,5.0,6.099406,6.0,MC,2.0,13.0
23779,306.8112,4.039925,35050000.0,69.01,Tm,II,2.734148,7.0,6.774033,8.0,MC,2.0,17.0
24102,308.1124,4.022864,18940000.0,69.0,Tm,I,0.0,3.5,4.022824,3.5,PK,1.0,8.0
24230,308.7008,4.015197,94700000.0,69.01,Tm,II,2.432456,7.0,6.447612,8.0,MC,2.0,17.0
24383,309.3111,4.007275,113900000.0,69.01,Tm,II,2.4403770000000002,8.0,6.447612,8.0,MC,2.0,17.0
24498,309.6968,4.002285,261200000.0,69.01,Tm,II,2.6790830000000003,3.0,6.6813270000000005,2.0,MC,2.0,5.0
24534,309.8597,4.0001809999999995,28420000.0,69.01,Tm,II,0.029377999999999998,3.0,4.0295190000000005,2.0,MC',2.0,5.0
24556,309.9601,3.998885,55230000.0,69.01,Tm,II,2.963772,6.0,6.962617,7.0,MC,2.0,15.0
24615,310.1844,3.9959919999999998,41550000.0,69.01,Tm,II,3.483481,6.0,7.4794339999999995,7.0,MC,2.0,15.0
24636,310.2877,3.9946629999999996,52750000.0,69.01,Tm,II,1.087302,2.0,5.081925,1.0,MC',2.0,3.0
24737,310.7151,3.989168,1932000.0,69.0,Tm,I,0.0,3.5,3.989128,2.5,PK,1.0,6.0
24892,311.3308,3.9812790000000002,67020000.0,69.01,Tm,II,2.765941,4.0,6.74718,4.0,MC,2.0,9.0
25101,312.2533,3.9695169999999997,134800000.0,69.0,Tm,I,1.087496,2.5,5.056973,2.5,MC,1.0,6.0
25122,312.329,3.968556,40020000.0,69.01,Tm,II,2.765941,4.0,6.734457000000001,5.0,MC,2.0,11.0
25154,312.4893,3.9665199999999996,62990000.0,69.01,Tm,II,2.606393,5.0,6.5728729999999995,6.0,MC,2.0,13.0
25185,312.5728,3.965461,73380000.0,69.01,Tm,II,2.2678409999999998,4.0,6.233262,5.0,MC,2.0,11.0
25195,312.6007,3.9651059999999996,182200000.0,69.01,Tm,II,2.606393,5.0,6.571460000000001,4.0,MC,2.0,9.0
25324,313.1255,3.9584610000000002,117800000.0,69.01,Tm,II,0.0,4.0,3.958421,5.0,AS,2.0,11.0
25380,313.3888,3.955136,41920000.0,69.01,Tm,II,0.0,4.0,3.9550959999999997,4.0,MC',2.0,9.0
25604,314.2431,3.944383,128300000.0,69.0,Tm,I,1.087496,2.5,5.031839,2.5,MC,1.0,6.0
25703,314.6161,3.939708,61970000.0,69.01,Tm,II,1.087302,2.0,5.0269699999999995,3.0,MC',2.0,7.0
25771,314.9142,3.935979,1688000.0,69.01,Tm,II,0.0,4.0,3.935939,3.0,MC',2.0,7.0
25801,315.1037,3.933612,27080000.0,69.01,Tm,II,0.0,4.0,3.9335720000000003,5.0,MC',2.0,11.0
25945,315.7341,3.925757,27540000.0,69.01,Tm,II,0.029377999999999998,3.0,3.9550959999999997,4.0,MC',2.0,9.0
26064,316.2443,3.919424,49250000.0,69.01,Tm,II,2.854648,8.0,6.774033,8.0,MC,2.0,17.0
26122,316.4865,3.916425,20330000.0,69.01,Tm,II,1.110585,3.0,5.0269699999999995,3.0,MC',2.0,7.0
26210,316.8186,3.91232,189200000.0,69.01,Tm,II,2.421017,6.0,6.333298,5.0,MC,2.0,11.0
26222,316.8816,3.911542,79560000.0,69.01,Tm,II,3.744007,5.0,7.6555100000000005,5.0,MC,2.0,11.0
26307,317.2654,3.9068110000000003,17860000.0,69.0,Tm,I,0.0,3.5,3.906772,3.5,PK,1.0,8.0
26314,317.2825,3.9066,52230000.0,69.01,Tm,II,0.029377999999999998,3.0,3.935939,3.0,MC',2.0,7.0
26337,317.3579,3.905672,434000000.0,69.01,Tm,II,2.2678409999999998,4.0,6.173473,4.0,MC,2.0,9.0
26415,317.7457,3.900906,45370000.0,69.01,Tm,II,1.087302,2.0,4.988168,2.0,MC',2.0,5.0
26437,317.8196,3.8999980000000005,99640000.0,69.01,Tm,II,2.228529,4.0,6.128488,3.0,MC,2.0,7.0
26470,317.9687,3.898169,1265000.0,69.0,Tm,I,0.0,3.5,3.89813,4.5,PK,1.0,10.0
26493,318.0563,3.8970949999999998,4568000.0,69.0,Tm,I,0.0,3.5,3.8970559999999996,2.5,PK,1.0,6.0
26633,318.5464,3.8911010000000004,26250000.0,69.01,Tm,II,1.544507,6.0,5.435569,5.0,MC,2.0,11.0
26872,319.5329,3.879088,76710000.0,69.01,Tm,II,1.087302,2.0,4.966351,2.0,MC',2.0,5.0
26902,319.6536,3.877622,45660000.0,69.01,Tm,II,1.110585,3.0,4.988168,2.0,MC',2.0,5.0
26975,319.999,3.8734379999999997,70010000.0,69.01,Tm,II,2.054104,5.0,5.927503,5.0,MC,2.0,11.0
27197,321.056,3.860686,429200000.0,69.01,Tm,II,2.2678409999999998,4.0,6.128488,3.0,MC,2.0,7.0
27202,321.0817,3.8603769999999997,4813000.0,69.01,Tm,II,0.0,4.0,3.8603379999999996,4.0,MC',2.0,9.0
27235,321.2007,3.858946,73320000.0,69.01,Tm,II,1.087302,2.0,4.946209,3.0,MC',2.0,7.0
27305,321.4624,3.855805,43620000.0,69.01,Tm,II,1.110585,3.0,4.966351,2.0,MC',2.0,5.0
27335,321.6105,3.854029,56900000.0,69.01,Tm,II,2.963772,6.0,6.817761999999999,7.0,MC,2.0,15.0
27544,322.6805,3.84125,77080000.0,69.01,Tm,II,2.77172,6.0,6.612932000000001,5.0,MC,2.0,11.0
27592,322.8895,3.838764,65140000.0,69.01,Tm,II,2.734148,7.0,6.5728729999999995,6.0,MC,2.0,13.0
27660,323.1505,3.835663,52960000.0,69.01,Tm,II,1.110585,3.0,4.946209,3.0,MC',2.0,7.0
27722,323.374,3.833012,5099000.0,69.0,Tm,I,0.0,3.5,3.8329739999999997,4.5,PK,1.0,10.0
27761,323.544,3.830999,7125000.0,69.01,Tm,II,0.029377999999999998,3.0,3.8603379999999996,4.0,MC',2.0,9.0
27797,323.6803,3.829386,212000000.0,69.01,Tm,II,1.110585,3.0,4.939932,4.0,MC',2.0,9.0
27872,324.023,3.82534,43130000.0,69.01,Tm,II,0.029377999999999998,3.0,3.85468,2.0,MC',2.0,5.0
27906,324.1526,3.823806,32150000.0,69.01,Tm,II,0.0,4.0,3.823768,4.0,MC',2.0,9.0
27990,324.5853,3.8187089999999997,2472000.0,69.01,Tm,II,0.029377999999999998,3.0,3.8480489999999996,3.0,MC',2.0,7.0
28008,324.6959,3.8174080000000004,158800000.0,69.0,Tm,I,1.087496,2.5,4.904866,3.5,MC,1.0,8.0
28026,324.7465,3.816814,88240000.0,69.01,Tm,II,1.087302,2.0,4.904077,3.0,MC',2.0,7.0
28113,325.1324,3.8122830000000003,76270000.0,69.01,Tm,II,2.421017,6.0,6.233262,5.0,MC,2.0,11.0
28117,325.1623,3.811932,46630000.0,69.01,Tm,II,1.087302,2.0,4.899196,2.0,MC',2.0,5.0
28123,325.1782,3.811746,52070000.0,69.0,Tm,I,1.087496,2.5,4.899203,1.5,BKP,1.0,4.0
28253,325.8042,3.8044230000000003,32800000.0,69.01,Tm,II,0.0,4.0,3.8043839999999998,3.0,MC',2.0,7.0
28347,326.1652,3.800212,265800000.0,69.01,Tm,II,2.5374380000000003,9.0,6.337612,8.0,MC,2.0,17.0
28400,326.409,3.7973739999999996,3467000.0,69.01,Tm,II,0.0,4.0,3.797336,5.0,MC',2.0,11.0
28460,326.6624,3.794428,22510000.0,69.01,Tm,II,0.029377999999999998,3.0,3.823768,4.0,MC',2.0,9.0
28487,326.7397,3.7935300000000005,253700000.0,69.01,Tm,II,1.110585,3.0,4.904077,3.0,MC',2.0,7.0
28703,327.6803,3.7826419999999996,14150000.0,69.01,Tm,II,0.0,4.0,3.782604,4.0,MC',2.0,9.0
28851,328.3398,3.7750440000000003,20900000.0,69.01,Tm,II,0.029377999999999998,3.0,3.8043839999999998,3.0,MC',2.0,7.0
28876,328.4671,3.7735809999999996,74980000.0,69.01,Tm,II,2.77172,6.0,6.545262999999999,6.0,MC,2.0,13.0
28902,328.5606,3.772507,323400000.0,69.01,Tm,II,1.087302,2.0,4.859771,2.0,MC',2.0,5.0
29034,329.0999,3.7663260000000003,28640000.0,69.01,Tm,II,0.0,4.0,3.766288,4.0,MC',2.0,9.0
29222,329.9116,3.7570589999999995,2203000.0,69.0,Tm,I,0.0,3.5,3.757021,2.5,PK,1.0,6.0
29284,330.2453,3.753264,25940000.0,69.01,Tm,II,0.029377999999999998,3.0,3.782604,4.0,MC',2.0,9.0
29368,330.6011,3.749224,56920000.0,69.01,Tm,II,1.110585,3.0,4.859771,2.0,MC',2.0,5.0
29392,330.6902,3.748214,53830000.0,69.01,Tm,II,1.087302,2.0,4.835478,2.0,MC',2.0,5.0
29430,330.8026,3.74694,231900000.0,69.01,Tm,II,3.8603379999999996,4.0,7.607241,5.0,MC,2.0,11.0
29477,330.9801,3.744931,179100000.0,69.01,Tm,II,1.110585,3.0,4.855478,4.0,MC',2.0,9.0
29497,331.0585,3.744044,6233000.0,69.01,Tm,II,0.0,4.0,3.744007,5.0,MC',2.0,11.0
29659,331.6169,3.737739,60470000.0,69.01,Tm,II,2.432456,7.0,6.170158,7.0,MC,2.0,15.0
29684,331.6872,3.7369470000000002,5014000.0,69.01,Tm,II,0.029377999999999998,3.0,3.766288,4.0,MC',2.0,9.0
29722,331.8655,3.73494,1030000.0,69.0,Tm,I,0.0,3.5,3.7349019999999995,3.5,PK,1.0,8.0
29846,332.3212,3.729818,113900000.0,69.01,Tm,II,2.4403770000000002,8.0,6.170158,7.0,MC,2.0,15.0
29973,332.7573,3.7249309999999998,21910000.0,69.01,Tm,II,1.110585,3.0,4.835478,2.0,MC',2.0,5.0
30161,333.5054,3.716575,65850000.0,69.01,Tm,II,2.77172,6.0,6.488258,7.0,MC,2.0,15.0
30541,334.9988,3.700007,204900000.0,69.0,Tm,I,1.626624,4.5,5.326594999999999,5.5,MC,1.0,12.0
30843,336.2615,3.686114,109300000.0,69.01,Tm,II,0.029377999999999998,3.0,3.7154559999999996,2.0,AS,2.0,5.0
30982,336.8327,3.6798629999999997,102600000.0,69.01,Tm,II,2.982946,8.0,6.662772,7.0,MC,2.0,15.0
31028,336.9643,3.6784260000000004,113700000.0,69.01,Tm,II,2.421017,6.0,6.099406,6.0,MC,2.0,13.0
31143,337.4504,3.6731279999999997,81350000.0,69.01,Tm,II,1.110585,3.0,4.783676,3.0,MC',2.0,7.0
31294,338.0037,3.6671150000000003,92240000.0,69.01,Tm,II,2.765941,4.0,6.433019,3.0,MC,2.0,7.0
31309,338.0683,3.666414,19710000.0,69.0,Tm,I,1.087496,2.5,4.7538730000000005,3.5,BKP,1.0,8.0
31410,338.5001,3.6617379999999997,453300000.0,69.01,Tm,II,2.951231,4.0,6.612932000000001,5.0,MC,2.0,11.0
31415,338.5086,3.6616449999999996,415500000.0,69.0,Tm,I,1.8933630000000001,7.5,5.554972,6.5,MC,1.0,14.0
31644,339.3187,3.652904,137900000.0,69.0,Tm,I,1.626624,4.5,5.279491999999999,5.5,MC,1.0,12.0
31759,339.7498,3.6482690000000004,21450000.0,69.01,Tm,II,0.0,4.0,3.6482330000000003,3.0,MC',2.0,7.0
31770,339.787,3.647869,52150000.0,69.0,Tm,I,1.626624,4.5,5.274457,5.5,MC,1.0,12.0
31775,339.8025,3.647704,58210000.0,69.01,Tm,II,2.054104,5.0,5.701772,5.0,MC,2.0,11.0
31815,339.9949,3.645639,51370000.0,69.01,Tm,II,1.110585,3.0,4.756188,4.0,MC',2.0,9.0
31954,340.5972,3.639193,14670000.0,69.0,Tm,I,1.087496,2.5,4.726652,3.5,BKP,1.0,8.0
32048,341.0048,3.634843,10100000.0,69.0,Tm,I,0.0,3.5,3.6348059999999998,4.5,PK,1.0,10.0
32070,341.1574,3.6332169999999997,8431000.0,69.01,Tm,II,1.110585,3.0,4.743766,3.0,MC',2.0,7.0
32178,341.6586,3.6278870000000003,5710000.0,69.0,Tm,I,0.0,3.5,3.627851,3.5,PK,1.0,8.0
32231,341.8626,3.625722,11400000.0,69.0,Tm,I,1.087496,2.5,4.713181,2.5,BKP,1.0,6.0
32304,342.1794,3.6223660000000004,223000000.0,69.0,Tm,I,1.9326419999999997,5.5,5.554972,6.5,MC,1.0,14.0
32370,342.45,3.619504,178100000.0,69.0,Tm,I,2.317646,7.5,5.937113,7.5,MC,1.0,16.0
32386,342.508,3.6188910000000005,81550000.0,69.01,Tm,II,0.029377999999999998,3.0,3.6482330000000003,3.0,MC',2.0,7.0
32397,342.5624,3.618315,8793000.0,69.01,Tm,II,0.0,4.0,3.6182790000000002,4.0,MC',2.0,9.0
32461,342.8613,3.615161,223600000.0,69.01,Tm,II,2.6790830000000003,3.0,6.294208,4.0,MC,2.0,9.0
32498,342.9969,3.6137330000000003,277400000.0,69.01,Tm,II,1.087302,2.0,4.700998,1.0,MC',2.0,3.0
32522,343.1189,3.612447,48060000.0,69.01,Tm,II,1.110585,3.0,4.722996,4.0,MC',2.0,9.0
32620,343.4901,3.608544,60070000.0,69.01,Tm,II,2.951231,4.0,6.5597389999999995,5.0,MC,2.0,11.0
32636,343.5346,3.608076,270900000.0,69.0,Tm,I,2.040397,8.5,5.648437,7.5,MC,1.0,16.0
32693,343.7632,3.6056779999999997,32670000.0,69.01,Tm,II,2.054104,5.0,5.659746,4.0,MC,2.0,9.0
32718,343.8801,3.604451,26920000.0,69.01,Tm,II,1.087302,2.0,4.691717,2.0,MC',2.0,5.0
32787,344.15,3.601625,84410000.0,69.01,Tm,II,0.029377999999999998,3.0,3.6309660000000004,2.0,MC',2.0,5.0
32829,344.2992,3.600064,194900000.0,69.0,Tm,I,1.8933630000000001,7.5,5.493391,6.5,MC,1.0,14.0
32918,344.6546,3.5963519999999995,157000000.0,69.0,Tm,I,2.1641220000000003,6.5,5.7604370000000005,7.5,MC,1.0,16.0
32935,344.7258,3.5956089999999996,24200000.0,69.01,Tm,II,1.110585,3.0,4.706157,3.0,MC',2.0,7.0
32941,344.7351,3.5955120000000003,122900000.0,69.0,Tm,I,1.626624,4.5,5.2221,5.5,MC,1.0,12.0
32996,344.9761,3.593,119900000.0,69.01,Tm,II,2.854648,8.0,6.447612,8.0,MC,2.0,17.0
33070,345.3021,3.589609,250800000.0,69.0,Tm,I,2.317646,7.5,5.907219,6.5,MC,1.0,14.0
33092,345.3667,3.588937,45720000.0,69.01,Tm,II,0.029377999999999998,3.0,3.6182790000000002,4.0,MC',2.0,9.0
33283,346.1159,3.581168,27070000.0,69.01,Tm,II,1.110585,3.0,4.691717,2.0,MC',2.0,5.0
33312,346.2197,3.5800940000000003,49750000.0,69.01,Tm,II,0.0,4.0,3.5800589999999994,5.0,AS,2.0,11.0
33437,346.7546,3.5745730000000004,438300000.0,69.0,Tm,I,1.9326419999999997,5.5,5.507179,3.5,MC,1.0,8.0
33650,347.669,3.565171,231400000.0,69.0,Tm,I,1.626624,4.5,5.1917599999999995,5.5,MC,1.0,12.0
33776,348.1748,3.559993,59750000.0,69.01,Tm,II,1.087302,2.0,4.647259,2.0,MC',2.0,5.0
33906,348.7076,3.554553,94190000.0,69.01,Tm,II,2.421017,6.0,5.975535,6.0,MC,2.0,13.0
33912,348.7377,3.554246,335600000.0,69.0,Tm,I,1.626624,4.5,5.180835,4.5,MC,1.0,10.0
33996,349.1716,3.549829,183100000.0,69.0,Tm,I,2.337576,5.5,5.88737,5.5,MC,1.0,12.0
34011,349.2572,3.5489589999999995,21150000.0,69.01,Tm,II,1.110585,3.0,4.659508,4.0,MC',2.0,9.0
34210,350.0914,3.5405029999999997,978200.0,69.0,Tm,I,0.0,3.5,3.540468,3.5,PK,1.0,8.0
34480,351.3021,3.5283019999999996,336700000.0,69.01,Tm,II,2.765941,4.0,6.294208,4.0,MC,2.0,9.0
34516,351.4108,3.5272099999999997,1871000.0,69.0,Tm,I,0.0,3.5,3.527175,2.5,PK,1.0,6.0
34687,352.2426,3.518882,27560000.0,69.01,Tm,II,1.087302,2.0,4.606148,2.0,MC',2.0,5.0
34737,352.5024,3.516288,226700000.0,69.0,Tm,I,2.337576,5.5,5.853829,6.5,MC,1.0,14.0
34947,353.4843,3.5065209999999998,148800000.0,69.01,Tm,II,2.421017,6.0,5.927503,5.0,MC,2.0,11.0
34959,353.5518,3.5058519999999995,10270000.0,69.01,Tm,II,0.0,4.0,3.505817,5.0,MC',2.0,11.0
34973,353.621,3.5051650000000003,154400000.0,69.01,Tm,II,2.054104,5.0,5.559234,4.0,MC,2.0,9.0
34981,353.6573,3.504806,8065000.0,69.01,Tm,II,0.0,4.0,3.5047699999999997,3.0,MC',2.0,7.0
35095,354.2083,3.4993540000000003,147300000.0,69.0,Tm,I,2.35451,5.5,5.853829,6.5,MC,1.0,14.0
35267,354.8478,3.4930480000000004,104700000.0,69.01,Tm,II,2.606393,5.0,6.099406,6.0,MC,2.0,13.0
35309,355.0155,3.4913980000000002,71500000.0,69.01,Tm,II,3.421787,6.0,6.913149000000001,7.0,MC,2.0,15.0
35329,355.0828,3.490736,211500000.0,69.01,Tm,II,3.131533,3.0,6.622234,2.0,MC,2.0,5.0
35452,355.5816,3.485839,208300000.0,69.0,Tm,I,2.040397,8.5,5.526201,8.5,MC,1.0,18.0
35467,355.6572,3.485099,94780000.0,69.0,Tm,I,2.040397,8.5,5.525461,7.5,MC,1.0,16.0
35490,355.7335,3.484351,125500000.0,69.0,Tm,I,2.1641220000000003,6.5,5.648437,7.5,MC,1.0,16.0
35496,355.779,3.4839050000000005,45330000.0,69.01,Tm,II,1.087302,2.0,4.571172,3.0,MC',2.0,7.0
35644,356.3871,3.477961,9792000.0,69.0,Tm,I,0.0,3.5,3.4779269999999998,2.5,PK,1.0,6.0
35707,356.5907,3.475975,182400000.0,69.01,Tm,II,2.432456,7.0,5.908396,8.0,MC,2.0,17.0
35730,356.6469,3.475427,12430000.0,69.01,Tm,II,0.029377999999999998,3.0,3.5047699999999997,3.0,MC',2.0,7.0
35754,356.735,3.4745690000000002,4190000.0,69.0,Tm,I,0.0,3.5,3.474534,4.5,PK,1.0,10.0
35826,356.9807,3.472178,88220000.0,69.0,Tm,I,1.626624,4.5,5.098768,4.5,MC,1.0,10.0
35933,357.4052,3.468054,104500000.0,69.01,Tm,II,2.4403770000000002,8.0,5.908396,8.0,MC,2.0,17.0
35970,357.529,3.466853,47540000.0,69.0,Tm,I,1.626624,4.5,5.093442,5.5,MC,1.0,12.0
36150,358.3433,3.458975,276800000.0,69.0,Tm,I,2.102401,3.5,5.5613410000000005,2.5,MC,1.0,6.0
36220,358.6067,3.456435,235800000.0,69.0,Tm,I,2.040397,8.5,5.496797,9.5,MC,1.0,20.0
36344,359.0729,3.451947,170000000.0,69.0,Tm,I,1.9326419999999997,5.5,5.384555000000001,4.5,MC,1.0,10.0
36535,359.8614,3.444383,125200000.0,69.0,Tm,I,1.8933630000000001,7.5,5.337712000000001,7.5,MC,1.0,16.0
36549,359.9157,3.443864,82140000.0,69.01,Tm,II,3.101434,5.0,6.545262999999999,6.0,MC,2.0,13.0
36755,360.7348,3.4360440000000003,100600000.0,69.01,Tm,II,2.734148,7.0,6.170158,7.0,MC,2.0,15.0
36784,360.8764,3.4346970000000003,17340000.0,69.01,Tm,II,0.0,4.0,3.4346620000000003,3.0,MC',2.0,7.0
36804,360.9532,3.433965,90900000.0,69.01,Tm,II,2.2678409999999998,4.0,5.701772,5.0,MC,2.0,11.0
36861,361.1608,3.4319910000000005,25080000.0,69.01,Tm,II,2.432456,7.0,5.864413,7.0,MC,2.0,15.0
36879,361.2387,3.431251,38370000.0,69.01,Tm,II,2.228529,4.0,5.659746,4.0,MC,2.0,9.0
36901,361.3031,3.4306400000000004,23060000.0,69.01,Tm,II,2.054104,5.0,5.48471,4.0,MC,2.0,9.0
37085,361.9955,3.424079,218300000.0,69.01,Tm,II,4.25359,4.0,7.677635,5.0,MC,2.0,11.0
37168,362.342,3.420804,2346000.0,69.01,Tm,II,1.110585,3.0,4.5313550000000005,4.0,MC',2.0,9.0
37187,362.4199,3.4200690000000002,59610000.0,69.0,Tm,I,1.8933630000000001,7.5,5.313397,7.5,MC,1.0,16.0
37543,363.8411,3.40671,283100000.0,69.0,Tm,I,1.626624,4.5,5.0333,3.5,MC,1.0,8.0
37573,363.9898,3.405318,291500.0,69.01,Tm,II,0.029377999999999998,3.0,3.4346620000000003,3.0,MC',2.0,7.0
37642,364.2946,3.4024690000000004,100700000.0,69.0,Tm,I,1.9326419999999997,5.5,5.335077,4.5,MC,1.0,10.0
37729,364.6703,3.398964,132100000.0,69.0,Tm,I,1.626624,4.5,5.0255540000000005,3.5,MC,1.0,8.0
37745,364.7231,3.398472,109600000.0,69.01,Tm,II,2.77172,6.0,6.170158,7.0,MC,2.0,15.0
37759,364.7727,3.3980089999999996,39390000.0,69.01,Tm,II,1.544507,6.0,4.942482,5.0,MC',2.0,11.0
37916,365.3609,3.3925389999999997,54120000.0,69.01,Tm,II,1.087302,2.0,4.479807,3.0,MC',2.0,7.0
38057,366.0876,3.3858059999999996,45890000.0,69.01,Tm,II,2.556436,5.0,5.942208,6.0,MC,2.0,13.0
38189,366.5809,3.381249,44100000.0,69.01,Tm,II,1.087302,2.0,4.468516999999999,3.0,MC',2.0,7.0
38240,366.8085,3.3791510000000002,6321000.0,69.01,Tm,II,0.0,4.0,3.379117,4.0,MC',2.0,9.0
38357,367.3135,3.374506,35430000.0,69.01,Tm,II,2.228529,4.0,5.603001,5.0,MC,2.0,11.0
38480,367.7977,3.3700629999999996,46620000.0,69.01,Tm,II,1.544507,6.0,4.914536,7.0,MC',2.0,15.0
38499,367.8858,3.3692559999999996,40870000.0,69.01,Tm,II,1.110585,3.0,4.479807,3.0,MC',2.0,7.0
38503,367.8946,3.369175,263300000.0,69.01,Tm,II,2.606393,5.0,5.975535,6.0,MC,2.0,13.0
38598,368.3191,3.3652919999999997,108500000.0,69.01,Tm,II,2.734148,7.0,6.099406,6.0,MC,2.0,13.0
38856,369.4735,3.354778,4323000.0,69.01,Tm,II,0.029377999999999998,3.0,3.384123,2.0,MC',2.0,5.0
38978,369.9867,3.350125,21460000.0,69.01,Tm,II,1.544507,6.0,4.8945989999999995,6.0,MC',2.0,13.0
38989,370.0256,3.3497730000000003,27810000.0,69.01,Tm,II,0.029377999999999998,3.0,3.379117,4.0,MC',2.0,9.0
39019,370.1363,3.3487709999999997,20550000.0,69.01,Tm,II,0.0,4.0,3.3487379999999995,4.0,MC',2.0,9.0
39100,370.484,3.345628,27120000.0,69.01,Tm,II,1.087302,2.0,4.4328959999999995,3.0,MC',2.0,7.0
39433,371.7918,3.33386,135000000.0,69.0,Tm,I,0.0,3.5,3.333827,4.5,PK,1.0,10.0
39480,371.9713,3.3322510000000003,8258000.0,69.01,Tm,II,1.110585,3.0,4.442803,2.0,MC',2.0,5.0
39614,372.5059,3.3274690000000002,5936000.0,69.01,Tm,II,0.0,4.0,3.327436,3.0,MC',2.0,7.0
39761,373.0805,3.322345,9912000.0,69.01,Tm,II,1.110585,3.0,4.4328959999999995,3.0,MC',2.0,7.0
39848,373.4123,3.319393,13100000.0,69.01,Tm,II,0.029377999999999998,3.0,3.3487379999999995,4.0,MC',2.0,9.0
40082,374.4068,3.310576,92700000.0,69.0,Tm,I,0.0,3.5,3.310542,3.5,PK,1.0,8.0
40283,375.1812,3.303743,19340000.0,69.0,Tm,I,0.0,3.5,3.3037089999999996,4.5,PK,1.0,10.0
40401,375.6856,3.2993069999999998,23230000.0,69.01,Tm,II,1.087302,2.0,4.386576,3.0,MC',2.0,7.0
40534,376.1333,3.29538,37590000.0,69.01,Tm,II,0.0,4.0,3.295347,3.0,MC',2.0,7.0
40554,376.1914,3.294871,23380000.0,69.01,Tm,II,0.0,4.0,3.294838,4.0,MC',2.0,9.0
40644,376.5851,3.2914269999999997,23490000.0,69.01,Tm,II,2.2678409999999998,4.0,5.559234,4.0,MC,2.0,9.0
40999,378.1147,3.278112,1027000.0,69.0,Tm,I,0.0,3.5,3.278079,3.5,PK,1.0,8.0
41061,378.3557,3.276024,19630000.0,69.01,Tm,II,1.110585,3.0,4.386576,3.0,MC',2.0,7.0
41133,378.7015,3.2730330000000003,36660000.0,69.0,Tm,I,2.040397,8.5,5.313397,7.5,MC,1.0,16.0
41342,379.5167,3.266002,2401000.0,69.01,Tm,II,0.029377999999999998,3.0,3.295347,3.0,MC',2.0,7.0
41357,379.576,3.265493,34840000.0,69.01,Tm,II,0.029377999999999998,3.0,3.294838,4.0,MC',2.0,9.0
41432,379.8541,3.263102,253300000.0,69.0,Tm,I,1.087496,2.5,4.3505650000000005,1.5,MC,1.0,4.0
41440,379.8752,3.2629200000000003,24700000.0,69.01,Tm,II,1.110585,3.0,4.3734720000000005,2.0,MC',2.0,5.0
41518,380.208,3.260064,62640000.0,69.0,Tm,I,1.9326419999999997,5.5,5.192674,4.5,MC,1.0,10.0
41654,380.7721,3.255235,129500000.0,69.0,Tm,I,1.087496,2.5,4.342698,2.5,MC,1.0,6.0
41724,381.0722,3.252671,36380000.0,69.01,Tm,II,1.087302,2.0,4.33994,2.0,MC',2.0,5.0
41893,381.7391,3.246989,1995000.0,69.01,Tm,II,0.0,4.0,3.246956,5.0,MC',2.0,11.0
42003,382.1627,3.24339,54990000.0,69.0,Tm,I,2.1641220000000003,6.5,5.407479,7.5,MC,1.0,16.0
42120,382.6386,3.2393560000000003,3640000.0,69.0,Tm,I,0.0,3.5,3.2393240000000003,2.5,PK,1.0,6.0
42419,383.8197,3.229388,125200000.0,69.01,Tm,II,1.110585,3.0,4.33994,2.0,MC',2.0,5.0
42489,384.0872,3.2271389999999998,123500000.0,69.0,Tm,I,1.8933630000000001,7.5,5.120469,8.5,MC,1.0,18.0
42656,384.802,3.221144,48120000.0,69.01,Tm,II,0.0,4.0,3.2211119999999998,3.0,MC',2.0,7.0
42766,385.3096,3.216901,20280000.0,69.01,Tm,II,2.2678409999999998,4.0,5.48471,4.0,MC,2.0,9.0
42878,385.7839,3.212946,7260000.0,69.01,Tm,II,1.110585,3.0,4.323499,4.0,MC',2.0,9.0
43482,388.3131,3.19202,100300000.0,69.0,Tm,I,0.0,3.5,3.1919880000000003,2.5,PK,1.0,6.0
43494,388.344,3.191766,9825000.0,69.01,Tm,II,0.029377999999999998,3.0,3.2211119999999998,3.0,MC',2.0,7.0
43592,388.7347,3.188558,37540000.0,69.0,Tm,I,0.0,3.5,3.188526,3.5,PK,1.0,8.0
43686,389.0522,3.185956,1728000.0,69.01,Tm,II,0.0,4.0,3.185924,4.0,MC',2.0,9.0
43847,389.6617,3.180973,3667000.0,69.0,Tm,I,0.0,3.5,3.180941,2.5,PK,1.0,6.0
43945,390.0783,3.1775759999999997,40130000.0,69.01,Tm,II,1.087302,2.0,4.2648459999999995,3.0,MC',2.0,7.0
44329,391.6476,3.164843,474200000.0,69.0,Tm,I,1.087496,2.5,4.252307,3.5,MC,1.0,8.0
44651,392.8656,3.155031,9987000.0,69.01,Tm,II,1.110585,3.0,4.265585,2.0,MC',2.0,5.0
44677,392.9577,3.154293,33890000.0,69.01,Tm,II,1.110585,3.0,4.2648459999999995,3.0,MC',2.0,7.0
45175,394.9272,3.138562,257500000.0,69.0,Tm,I,1.087496,2.5,4.226026,2.5,MC,1.0,6.0
45361,395.7423,3.132098,374200.0,69.01,Tm,II,0.029377999999999998,3.0,3.161445,2.0,MC',2.0,5.0
45382,395.8097,3.131565,6805000.0,69.01,Tm,II,0.0,4.0,3.131533,3.0,MC',2.0,7.0
45813,397.6679,3.116932,88890000.0,69.0,Tm,I,2.075773,3.5,5.192674,4.5,MC,1.0,10.0
46237,399.5582,3.102186,2017000.0,69.01,Tm,II,0.029377999999999998,3.0,3.131533,3.0,MC',2.0,7.0
46262,399.6511,3.101465,4899000.0,69.01,Tm,II,0.0,4.0,3.101434,5.0,MC',2.0,11.0
46811,402.2597,3.081353,4016000.0,69.0,Tm,I,1.087496,2.5,4.168817,3.5,BKP,1.0,8.0
46854,402.4229,3.080103,98230000.0,69.0,Tm,I,2.040397,8.5,5.120469,8.5,MC,1.0,18.0
47080,403.4752,3.07207,116100000.0,69.01,Tm,II,3.101434,5.0,6.173473,4.0,MC,2.0,9.0
47289,404.4473,3.0646869999999997,84740000.0,69.0,Tm,I,1.087496,2.5,4.152151,1.5,MC,1.0,4.0
47534,405.5806,3.056124,23920000.0,69.0,Tm,I,1.626624,4.5,4.682717,4.5,MC,1.0,10.0
48260,409.0293,3.030357,3735000.0,69.01,Tm,II,1.110585,3.0,4.140911,3.0,MC',2.0,7.0
48282,409.1489,3.02947,2897000.0,69.01,Tm,II,1.110585,3.0,4.140025,4.0,MC',2.0,9.0
48343,409.4181,3.027479,90240000.0,69.0,Tm,I,0.0,3.5,3.027448,2.5,PK,1.0,6.0
48584,410.5838,3.018883,60130000.0,69.0,Tm,I,0.0,3.5,3.018853,4.5,PK,1.0,10.0
48633,410.7929,3.017347,53910000.0,69.0,Tm,I,2.075773,3.5,5.093089,4.5,MC,1.0,10.0
49138,413.2692,2.9992669999999997,19290000.0,69.01,Tm,II,2.421017,6.0,5.420254,7.0,MC,2.0,15.0
49249,413.8331,2.99518,214400000.0,69.0,Tm,I,1.087496,2.5,4.0826459999999996,1.5,MC,1.0,4.0
49473,415.0108,2.986681,66320000.0,69.0,Tm,I,2.201046,2.5,5.187697,3.5,MC,1.0,8.0
49643,415.86,2.980582,11370000.0,69.0,Tm,I,1.087496,2.5,4.068048,3.5,MC,1.0,8.0
49657,415.9542,2.979907,11340000.0,69.01,Tm,II,2.4403770000000002,8.0,5.420254,7.0,MC,2.0,15.0
49865,417.0449,2.972114,77680000.0,69.0,Tm,I,2.35451,5.5,5.326594999999999,5.5,MC,1.0,12.0
50209,418.7616,2.95993,60790000.0,69.0,Tm,I,0.0,3.5,2.9599,3.5,PK,1.0,8.0
50449,419.9918,2.95126,1292000.0,69.01,Tm,II,0.0,4.0,2.951231,4.0,MC',2.0,9.0
50526,420.373,2.948584,24750000.0,69.0,Tm,I,0.0,3.5,2.948555,4.5,PK,1.0,10.0
50574,420.6004,2.94699,443400.0,69.01,Tm,II,0.0,4.0,2.946961,5.0,MC',2.0,11.0
50712,421.2785,2.942246,2869000.0,69.01,Tm,II,1.087302,2.0,4.0295190000000005,2.0,MC',2.0,5.0
50896,422.2673,2.9353569999999998,32930000.0,69.0,Tm,I,1.087496,2.5,4.022824,3.5,MC,1.0,8.0
51183,423.693,2.92548,42010000.0,69.01,Tm,II,2.982946,8.0,5.908396,8.0,MC,2.0,17.0
51294,424.2148,2.921882,7542000.0,69.01,Tm,II,0.029377999999999998,3.0,2.951231,4.0,MC',2.0,9.0
51383,424.6389,2.918963,2896000.0,69.01,Tm,II,1.110585,3.0,4.0295190000000005,2.0,MC',2.0,5.0
51774,426.8559,2.903803,64150000.0,69.0,Tm,I,2.150304,3.5,5.054078,3.5,MC,1.0,8.0
51849,427.1709,2.901662,29280000.0,69.0,Tm,I,1.087496,2.5,3.989128,2.5,MC,1.0,6.0
52395,429.8364,2.883669,32080000.0,69.0,Tm,I,1.626624,4.5,4.510264,4.5,MC,1.0,10.0
52793,431.8396,2.8702919999999996,88130000.0,69.0,Tm,I,2.183815,4.5,5.054078,3.5,MC,1.0,8.0
53294,434.4478,2.853061,65300000.0,69.0,Tm,I,2.201046,2.5,5.054078,3.5,MC,1.0,8.0
53331,434.6482,2.851746,20210000.0,69.0,Tm,I,1.9326419999999997,5.5,4.784358999999999,6.5,MC,1.0,14.0
53407,435.0987,2.848792,11630000.0,69.01,Tm,II,2.606393,5.0,5.455157,6.0,MC,2.0,13.0
53409,435.1181,2.848666,2955000.0,69.01,Tm,II,1.087302,2.0,3.935939,3.0,MC',2.0,7.0
53571,435.9927,2.842951,12610000.0,69.0,Tm,I,0.0,3.5,2.842923,2.5,PK,1.0,6.0
53711,436.7884,2.837773,5969000.0,69.01,Tm,II,2.4403770000000002,8.0,5.278121,8.0,MC,2.0,17.0
54064,438.6431,2.825774,4155000.0,69.0,Tm,I,0.0,3.5,2.825746,3.5,PK,1.0,8.0
54213,439.4421,2.820636,27800000.0,69.0,Tm,I,1.087496,2.5,3.908103,1.5,MC,1.0,4.0
54246,439.5956,2.819651,29760000.0,69.0,Tm,I,1.8933630000000001,7.5,4.712986,6.5,MC,1.0,14.0
54253,439.6496,2.819305,9718000.0,69.0,Tm,I,1.087496,2.5,3.906772,3.5,MC,1.0,8.0
54302,439.9723,2.817237,52240000.0,69.0,Tm,I,2.337576,5.5,5.1547849999999995,4.5,MC,1.0,10.0
54994,443.7393,2.7933209999999997,21750000.0,69.01,Tm,II,2.765941,4.0,5.559234,4.0,MC,2.0,9.0
55084,444.2734,2.789963,39770000.0,69.0,Tm,I,2.075773,3.5,4.865708000000001,4.5,MC,1.0,10.0
55180,444.7586,2.7869200000000003,24700000.0,69.0,Tm,I,2.075773,3.5,4.862665,4.5,MC,1.0,10.0
55280,445.4038,2.782882,73500000.0,69.0,Tm,I,2.075773,3.5,4.858626999999999,3.5,MC,1.0,8.0
55541,446.7983,2.774197,11360000.0,69.0,Tm,I,1.8933630000000001,7.5,4.667532,6.5,MC,1.0,14.0
55746,448.1275,2.7659689999999997,939400.0,69.01,Tm,II,0.0,4.0,2.765941,4.0,MC',2.0,9.0
55887,448.9705,2.760775,2105000.0,69.01,Tm,II,1.087302,2.0,3.8480489999999996,3.0,MC',2.0,7.0
56351,451.9589,2.742521,113400000.0,69.0,Tm,I,2.075773,3.5,4.818266,2.5,MC,1.0,6.0
56504,452.9384,2.7365909999999998,316600.0,69.01,Tm,II,0.029377999999999998,3.0,2.765941,4.0,MC',2.0,9.0
56556,453.2155,2.734917,18460000.0,69.0,Tm,I,1.9326419999999997,5.5,4.667532,6.5,MC,1.0,14.0
56808,454.8597,2.725031,57160000.0,69.0,Tm,I,2.150304,3.5,4.875308,4.5,MC,1.0,10.0
56942,455.6674,2.720201,28950000.0,69.01,Tm,II,3.255361,7.0,5.975535,6.0,MC,2.0,13.0
57032,456.1858,2.71711,967200.0,69.01,Tm,II,1.087302,2.0,3.8043839999999998,3.0,MC',2.0,7.0
57079,456.4678,2.715431,40840000.0,69.0,Tm,I,2.150304,3.5,4.865708000000001,4.5,MC,1.0,10.0
57118,456.7118,2.713981,8207000.0,69.01,Tm,II,2.228529,4.0,4.942482,5.0,MC',2.0,11.0
57539,459.6626,2.696558,42060000.0,69.0,Tm,I,2.183815,4.5,4.880347,5.5,MC,1.0,12.0
57581,459.9017,2.6951560000000003,628900.0,69.0,Tm,I,0.0,3.5,2.695129,4.5,PK,1.0,10.0
57610,460.1288,2.693827,853200.0,69.01,Tm,II,1.110585,3.0,3.8043839999999998,3.0,MC',2.0,7.0
57666,460.4851,2.6917419999999996,27380000.0,69.0,Tm,I,2.201046,2.5,4.892761,3.5,MC,1.0,8.0
57805,461.3965,2.686426,67710000.0,69.0,Tm,I,2.201046,2.5,4.887445,1.5,MC,1.0,4.0
57813,461.4466,2.6861330000000003,7187000.0,69.01,Tm,II,2.734148,7.0,5.420254,7.0,MC,2.0,15.0
57833,461.5941,2.685275,33220000.0,69.01,Tm,II,2.054104,4.0,4.7393529999999995,6.0,MC',2.0,13.0
57871,461.9057,2.683464,7867000.0,69.01,Tm,II,2.77172,6.0,5.455157,6.0,MC,2.0,13.0
57898,462.1716,2.68192,20670000.0,69.0,Tm,I,2.183815,4.5,4.865708000000001,4.5,MC,1.0,10.0
57957,462.6324,2.679248,20850000.0,69.01,Tm,II,2.6790830000000003,3.0,5.358304,4.0,MC,2.0,9.0
57964,462.6564,2.6791099999999997,180000.0,69.01,Tm,II,0.0,4.0,2.6790830000000003,3.0,MC',2.0,7.0
57968,462.6968,2.678876,20570000.0,69.0,Tm,I,2.183815,4.5,4.862665,4.5,MC,1.0,10.0
58054,463.4246,2.674668,22940000.0,69.01,Tm,II,2.2678409999999998,4.0,4.942482,5.0,MC',2.0,11.0
58168,464.295,2.669654,10210000.0,69.01,Tm,II,2.765941,4.0,5.435569,5.0,MC,2.0,11.0
58169,464.3128,2.669552,6593000.0,69.0,Tm,I,1.087496,2.5,3.757021,2.5,MC,1.0,6.0
58187,464.4578,2.668719,30610000.0,69.0,Tm,I,2.201046,2.5,4.869738,2.5,MC,1.0,6.0
58307,465.5085,2.662696,49870000.0,69.0,Tm,I,2.183815,4.5,4.846483999999999,5.5,MC,1.0,12.0
58458,466.6702,2.6560669999999997,13140000.0,69.01,Tm,II,2.946961,5.0,5.603001,5.0,MC,2.0,11.0
58539,467.1989,2.653062,17040000.0,69.01,Tm,II,3.255361,7.0,5.908396,8.0,MC,2.0,17.0
58573,467.5321,2.6511709999999997,12590000.0,69.0,Tm,I,1.8933630000000001,7.5,4.544507,7.5,MC,1.0,16.0
58595,467.7861,2.649731,76680.0,69.01,Tm,II,0.029377999999999998,3.0,2.6790830000000003,3.0,MC',2.0,7.0
58649,468.1921,2.6474330000000004,7997000.0,69.0,Tm,I,1.087496,2.5,3.7349019999999995,3.5,MC,1.0,8.0
58691,468.511,2.6456310000000003,9494000.0,69.0,Tm,I,1.626624,4.5,4.272229,4.5,MC,1.0,10.0
58775,469.1113,2.642246,7910000.0,69.0,Tm,I,1.087496,2.5,3.729715,2.5,MC,1.0,6.0
59212,472.4263,2.6237060000000003,558600.0,69.0,Tm,I,0.0,3.5,2.623679,2.5,PK,1.0,6.0
59343,473.3337,2.618676,2140000.0,69.0,Tm,I,0.0,3.5,2.61865,3.5,PK,1.0,8.0
59705,475.9908,2.604059,10080000.0,69.0,Tm,I,1.8933630000000001,7.5,4.497395,7.5,MC,1.0,16.0
60071,478.9922,2.587741,38810000.0,69.01,Tm,II,3.505817,5.0,6.093532,4.0,MC,2.0,9.0
60278,480.7478,2.578292,4600000.0,69.0,Tm,I,2.040397,8.5,4.618663,8.5,MC,1.0,18.0
60297,480.8679,2.577648,8391000.0,69.0,Tm,I,1.9326419999999997,5.5,4.510264,4.5,MC,1.0,10.0
60354,481.3496,2.575068,26980000.0,69.0,Tm,I,2.4485069999999998,4.5,5.02355,4.5,MC,1.0,10.0
60529,482.6982,2.567874,29120000.0,69.01,Tm,II,3.483481,6.0,6.051329,5.0,MC,2.0,11.0
60543,482.8963,2.566821,5059000.0,69.0,Tm,I,2.040397,8.5,4.6071919999999995,7.5,MC,1.0,16.0
60571,483.12,2.565632,15060000.0,69.01,Tm,II,2.854648,8.0,5.420254,7.0,MC,2.0,15.0
60631,483.5749,2.563218,3387000.0,69.0,Tm,I,1.626624,4.5,4.189817,5.5,MC,1.0,12.0
60876,485.1757,2.5547619999999998,84150000.0,69.0,Tm,I,2.372096,1.5,4.926832,0.5,MC,1.0,2.0
60878,485.1894,2.5546889999999998,20880000.0,69.01,Tm,II,3.3487379999999995,4.0,5.903401000000001,5.0,MC,2.0,11.0
61111,487.2283,2.5439990000000003,2301000.0,69.01,Tm,II,2.734148,7.0,5.278121,8.0,MC,2.0,17.0
61190,487.9194,2.540396,13120000.0,69.0,Tm,I,2.35451,5.5,4.894880000000001,5.5,MC,1.0,12.0
61576,490.9736,2.524593,2645000.0,69.0,Tm,I,1.8933630000000001,7.5,4.41793,8.5,MC,1.0,18.0
61744,492.3825,2.517369,21090000.0,69.0,Tm,I,2.337576,5.5,4.85492,6.5,MC,1.0,14.0
62129,495.7172,2.500435,54110000.0,69.0,Tm,I,2.35451,5.5,4.85492,6.5,MC,1.0,14.0
62282,497.087,2.493544,6151000.0,69.01,Tm,II,2.421017,6.0,4.914536,7.0,MC',2.0,15.0
62287,497.1259,2.4933490000000003,28110000.0,69.0,Tm,I,2.423746,2.5,4.917071,2.5,MC,1.0,6.0
62329,497.5128,2.4914110000000003,9668000.0,69.01,Tm,II,2.963772,6.0,5.455157,6.0,MC,2.0,13.0
62378,497.8898,2.4895240000000003,38770000.0,69.0,Tm,I,2.423746,2.5,4.913245,3.5,MC,1.0,8.0
62401,498.068,2.488633,10960000.0,69.01,Tm,II,2.946961,5.0,5.435569,5.0,MC,2.0,11.0
62497,498.9323,2.484322,13330000.0,69.01,Tm,II,2.97086,7.0,5.455157,6.0,MC,2.0,13.0
62541,499.3779,2.482105,4168000.0,69.01,Tm,II,2.432456,7.0,4.914536,7.0,MC',2.0,15.0
62548,499.4717,2.481639,15120000.0,69.01,Tm,II,3.421787,6.0,5.903401000000001,5.0,MC,2.0,11.0
62624,500.1025,2.478509,32710000.0,69.0,Tm,I,2.819745,6.5,5.298229,7.5,MC,1.0,16.0
62632,500.1586,2.478231,17360000.0,69.0,Tm,I,2.449163,3.5,4.9273690000000006,4.5,MC,1.0,10.0
62719,500.9767,2.474184,24780000.0,69.01,Tm,II,2.4403770000000002,8.0,4.914536,7.0,MC',2.0,15.0
62776,501.4555,2.471822,9639000.0,69.01,Tm,II,2.963772,6.0,5.435569,5.0,MC,2.0,11.0
62821,501.7874,2.4701869999999997,26240000.0,69.01,Tm,II,3.592433,7.0,6.062595,6.0,MC,2.0,13.0
63031,503.4218,2.462167,27480000.0,69.01,Tm,II,2.432456,7.0,4.8945989999999995,6.0,MC',2.0,13.0
63102,504.0993,2.458858,20040000.0,69.01,Tm,II,3.483374,7.0,5.942208,6.0,MC,2.0,13.0
63133,504.3503,2.457634,5933000.0,69.0,Tm,I,2.1641220000000003,6.5,4.621731,5.5,MC,1.0,12.0
63158,504.5412,2.456705,18030000.0,69.0,Tm,I,2.4485069999999998,4.5,4.905187000000001,5.5,MC,1.0,12.0
63313,506.0419,2.449419,5314000.0,69.01,Tm,II,2.97086,7.0,5.420254,7.0,MC,2.0,15.0
63315,506.0898,2.449187,468100.0,69.0,Tm,I,0.0,3.5,2.449163,3.5,PK,1.0,8.0
63323,506.2253,2.448532,58240.0,69.0,Tm,I,0.0,3.5,2.4485069999999998,4.5,PK,1.0,10.0
63360,506.588,2.4467790000000003,16390000.0,69.0,Tm,I,2.449163,3.5,4.895917,4.5,MC,1.0,10.0
63367,506.667,2.446398,40390000.0,69.0,Tm,I,2.4485069999999998,4.5,4.894880000000001,5.5,MC,1.0,12.0
63423,507.2422,2.443623,20340000.0,69.0,Tm,I,2.449163,3.5,4.892761,3.5,MC,1.0,8.0
63466,507.6363,2.4417259999999996,48150000.0,69.0,Tm,I,2.702779,1.5,5.144481,2.5,MC,1.0,6.0
63478,507.7185,2.441331,16200000.0,69.0,Tm,I,2.449163,3.5,4.890469,4.5,MC,1.0,10.0
63545,508.5093,2.437534,26070000.0,69.0,Tm,I,2.449163,3.5,4.886673,3.5,MC,1.0,8.0
63774,510.7533,2.426825,23360000.0,69.0,Tm,I,2.4485069999999998,4.5,4.875308,4.5,MC,1.0,10.0
63841,511.397,2.423771,309200.0,69.0,Tm,I,0.0,3.5,2.423746,2.5,PK,1.0,6.0
63845,511.4546,2.423498,6351000.0,69.01,Tm,II,2.854648,8.0,5.278121,8.0,MC,2.0,17.0
63902,512.0669,2.4206,21190000.0,69.0,Tm,I,2.449163,3.5,4.869738,2.5,MC,1.0,6.0
64104,514.0273,2.411368,6378000.0,69.01,Tm,II,2.946961,5.0,5.358304,4.0,MC,2.0,9.0
64191,514.9392,2.407098,11620000.0,69.01,Tm,II,2.951231,4.0,5.358304,4.0,MC,2.0,9.0
64329,516.0538,2.4018990000000002,562900.0,69.0,Tm,I,1.087496,2.5,3.4893699999999996,1.5,BKP,1.0,4.0
64554,518.2678,2.391638,92630000.0,69.0,Tm,I,2.702779,1.5,5.094393,0.5,MC,1.0,2.0
64593,518.5244,2.3904549999999998,1645000.0,69.0,Tm,I,1.087496,2.5,3.4779269999999998,2.5,MC,1.0,6.0
64808,520.4512,2.381605,9241000.0,69.01,Tm,II,3.421787,6.0,5.803368,5.0,MC,2.0,11.0
64906,521.3374,2.377557,9362000.0,69.0,Tm,I,2.040397,8.5,4.41793,8.5,MC,1.0,18.0
65406,526.0924,2.356068,5921000.0,69.01,Tm,II,3.246956,5.0,5.603001,5.0,MC,2.0,11.0
65486,526.7335,2.3532,9494000.0,69.01,Tm,II,3.131533,3.0,5.48471,4.0,MC,2.0,9.0
65743,529.1143,2.342612,89070000.0,69.0,Tm,I,2.702779,1.5,5.045367,1.5,MC,1.0,4.0
65780,529.447,2.34114,130900000.0,69.0,Tm,I,3.051413,2.5,5.392529,2.5,MC,1.0,6.0
65852,530.02,2.338609,3830000.0,69.0,Tm,I,1.9326419999999997,5.5,4.271228,6.5,MC,1.0,14.0
65916,530.5864,2.336113,13120000.0,69.01,Tm,II,2.606393,5.0,4.942482,5.0,MC',2.0,11.0
65925,530.7116,2.335561,2271000.0,69.0,Tm,I,0.0,3.5,2.335538,4.5,PK,1.0,10.0
66257,533.8899,2.321658,9570000.0,69.0,Tm,I,2.102401,3.5,4.424035,3.5,MC,1.0,8.0
66258,533.9031,2.3216,5557000.0,69.0,Tm,I,2.1641220000000003,6.5,4.485698999999999,7.5,MC,1.0,16.0
66342,534.6495,2.318359,10250000.0,69.01,Tm,II,2.421017,6.0,4.7393529999999995,6.0,MC',2.0,13.0
66640,537.3006,2.30692,3479000.0,69.01,Tm,II,2.432456,7.0,4.7393529999999995,6.0,MC',2.0,13.0
66836,539.1965,2.298809,5677000.0,69.01,Tm,II,3.185924,4.0,5.48471,4.0,MC,2.0,9.0
66912,540.0447,2.295199,3627000.0,69.01,Tm,II,2.982946,8.0,5.278121,8.0,MC,2.0,17.0
67536,546.4149,2.268441,9632000.0,69.0,Tm,I,2.797022,5.5,5.06544,6.5,MC,1.0,14.0
68182,552.6821,2.242718,30040000.0,69.01,Tm,II,4.328764,3.0,6.571460000000001,4.0,MC,2.0,9.0
68194,552.8348,2.242098,17640000.0,69.0,Tm,I,2.779696,4.5,5.021772,5.5,MC,1.0,12.0
68293,553.9027,2.2377759999999998,5831000.0,69.01,Tm,II,3.246956,5.0,5.48471,4.0,MC,2.0,9.0
68568,556.6,2.226932,1398000.0,69.0,Tm,I,1.626624,4.5,3.853534,5.5,MC,1.0,12.0
68715,558.1368,2.2208,26440000.0,69.0,Tm,I,2.5301259999999997,2.5,4.750903,1.5,MC,1.0,4.0
68968,560.6638,2.210791,16540000.0,69.0,Tm,I,2.5301259999999997,2.5,4.740894,1.5,MC,1.0,4.0
69195,563.1404,2.2010680000000002,1176000.0,69.0,Tm,I,0.0,3.5,2.201046,2.5,PK,1.0,6.0
69318,564.2585,2.196707,1725000.0,69.0,Tm,I,1.087496,2.5,3.28418,1.5,MC,1.0,4.0
69349,564.5401,2.195611,18210000.0,69.0,Tm,I,2.779696,4.5,4.9752849999999995,5.5,MC,1.0,12.0
69463,565.83,2.1906060000000003,1494000.0,69.0,Tm,I,1.087496,2.5,3.278079,3.5,MC,1.0,8.0
69626,567.5837,2.183837,1309000.0,69.0,Tm,I,0.0,3.5,2.183815,4.5,PK,1.0,10.0
69692,568.3592,2.180858,1284000.0,69.0,Tm,I,2.040397,8.5,4.221233,7.5,MC,1.0,16.0
69703,568.4758,2.1804099999999997,7037000.0,69.01,Tm,II,2.734148,7.0,4.914536,7.0,MC',2.0,15.0
69938,570.9967,2.170784,8979000.0,69.01,Tm,II,2.77172,6.0,4.942482,5.0,MC',2.0,11.0
69998,571.5791,2.168572,1254000.0,69.0,Tm,I,1.8933630000000001,7.5,4.061913,8.5,MC,1.0,18.0
70152,573.3815,2.161756,21280000.0,69.01,Tm,II,4.114044,7.0,6.275778,6.0,MC,2.0,13.0
70192,573.722,2.160472,2155000.0,69.01,Tm,II,2.734148,7.0,4.8945989999999995,6.0,MC',2.0,13.0
70206,573.8887,2.1598450000000002,41410000.0,69.01,Tm,II,5.078315,4.0,7.238138,3.0,MC,2.0,7.0
70411,575.8012,2.152671,2105000.0,69.0,Tm,I,1.9326419999999997,5.5,4.085292,6.5,MC,1.0,14.0
70433,576.021,2.15185,1458000.0,69.0,Tm,I,1.087496,2.5,3.2393240000000003,2.5,MC,1.0,6.0
70484,576.4292,2.1503259999999997,421000.0,69.0,Tm,I,0.0,3.5,2.150304,3.5,PK,1.0,8.0
70630,577.8818,2.144921,4862000.0,69.01,Tm,II,3.782604,4.0,5.927503,5.0,MC,2.0,11.0
70658,578.2357,2.143608,1921000.0,69.01,Tm,II,2.185178,2.0,4.328764,3.0,MC',2.0,7.0
70833,579.997,2.137099,13050000.0,69.01,Tm,II,4.310535,8.0,6.447612,8.0,MC,2.0,17.0
70947,581.1166,2.132981,1952000.0,69.01,Tm,II,2.606393,5.0,4.7393529999999995,6.0,MC',2.0,13.0
70997,581.6458,2.13104,938700.0,69.0,Tm,I,2.040397,8.5,4.171416000000001,9.5,MC,1.0,20.0
71193,583.8763,2.1229,6971000.0,69.01,Tm,II,2.77172,6.0,4.8945989999999995,6.0,MC',2.0,13.0
71679,589.5634,2.1024220000000002,367900.0,69.0,Tm,I,0.0,3.5,2.102401,3.5,MC,1.0,8.0
71707,589.9479,2.101052,635600.0,69.0,Tm,I,1.087496,2.5,3.188526,3.5,MC,1.0,8.0
71730,590.1575,2.100305,3175000.0,69.0,Tm,I,2.317646,7.5,4.41793,8.5,MC,1.0,18.0
71808,591.2582,2.0963950000000002,10820000.0,69.0,Tm,I,3.164199,5.5,5.260573,5.5,MC,1.0,12.0
71974,593.17,2.089639,1070000.0,69.0,Tm,I,1.9326419999999997,5.5,4.02226,4.5,MC,1.0,10.0
72011,593.59,2.08816,1499000.0,69.0,Tm,I,1.8933630000000001,7.5,3.981502,7.5,MC,1.0,16.0
72252,597.1263,2.0757939999999997,174000.0,69.0,Tm,I,0.0,3.5,2.075773,3.5,PK,1.0,8.0
72283,597.5013,2.074491,24900000.0,69.0,Tm,I,2.5301259999999997,2.5,4.604596,1.5,MC,1.0,4.0
72714,602.5433,2.057132,1848000.0,69.0,Tm,I,2.1641220000000003,6.5,4.221233,7.5,MC,1.0,16.0
73416,613.1531,2.021536,978300.0,69.0,Tm,I,2.040397,8.5,4.061913,8.5,MC,1.0,18.0
73736,617.5294,2.0072099999999997,585600.0,69.0,Tm,I,1.626624,4.5,3.633814,4.5,MC,1.0,10.0
73778,618.1408,2.005225,2074000.0,69.01,Tm,II,2.734148,7.0,4.7393529999999995,6.0,MC',2.0,13.0
74476,629.9443,1.9676529999999999,2115000.0,69.01,Tm,II,2.77172,6.0,4.7393529999999995,6.0,MC',2.0,13.0
74783,635.2659,1.95117,4740000.0,69.0,Tm,I,2.075773,3.5,4.026923,2.5,MC,1.0,6.0
75077,640.1454,1.9362970000000002,2820000.0,69.0,Tm,I,2.075773,3.5,4.0120510000000005,3.5,MC,1.0,8.0
75332,644.0556,1.9245419999999998,2494000.0,69.0,Tm,I,2.102401,3.5,4.026923,2.5,MC,1.0,6.0
75462,646.0268,1.918669,19920000.0,69.0,Tm,I,2.075773,3.5,3.9944230000000003,4.5,MC,1.0,10.0
75629,649.0715,1.9096689999999998,1821000.0,69.0,Tm,I,2.102401,3.5,4.0120510000000005,3.5,MC,1.0,8.0
75805,651.9777,1.901157,41720000.0,69.0,Tm,I,3.180941,2.5,5.082079,1.5,MC,1.0,4.0
76350,660.4962,1.876638,17340000.0,69.0,Tm,I,2.150304,3.5,4.026923,2.5,MC,1.0,6.0
76504,662.7256,1.870325,12920000.0,69.0,Tm,I,3.2393240000000003,2.5,5.10963,3.5,MC,1.0,8.0
76709,665.7726,1.8617650000000001,4668000.0,69.0,Tm,I,2.150304,3.5,4.0120510000000005,3.5,MC,1.0,8.0
76714,665.863,1.8615119999999998,7062000.0,69.0,Tm,I,3.018853,4.5,4.880347,5.5,MC,1.0,12.0
76934,669.293,1.8519720000000002,9564000.0,69.0,Tm,I,2.372096,1.5,4.22405,0.5,MC,1.0,2.0
77099,672.1366,1.844137,3104000.0,69.0,Tm,I,2.150304,3.5,3.9944230000000003,4.5,MC,1.0,10.0
77127,672.634,1.8427740000000001,27690000.0,69.0,Tm,I,3.2393240000000003,2.5,5.082079,1.5,MC,1.0,4.0
77405,676.7489,1.8315689999999998,14820000.0,69.0,Tm,I,3.278079,3.5,5.10963,3.5,MC,1.0,8.0
77474,677.7941,1.828744,14780000.0,69.0,Tm,I,3.278079,3.5,5.1068050000000005,3.5,MC,1.0,8.0
77487,677.9761,1.828254,14940000.0,69.0,Tm,I,2.183815,4.5,4.0120510000000005,3.5,MC,1.0,8.0
77505,678.2002,1.82765,8472000.0,69.0,Tm,I,3.018853,4.5,4.846483999999999,5.5,MC,1.0,12.0
77558,678.8518,1.825895,3374000.0,69.0,Tm,I,2.201046,2.5,4.026923,2.5,MC,1.0,6.0
77767,682.0256,1.8173990000000002,828300.0,69.0,Tm,I,2.1641220000000003,6.5,3.981502,7.5,MC,1.0,16.0
77813,682.6944,1.815618,25370000.0,69.0,Tm,I,3.027448,1.5,4.8430480000000005,1.5,MC,1.0,4.0
77836,682.9118,1.8150400000000002,1354000.0,69.01,Tm,II,2.6202419999999997,6.0,4.435264,5.0,MC',2.0,11.0
77854,683.1093,1.814516,49060000.0,69.0,Tm,I,3.278079,3.5,5.092576,2.5,MC,1.0,6.0
77941,684.4267,1.811023,16450000.0,69.0,Tm,I,2.201046,2.5,4.0120510000000005,3.5,MC,1.0,8.0
77957,684.5768,1.8106259999999998,8434000.0,69.0,Tm,I,2.183815,4.5,3.9944230000000003,4.5,MC,1.0,10.0
78015,685.4139,1.808414,38530000.0,69.0,Tm,I,3.28418,1.5,5.092576,2.5,MC,1.0,6.0
78384,691.5843,1.7922799999999999,14590000.0,69.0,Tm,I,3.3522190000000003,3.5,5.144481,2.5,MC,1.0,6.0
78510,693.7364,1.78672,1051000.0,69.0,Tm,I,2.102401,3.5,3.889103,3.5,MC,1.0,8.0
78710,697.6691,1.776648,3107000.0,69.01,Tm,II,3.782604,4.0,5.559234,4.0,MC,2.0,9.0
78943,701.4295,1.7671240000000001,770300.0,69.01,Tm,II,2.692161,3.0,4.459266,4.0,MC',2.0,9.0
78968,701.7896,1.766217,29540000.0,69.0,Tm,I,3.279168,2.5,5.045367,1.5,MC,1.0,4.0
79164,705.6413,1.756576,3172000.0,69.01,Tm,II,3.185924,4.0,4.942482,5.0,MC',2.0,11.0
79189,706.0961,1.7554450000000001,65920.0,69.0,Tm,I,1.087496,2.5,2.842923,2.5,MC,1.0,6.0
79287,707.978,1.750779,303900.0,69.01,Tm,II,2.185178,2.0,3.935939,3.0,MC',2.0,7.0
79451,710.6136,1.7442849999999999,708500.0,69.0,Tm,I,2.317646,7.5,4.061913,8.5,MC,1.0,18.0
80166,723.1297,1.7140950000000001,5500000.0,69.0,Tm,I,3.188526,3.5,4.902604,3.5,MC,1.0,8.0
80176,723.3724,1.7135200000000002,1208000.0,69.01,Tm,II,3.009493,5.0,4.722996,4.0,MC',2.0,9.0
80304,725.7716,1.707855,354200.0,69.0,Tm,I,2.183815,4.5,3.891654,4.5,MC,1.0,10.0
80387,727.2614,1.704357,3885000.0,69.0,Tm,I,2.201046,2.5,3.905386,1.5,MC,1.0,4.0
80457,728.4303,1.7016220000000002,1790000.0,69.0,Tm,I,2.372096,1.5,4.073701,2.5,MC,1.0,6.0
80474,728.6155,1.7011889999999998,543100.0,69.0,Tm,I,1.9326419999999997,5.5,3.633814,4.5,MC,1.0,10.0
80609,731.0509,1.6955220000000002,46870000.0,69.0,Tm,I,3.386574,0.5,5.082079,1.5,MC,1.0,4.0
81228,743.2174,1.667766,1709000.0,69.0,Tm,I,2.35451,5.5,4.02226,4.5,MC,1.0,10.0
81239,743.4517,1.667241,376700.0,69.01,Tm,II,2.6202419999999997,6.0,4.2874669999999995,5.0,MC',2.0,11.0
81261,743.9955,1.6660220000000001,356000.0,69.01,Tm,II,2.508045,5.0,4.174051,4.0,MC',2.0,9.0
81463,748.1081,1.656864,8649000.0,69.0,Tm,I,2.337576,5.5,3.9944230000000003,4.5,MC,1.0,10.0
81525,749.0212,1.6548439999999998,15510000.0,69.0,Tm,I,2.372096,1.5,4.026923,2.5,MC,1.0,6.0
81596,750.73,1.6510770000000001,19950000.0,69.0,Tm,I,3.1919880000000003,2.5,4.8430480000000005,1.5,MC,1.0,4.0
81792,754.5775,1.642659,260200.0,69.0,Tm,I,1.626624,4.5,3.269266,5.5,MC,1.0,12.0
81851,755.8333,1.6399290000000002,16290000.0,69.0,Tm,I,2.35451,5.5,3.9944230000000003,4.5,MC,1.0,10.0
81973,758.0602,1.6351120000000001,31360000.0,69.0,Tm,I,3.474534,4.5,5.10963,3.5,MC,1.0,8.0
82031,759.372,1.632287,36720000.0,69.0,Tm,I,3.474534,4.5,5.1068050000000005,3.5,MC,1.0,8.0
82041,759.5077,1.631996,1142000.0,69.01,Tm,II,2.508045,5.0,4.140025,4.0,MC',2.0,9.0
82255,762.9866,1.624554,1174000.0,69.0,Tm,I,2.449163,3.5,4.073701,2.5,MC,1.0,6.0
82349,764.8776,1.6205379999999998,3849000.0,69.01,Tm,II,4.08125,6.0,5.701772,5.0,MC,2.0,11.0
82380,765.5081,1.6192030000000002,46110000.0,69.0,Tm,I,3.8329739999999997,4.5,5.452161,5.5,MC,1.0,12.0
82416,766.0251,1.61811,6286000.0,69.0,Tm,I,3.5137480000000005,3.5,5.131842,4.5,MC,1.0,10.0
82455,766.6256,1.616843,6898000.0,69.0,Tm,I,3.310542,3.5,4.9273690000000006,4.5,MC,1.0,10.0
82496,767.6043,1.614781,552400.0,69.01,Tm,II,2.6202419999999997,6.0,4.2350080000000005,5.0,MC',2.0,11.0
82642,770.1439,1.609457,5594000.0,69.0,Tm,I,3.164199,5.5,4.77364,4.5,MC,1.0,10.0
82808,773.153,1.603193,17110000.0,69.0,Tm,I,2.423746,2.5,4.026923,2.5,MC,1.0,6.0
83047,777.8273,1.593559,4001000.0,69.0,Tm,I,3.333827,4.5,4.9273690000000006,4.5,MC,1.0,10.0
83062,778.2347,1.592724,42720000.0,69.0,Tm,I,3.4893699999999996,1.5,5.082079,1.5,MC,1.0,4.0
83073,778.551,1.592077,9467000.0,69.0,Tm,I,3.310542,3.5,4.902604,3.5,MC,1.0,8.0
83076,778.5893,1.591999,1942000.0,69.0,Tm,I,2.61865,3.5,4.2106330000000005,3.5,MC,1.0,8.0
83167,780.3926,1.5883200000000002,2662000.0,69.0,Tm,I,2.423746,2.5,4.0120510000000005,3.5,MC,1.0,8.0
83281,782.9212,1.5831899999999999,6227000.0,69.0,Tm,I,3.310542,3.5,4.893717,2.5,MC,1.0,6.0
83426,785.6078,1.577776,8696000.0,69.0,Tm,I,2.449163,3.5,4.026923,2.5,MC,1.0,6.0
83447,786.1675,1.576653,2273000.0,69.0,Tm,I,3.3037089999999996,4.5,4.880347,5.5,MC,1.0,12.0
83686,791.8103,1.565417,12370000.0,69.0,Tm,I,3.527175,2.5,5.092576,2.5,MC,1.0,6.0
83731,792.7512,1.563559,8740000.0,69.0,Tm,I,2.4485069999999998,4.5,4.0120510000000005,3.5,MC,1.0,8.0
83752,793.0837,1.562904,17500000.0,69.0,Tm,I,2.449163,3.5,4.0120510000000005,3.5,MC,1.0,8.0
83949,797.1561,1.554919,21860000.0,69.0,Tm,I,3.527175,2.5,5.082079,1.5,MC,1.0,4.0
84012,798.5917,1.552124,27420000.0,69.0,Tm,I,3.540468,3.5,5.092576,2.5,MC,1.0,6.0
