,Wl/nm,E_Photon,A-Value,Elem. num,Element,ion state,E_lower_lev.,J_lower,E_upper_lev.,J_upper,Ref.,ion state num,g_j
6559,241.9574,5.12271,26740000.0,92.01,U,II,0.0,4.5,5.122659,5.5,MC,2.0,12.0
8443,249.8828,4.960249,21000000.0,92.01,U,II,0.68523,6.5,5.645429,6.5,MC,2.0,14.0
8881,251.477,4.928806,45370000.0,92.01,U,II,0.548118,5.5,5.476875,6.5,MC,2.0,14.0
9921,254.9288,4.862072,39440000.0,92.01,U,II,0.548118,5.5,5.410142,6.5,MC,2.0,14.0
10129,255.6192,4.848941,40880000.0,92.01,U,II,0.0,4.5,4.848893,5.5,MC,2.0,12.0
10396,256.5407,4.831525,64320000.0,92.01,U,II,0.0,4.5,4.831476,5.5,MC,2.0,12.0
10498,256.8978,4.824808999999999,16340000.0,92.01,U,II,0.6521140000000001,7.5,5.476875,6.5,MC,2.0,14.0
10517,256.9708,4.823439,73280000.0,92.01,U,II,0.0,4.5,4.82339,3.5,MC,2.0,8.0
10930,258.4416,4.795991000000001,26490000.0,92.01,U,II,0.0,4.5,4.795943,3.5,MC,2.0,8.0
12471,264.1563,4.692241,31260000.0,92.01,U,II,0.7179479999999999,5.5,5.410142,6.5,MC,2.0,14.0
12569,264.5472,4.685308999999999,60930000.0,92.01,U,II,0.0,4.5,4.685262000000001,4.5,MC,2.0,10.0
12602,264.7017,4.682575,7299000.0,92.01,U,II,0.113416,4.5,4.795943,3.5,MC,2.0,8.0
12659,264.9064,4.6789559999999994,34730000.0,92.01,U,II,0.035836,5.5,4.714745,4.5,MC,2.0,10.0
12900,265.9023,4.661433000000001,6687000.0,92.01,U,II,0.0,4.5,4.661386,5.5,MC,2.0,12.0
13075,266.5863,4.649472,13070000.0,92.01,U,II,0.035836,5.5,4.685262000000001,4.5,MC,2.0,10.0
13352,267.5876,4.632075,20640000.0,92.01,U,II,0.21686399999999997,6.5,4.848893,5.5,MC,2.0,12.0
13370,267.6416,4.631142,107300000.0,92.01,U,II,0.779047,6.5,5.410142,6.5,MC,2.0,14.0
13552,268.3282,4.619292,392100000.0,92.01,U,II,1.026184,6.5,5.645429,6.5,MC,2.0,14.0
13626,268.5976,4.614659,41350000.0,92.01,U,II,0.21686399999999997,6.5,4.831476,5.5,MC,2.0,12.0
13772,269.1781,4.604707,83690000.0,92.01,U,II,1.0407680000000001,7.5,5.645429,6.5,MC,2.0,14.0
14277,270.9506,4.574587,29920000.0,92.01,U,II,0.548118,5.5,5.122659,5.5,MC,2.0,12.0
14317,271.1103,4.571892,8641000.0,92.01,U,II,0.113416,4.5,4.685262000000001,4.5,MC,2.0,10.0
14415,271.5534,4.564433,16110000.0,92.01,U,II,0.284506,5.5,4.848893,5.5,MC,2.0,12.0
14709,272.5936,4.547016,20170000.0,92.01,U,II,0.284506,5.5,4.831476,5.5,MC,2.0,12.0
15084,273.939,4.524685,12290000.0,92.01,U,II,0.035836,5.5,4.560475,6.5,MC,2.0,14.0
15276,274.6159,4.513532,12110000.0,92.01,U,II,0.21686399999999997,6.5,4.730351000000001,7.5,MC,2.0,16.0
15831,276.5397,4.482136,17070000.0,92.01,U,II,0.0,4.5,4.4820910000000005,4.5,MC,2.0,10.0
16249,277.8481,4.46103,64880000.0,92.01,U,II,1.184444,5.5,5.645429,6.5,MC,2.0,14.0
16309,278.0032,4.458541,15440000.0,92.01,U,II,0.0,4.5,4.458496,4.5,MC,2.0,10.0
16449,278.4908,4.450736,44270000.0,92.01,U,II,1.026184,6.5,5.476875,6.5,MC,2.0,14.0
16939,280.2559,4.422704,71410000.0,92.01,U,II,0.035836,5.5,4.458496,4.5,MC,2.0,10.0
17218,281.1383,4.408824,21820000.0,92.01,U,II,0.21686399999999997,6.5,4.625643,7.5,MC,2.0,16.0
17379,281.5986,4.401618,9539000.0,92.01,U,II,0.035836,5.5,4.43741,6.5,MC,2.0,14.0
17610,282.4365,4.388561,24880000.0,92.01,U,II,0.035836,5.5,4.424353,5.5,MC,2.0,12.0
17960,283.7193,4.3687190000000005,31560000.0,92.01,U,II,0.113416,4.5,4.4820910000000005,4.5,MC,2.0,10.0
18034,283.9892,4.364567,27930000.0,92.01,U,II,0.035836,5.5,4.400359,5.5,MC,2.0,12.0
18197,284.6149,4.354973,49230000.0,92.01,U,II,1.055213,5.5,5.410142,6.5,MC,2.0,14.0
18387,285.3565,4.343655,14290000.0,92.01,U,II,0.21686399999999997,6.5,4.560475,6.5,MC,2.0,14.0
18461,285.5964,4.340007,49580000.0,92.0,U,I,0.0,6.0,4.339963,7.0,MC,1.0,15.0
18578,286.0466,4.333177,30680000.0,92.01,U,II,0.0,4.5,4.333133,3.5,MC,2.0,8.0
18622,286.2615,4.329923,13530000.0,92.01,U,II,0.568521,6.5,4.898401,7.5,MC,2.0,16.0
18692,286.5681,4.325292,50030000.0,92.01,U,II,0.0,4.5,4.325248,5.5,MC,2.0,12.0
18923,287.5194,4.310980000000001,14270000.0,92.01,U,II,0.113416,4.5,4.424353,5.5,MC,2.0,12.0
19196,288.6445,4.294178,8551000.0,92.01,U,II,0.035836,5.5,4.329971,6.5,MC,2.0,14.0
19225,288.7591,4.2924739999999995,91980000.0,92.01,U,II,1.184444,5.5,5.476875,6.5,MC,2.0,14.0
19252,288.8256,4.291486,23690000.0,92.01,U,II,0.0,4.5,4.291443,4.5,MC,2.0,10.0
19277,288.9623,4.289455,62520000.0,92.01,U,II,0.035836,5.5,4.325248,5.5,MC,2.0,12.0
19526,289.8708,4.276013,11460000.0,92.01,U,II,0.284506,5.5,4.560475,6.5,MC,2.0,14.0
19619,290.2807,4.269975,4376000.0,92.01,U,II,0.0,4.5,4.269932,5.5,MC,2.0,12.0
19658,290.4504,4.26748,10220000.0,92.01,U,II,0.035836,5.5,4.303274,6.5,MC,2.0,14.0
19862,291.2579,4.255649,8736000.0,92.01,U,II,0.035836,5.5,4.291443,4.5,MC,2.0,10.0
19907,291.4252,4.253207,15480000.0,92.01,U,II,0.035836,5.5,4.289,5.5,MC,2.0,12.0
20042,291.8972,4.246329,24680000.0,92.01,U,II,0.6521140000000001,7.5,4.898401,7.5,MC,2.0,16.0
20145,292.3173,4.240227,4121000.0,92.01,U,II,0.0,4.5,4.240184999999999,5.5,MC,2.0,12.0
20229,292.6136,4.235933999999999,29260000.0,92.0,U,I,0.0,6.0,4.2358910000000005,6.0,MC,1.0,13.0
20259,292.7376,4.234139,14880000.0,92.01,U,II,0.035836,5.5,4.269932,5.5,MC,2.0,12.0
20497,293.6775,4.220589,5559000.0,92.01,U,II,0.21686399999999997,6.5,4.43741,6.5,MC,2.0,14.0
20512,293.7352,4.21976,9702000.0,92.01,U,II,0.113416,4.5,4.333133,3.5,MC,2.0,8.0
20563,293.9485,4.216698,64300000.0,92.01,U,II,1.193486,6.5,5.410142,6.5,MC,2.0,14.0
20637,294.1916,4.213213,190300000.0,92.01,U,II,0.68523,6.5,4.898401,7.5,MC,2.0,16.0
20665,294.2851,4.211875,14330000.0,92.01,U,II,0.113416,4.5,4.325248,5.5,MC,2.0,12.0
20745,294.5889,4.2075309999999995,14630000.0,92.01,U,II,0.21686399999999997,6.5,4.424353,5.5,MC,2.0,12.0
20809,294.8089,4.204391,14880000.0,92.01,U,II,0.035836,5.5,4.240184999999999,5.5,MC,2.0,12.0
20920,295.1937,4.198911,48220000.0,92.0,U,I,0.07691,5.0,4.275779,5.0,MC,1.0,11.0
21000,295.5638,4.193654,8799000.0,92.01,U,II,0.035836,5.5,4.2294480000000005,6.5,MC,2.0,14.0
21184,296.2785,4.1835379999999995,15180000.0,92.01,U,II,0.21686399999999997,6.5,4.400359,5.5,MC,2.0,12.0
21297,296.6663,4.178069,14230000.0,92.01,U,II,0.113416,4.5,4.291443,4.5,MC,2.0,10.0
21326,296.7936,4.176277,20550000.0,92.01,U,II,0.035836,5.5,4.212071,6.5,MC,2.0,14.0
21339,296.8399,4.175626,8368000.0,92.01,U,II,0.113416,4.5,4.289,5.5,MC,2.0,12.0
21543,297.6351,4.164471,14170000.0,92.01,U,II,0.035836,5.5,4.200265,6.5,MC,2.0,14.0
21768,298.4611,4.152946,31550000.0,92.01,U,II,0.284506,5.5,4.43741,6.5,MC,2.0,14.0
21847,298.7798,4.148516000000001,6637000.0,92.01,U,II,0.035836,5.5,4.18431,5.5,MC,2.0,12.0
22115,299.836,4.133903,30000000.0,92.0,U,I,0.0,6.0,4.1338610000000005,6.0,MC,1.0,13.0
22346,300.7915,4.1207720000000005,90830000.0,92.01,U,II,0.7026600000000001,3.5,4.82339,3.5,MC,2.0,8.0
22460,301.2443,4.114578,2964000.0,92.01,U,II,0.035836,5.5,4.150372,6.5,MC,2.0,14.0
22484,301.3373,4.113308999999999,27960000.0,92.01,U,II,0.548118,5.5,4.661386,5.5,MC,2.0,12.0
22569,301.6954,4.108426000000001,15760000.0,92.01,U,II,0.21686399999999997,6.5,4.325248,5.5,MC,2.0,12.0
22701,302.2211,4.101281,25300000.0,92.01,U,II,0.21686399999999997,6.5,4.318103,7.5,MC,2.0,16.0
22831,302.7656,4.093905,66030000.0,92.0,U,I,0.07691,5.0,4.170774,6.0,MC,1.0,13.0
22951,303.3179,4.086451,21820000.0,92.01,U,II,0.21686399999999997,6.5,4.303274,6.5,MC,2.0,14.0
23018,303.596,4.082708,5298000.0,92.01,U,II,0.21686399999999997,6.5,4.299531,6.5,MC,2.0,14.0
23063,303.8077,4.079862,7140000.0,92.01,U,II,0.0,4.5,4.079822,4.5,MC,2.0,10.0
23092,303.9133,4.078446,26510000.0,92.01,U,II,0.578238,3.5,4.656643,4.5,MC,2.0,10.0
23099,303.9258,4.078278,24790000.0,92.01,U,II,0.6521140000000001,7.5,4.730351000000001,7.5,MC,2.0,16.0
23131,304.0461,4.076664,7243000.0,92.01,U,II,0.113416,4.5,4.190039,3.5,MC,2.0,8.0
23211,304.3811,4.072177,9591000.0,92.01,U,II,0.21686399999999997,6.5,4.289,5.5,MC,2.0,12.0
23272,304.6467,4.068626999999999,5409000.0,92.01,U,II,0.035836,5.5,4.1044220000000005,6.5,MC,2.0,14.0
23327,304.8645,4.065721,75290000.0,92.0,U,I,0.07691,5.0,4.14259,6.0,MC,1.0,13.0
23367,305.0197,4.063651,21100000.0,92.01,U,II,0.0,4.5,4.063611,4.5,MC,2.0,10.0
23617,306.1618,4.048494,16590000.0,92.01,U,II,0.21686399999999997,6.5,4.265317,7.5,MC,2.0,16.0
23639,306.2537,4.0472790000000005,25920000.0,92.01,U,II,0.21686399999999997,6.5,4.264101999999999,6.5,MC,2.0,14.0
23671,306.3879,4.045506,4542000.0,92.01,U,II,0.284506,5.5,4.329971,6.5,MC,2.0,14.0
23678,306.414,4.045162,9889000.0,92.01,U,II,0.68523,6.5,4.730351000000001,7.5,MC,2.0,16.0
24178,308.4234,4.018808,5438000.0,92.01,U,II,0.284506,5.5,4.303274,6.5,MC,2.0,14.0
24235,308.7109,4.015066,5391000.0,92.01,U,II,0.284506,5.5,4.299531,6.5,MC,2.0,14.0
24274,308.8987,4.012625,9207000.0,92.01,U,II,0.21686399999999997,6.5,4.2294480000000005,6.5,MC,2.0,14.0
24439,309.504,4.004777,10950000.0,92.01,U,II,0.21686399999999997,6.5,4.221601000000001,6.5,MC,2.0,14.0
24445,309.5228,4.004534,9757000.0,92.01,U,II,0.284506,5.5,4.289,5.5,MC,2.0,12.0
24684,310.5099,3.991804,6436000.0,92.01,U,II,0.284506,5.5,4.276269,6.5,MC,2.0,14.0
24863,311.1618,3.9834410000000005,35060000.0,92.01,U,II,0.21686399999999997,6.5,4.200265,6.5,MC,2.0,14.0
24878,311.225,3.9826330000000003,5736000.0,92.01,U,II,0.035836,5.5,4.018429,6.5,MC,2.0,14.0
24923,311.4539,3.9797050000000005,26980000.0,92.0,U,I,0.0,6.0,3.9796660000000004,7.0,MC,1.0,15.0
24926,311.4593,3.9796370000000003,7111000.0,92.01,U,II,0.284506,5.5,4.264101999999999,6.5,MC,2.0,14.0
25032,311.9349,3.9735690000000004,44220000.0,92.01,U,II,0.6521140000000001,7.5,4.625643,7.5,MC,2.0,16.0
25078,312.1332,3.9710449999999997,5651000.0,92.01,U,II,0.0,4.5,3.9710050000000003,3.5,MC,2.0,8.0
25155,312.4952,3.966446,26250000.0,92.01,U,II,0.113416,4.5,4.079822,4.5,MC,2.0,10.0
25213,312.6697,3.964232,31370000.0,92.01,U,II,0.578238,3.5,4.54243,2.5,MC,2.0,6.0
25368,313.3426,3.955719,4412000.0,92.01,U,II,0.284506,5.5,4.240184999999999,5.5,MC,2.0,12.0
25458,313.6895,3.951344,15990000.0,92.01,U,II,0.779047,6.5,4.730351000000001,7.5,MC,2.0,16.0
25525,313.9606,3.9479330000000004,76410000.0,92.01,U,II,0.708749,4.5,4.656643,4.5,MC,2.0,10.0
25595,314.1954,3.944982,5853000.0,92.01,U,II,0.284506,5.5,4.2294480000000005,6.5,MC,2.0,14.0
25689,314.5566,3.9404529999999998,41240000.0,92.01,U,II,0.68523,6.5,4.625643,7.5,MC,2.0,16.0
25732,314.7094,3.93854,54210000.0,92.0,U,I,0.07691,5.0,4.015411,6.0,MC,1.0,13.0
25758,314.8586,3.9366730000000003,4214000.0,92.01,U,II,0.0,4.5,3.936633,4.5,MC,2.0,10.0
25802,315.1087,3.9335480000000005,4896000.0,92.01,U,II,0.21686399999999997,6.5,4.150372,6.5,MC,2.0,14.0
25895,315.5406,3.9281650000000004,25740000.0,92.01,U,II,0.578238,3.5,4.5063629999999995,2.5,MC,2.0,6.0
25912,315.5856,3.9276050000000002,10170000.0,92.01,U,II,0.284506,5.5,4.212071,6.5,MC,2.0,14.0
26137,316.5506,3.915633,9436000.0,92.01,U,II,0.284506,5.5,4.200099,5.5,MC,2.0,12.0
26279,317.1363,3.908401,12540000.0,92.01,U,II,0.6521140000000001,7.5,4.560475,6.5,MC,2.0,14.0
26343,317.3719,3.905499,3131000.0,92.01,U,II,0.0,4.5,3.9054599999999997,3.5,MC,2.0,8.0
26392,317.6206,3.9024419999999997,9119000.0,92.01,U,II,0.21686399999999997,6.5,4.1192660000000005,7.5,MC,2.0,16.0
26455,317.9034,3.898971,4438000.0,92.01,U,II,0.035836,5.5,3.934768,6.5,MC,2.0,14.0
26474,317.9821,3.8980059999999996,7397000.0,92.01,U,II,0.113416,4.5,4.011382,4.5,MC,2.0,10.0
26637,318.5698,3.8908150000000004,7085000.0,92.01,U,II,0.21686399999999997,6.5,4.10764,7.5,MC,2.0,16.0
26703,318.8335,3.887597,6556000.0,92.01,U,II,0.21686399999999997,6.5,4.1044220000000005,6.5,MC,2.0,14.0
26785,319.1742,3.8834470000000003,11770000.0,92.01,U,II,0.578238,3.5,4.461646,2.5,MC,2.0,6.0
27099,320.6047,3.8661199999999996,10710000.0,92.01,U,II,0.113416,4.5,3.9794970000000003,4.5,MC,2.0,10.0
27103,320.6225,3.865906,4986000.0,92.01,U,II,0.284506,5.5,4.150372,6.5,MC,2.0,14.0
27260,321.3069,3.857671,11990000.0,92.01,U,II,1.0407680000000001,7.5,4.898401,7.5,MC,2.0,16.0
27306,321.4701,3.8557129999999997,10680000.0,92.0,U,I,0.0,6.0,3.8556739999999996,6.0,MC,1.0,13.0
27528,322.6175,3.842,7219000.0,92.01,U,II,0.113416,4.5,3.9553769999999995,4.5,MC,2.0,10.0
27675,323.2156,3.8348910000000003,14080000.0,92.01,U,II,0.035836,5.5,3.870689,5.5,MC,2.0,12.0
27827,323.8456,3.827431,2736000.0,92.01,U,II,0.113416,4.5,3.940808,3.5,MC,2.0,8.0
27912,324.1992,3.8232559999999998,6372000.0,92.01,U,II,0.113416,4.5,3.936633,4.5,MC,2.0,10.0
27970,324.4795,3.819954,4543000.0,92.01,U,II,0.284506,5.5,4.1044220000000005,6.5,MC,2.0,14.0
28001,324.6386,3.818082,4404000.0,92.01,U,II,0.035836,5.5,3.853879,5.5,MC,2.0,12.0
28160,325.3765,3.809424,13640000.0,92.01,U,II,0.708749,4.5,4.518135,5.5,MC,2.0,12.0
28234,325.7241,3.805358,1349000.0,92.01,U,II,0.0,4.5,3.8053199999999996,5.5,MC,2.0,12.0
28348,326.1715,3.800139,6337000.0,92.01,U,II,0.21686399999999997,6.5,4.016965,7.5,MC,2.0,16.0
28381,326.3122,3.7985010000000003,15230000.0,92.0,U,I,0.0,6.0,3.798463,6.0,MC,1.0,13.0
28440,326.5792,3.7953959999999998,7757000.0,92.01,U,II,0.113416,4.5,3.9087730000000005,5.5,MC,2.0,12.0
28540,326.9765,3.7907839999999995,1218000.0,92.01,U,II,0.035836,5.5,3.826582,6.5,MC,2.0,14.0
28549,327.0122,3.790369,8328000.0,92.01,U,II,0.035836,5.5,3.826167,5.5,MC,2.0,12.0
28580,327.1448,3.7888330000000003,7184000.0,92.01,U,II,0.669701,3.5,4.458496,4.5,MC,2.0,10.0
28767,328.0003,3.778952,3973000.0,92.01,U,II,0.113416,4.5,3.892329,4.5,MC,2.0,10.0
28821,328.248,3.7761,2543000.0,92.01,U,II,0.0,4.5,3.7760620000000005,5.5,MC,2.0,12.0
28841,328.3102,3.775385,4992000.0,92.01,U,II,0.113416,4.5,3.8887629999999995,4.5,MC,2.0,10.0
28894,328.5223,3.7729480000000004,5993000.0,92.01,U,II,0.21686399999999997,6.5,3.9897730000000005,7.5,MC,2.0,16.0
28973,328.8208,3.7695220000000003,7976000.0,92.01,U,II,0.035836,5.5,3.8053199999999996,5.5,MC,2.0,12.0
29083,329.3558,3.7634,10500000.0,92.0,U,I,0.0,6.0,3.7633620000000003,5.0,MC,1.0,11.0
29306,330.3597,3.751963,5078000.0,92.01,U,II,0.035836,5.5,3.787761,5.5,MC,2.0,12.0
29365,330.589,3.749361,28920000.0,92.01,U,II,0.284506,5.5,4.033829,6.5,MC,2.0,14.0
29594,331.3932,3.7402629999999997,4955000.0,92.01,U,II,0.035836,5.5,3.7760620000000005,5.5,MC,2.0,12.0
29726,331.8788,3.7347900000000003,3654000.0,92.01,U,II,0.568521,6.5,4.303274,6.5,MC,2.0,14.0
29741,331.9228,3.734296,92620000.0,92.0,U,I,0.47963100000000003,3.0,4.213889,3.0,MC,1.0,7.0
29815,332.2118,3.7310470000000002,10640000.0,92.01,U,II,0.568521,6.5,4.299531,6.5,MC,2.0,14.0
29917,332.5642,3.727093,2301000.0,92.01,U,II,0.0,4.5,3.7270550000000005,5.5,MC,2.0,12.0
29970,332.7506,3.7250059999999996,3562000.0,92.01,U,II,0.113416,4.5,3.8383839999999996,4.5,MC,2.0,10.0
30031,332.9922,3.7223029999999997,7226000.0,92.01,U,II,0.284506,5.5,4.006771,6.5,MC,2.0,14.0
30090,333.2432,3.719499,4980000.0,92.01,U,II,0.7179479999999999,5.5,4.43741,6.5,MC,2.0,14.0
30238,333.7785,3.7135339999999997,6321000.0,92.01,U,II,0.035836,5.5,3.749333,5.5,MC,2.0,12.0
30257,333.8455,3.712789,2895000.0,92.01,U,II,0.113416,4.5,3.826167,5.5,MC,2.0,12.0
30330,334.1663,3.709226,10660000.0,92.01,U,II,0.284506,5.5,3.993694,6.5,MC,2.0,14.0
30355,334.2679,3.708097,5267000.0,92.01,U,II,0.21686399999999997,6.5,3.924924,7.5,MC,2.0,16.0
30435,334.5562,3.704903,11820000.0,92.0,U,I,0.0,6.0,3.7048660000000004,5.0,MC,1.0,11.0
30447,334.5889,3.70454,27140000.0,92.0,U,I,0.07691,5.0,3.7814129999999997,4.0,MC,1.0,9.0
30645,335.4502,3.695029,8905000.0,92.01,U,II,0.284506,5.5,3.9794970000000003,4.5,MC,2.0,10.0
30666,335.5109,3.6943599999999996,1170000.0,92.01,U,II,0.035836,5.5,3.7301589999999996,5.5,MC,2.0,12.0
30716,335.793,3.691257,4184000.0,92.01,U,II,0.035836,5.5,3.7270550000000005,5.5,MC,2.0,12.0
30766,336.0009,3.6889730000000003,18060000.0,92.0,U,I,0.0,6.0,3.688936,5.0,MC,1.0,11.0
30809,336.1722,3.687093,4873000.0,92.01,U,II,0.284506,5.5,3.971561,4.5,MC,2.0,10.0
30973,336.7895,3.680336,1679000.0,92.01,U,II,0.0,4.5,3.6802989999999998,5.5,MC,2.0,12.0
31007,336.9099,3.6790199999999995,7497000.0,92.0,U,I,0.0,6.0,3.678984,6.0,MC,1.0,13.0
31033,337.0131,3.677894,6316000.0,92.01,U,II,0.6521140000000001,7.5,4.329971,6.5,MC,2.0,14.0
31079,337.2004,3.675851,3303000.0,92.01,U,II,0.035836,5.5,3.71165,5.5,MC,2.0,12.0
31196,337.6544,3.6709080000000003,3775000.0,92.01,U,II,0.284506,5.5,3.9553769999999995,4.5,MC,2.0,10.0
31239,337.8204,3.6691050000000005,47910000.0,92.0,U,I,0.552154,4.0,4.221222,3.0,MC,1.0,7.0
31394,338.4444,3.66234,3219000.0,92.01,U,II,0.035836,5.5,3.698139,5.5,MC,2.0,12.0
31444,338.6133,3.660514,4586000.0,92.01,U,II,0.113416,4.5,3.773892,4.5,MC,2.0,10.0
31562,339.0377,3.655931,119700000.0,92.0,U,I,0.07691,5.0,3.7328050000000004,4.0,MC,1.0,9.0
31578,339.0963,3.655299,33360000.0,92.0,U,I,0.471243,7.0,4.126505,6.0,MC,1.0,13.0
31637,339.299,3.653117,3102000.0,92.01,U,II,0.568521,6.5,4.221601000000001,6.5,MC,2.0,14.0
31658,339.3874,3.652164,8780000.0,92.01,U,II,0.284506,5.5,3.936633,4.5,MC,2.0,10.0
31688,339.4774,3.651196,16950000.0,92.01,U,II,0.6521140000000001,7.5,4.303274,6.5,MC,2.0,14.0
31703,339.5314,3.6506160000000003,4688000.0,92.01,U,II,0.21686399999999997,6.5,3.867443,7.5,MC,2.0,16.0
31712,339.5511,3.650403,23710000.0,92.0,U,I,0.0,6.0,3.6503669999999997,7.0,MC,1.0,15.0
31714,339.5609,3.650299,6250000.0,92.01,U,II,0.284506,5.5,3.934768,6.5,MC,2.0,14.0
31747,339.7176,3.648615,23530000.0,92.0,U,I,0.53012,6.0,4.178698000000001,6.0,MC,1.0,13.0
31781,339.8258,3.647454,7417000.0,92.01,U,II,0.6521140000000001,7.5,4.299531,6.5,MC,2.0,14.0
31827,340.1012,3.6445,4097000.0,92.01,U,II,0.035836,5.5,3.6802989999999998,5.5,MC,2.0,12.0
31851,340.1864,3.643587,3043000.0,92.01,U,II,0.568521,6.5,4.212071,6.5,MC,2.0,14.0
31950,340.5718,3.639464,25620000.0,92.0,U,I,0.471243,7.0,4.11067,6.0,MC,1.0,13.0
31963,340.6269,3.638876,4399000.0,92.01,U,II,0.113416,4.5,3.7522550000000003,4.5,MC,2.0,10.0
31997,340.7976,3.6370519999999997,3146000.0,92.01,U,II,0.21686399999999997,6.5,3.853879,5.5,MC,2.0,12.0
32134,341.4315,3.6303,34520000.0,92.0,U,I,0.552154,4.0,4.182417,4.0,MC,1.0,9.0
32220,341.8381,3.625982,8022000.0,92.0,U,I,0.07691,5.0,3.7028559999999997,6.0,MC,1.0,13.0
32302,342.1694,3.622472,29120000.0,92.01,U,II,1.038951,4.5,4.661386,5.5,MC,2.0,12.0
32317,342.2349,3.621778,5131000.0,92.01,U,II,0.669701,3.5,4.291443,4.5,MC,2.0,10.0
32372,342.4557,3.619443,8822000.0,92.01,U,II,0.21686399999999997,6.5,3.83627,7.5,MC,2.0,16.0
32499,343.0174,3.613517,24220000.0,92.0,U,I,0.47963100000000003,3.0,4.0931120000000005,3.0,MC,1.0,7.0
32521,343.1133,3.6125059999999998,43860000.0,92.0,U,I,0.53012,6.0,4.14259,6.0,MC,1.0,13.0
32528,343.1558,3.6120589999999995,8031000.0,92.01,U,II,0.7179479999999999,5.5,4.329971,6.5,MC,2.0,14.0
32592,343.3902,3.609593,97770000.0,92.0,U,I,0.947939,8.0,4.5574959999999995,7.0,MC,1.0,15.0
32602,343.4143,3.60934,5359000.0,92.01,U,II,0.21686399999999997,6.5,3.826167,5.5,MC,2.0,12.0
32610,343.4605,3.608855,9037000.0,92.0,U,I,0.0,6.0,3.6088190000000004,7.0,MC,1.0,15.0
32629,343.519,3.6082400000000003,32950000.0,92.0,U,I,0.471243,7.0,4.079447,7.0,MC,1.0,15.0
32646,343.5491,3.6079239999999997,59360000.0,92.0,U,I,0.0,6.0,3.6078879999999995,5.0,MC,1.0,11.0
32670,343.678,3.6065709999999997,10240000.0,92.01,U,II,0.583504,2.5,4.190039,3.5,MC,2.0,8.0
32823,344.2949,3.600109,27200000.0,92.0,U,I,0.0,6.0,3.6000730000000005,5.0,MC,1.0,11.0
32972,344.8786,3.5940160000000003,14930000.0,92.0,U,I,0.0,6.0,3.59398,5.0,MC,1.0,11.0
33094,345.3781,3.5888190000000004,10360000.0,92.01,U,II,0.7026600000000001,3.5,4.291443,4.5,MC,2.0,10.0
33143,345.5744,3.58678,3417000.0,92.01,U,II,0.21686399999999997,6.5,3.803608,7.5,MC,2.0,16.0
33192,345.7712,3.584739,17580000.0,92.01,U,II,0.68523,6.5,4.269932,5.5,MC,2.0,12.0
33203,345.817,3.584264,57980000.0,92.0,U,I,0.471243,7.0,4.055471,6.0,MC,1.0,13.0
33239,345.9919,3.5824519999999995,35020000.0,92.0,U,I,0.0,6.0,3.5824160000000003,5.0,MC,1.0,11.0
33313,346.222,3.580071,26260000.0,92.0,U,I,0.0,6.0,3.5800349999999996,6.0,MC,1.0,13.0
33347,346.3548,3.578699,52900000.0,92.0,U,I,0.07691,5.0,3.6555730000000004,5.0,MC,1.0,11.0
33410,346.6301,3.575856,60500000.0,92.0,U,I,0.0,6.0,3.5758199999999998,5.0,MC,1.0,11.0
33491,346.9487,3.572573,35430000.0,92.0,U,I,0.471243,7.0,4.04378,6.0,MC,1.0,13.0
33503,346.9789,3.5722620000000003,9690000.0,92.0,U,I,0.0,6.0,3.572226,6.0,MC,1.0,13.0
33561,347.2562,3.56941,3209000.0,92.01,U,II,0.284506,5.5,3.853879,5.5,MC,2.0,12.0
33617,347.4986,3.5669190000000004,2162000.0,92.01,U,II,0.113416,4.5,3.6802989999999998,5.5,MC,2.0,12.0
33744,348.0364,3.561408,170700000.0,92.0,U,I,0.714407,5.0,4.275779,5.0,MC,1.0,11.0
33796,348.249,3.5592339999999996,12220000.0,92.01,U,II,0.21686399999999997,6.5,3.7760620000000005,5.5,MC,2.0,12.0
33949,348.9367,3.552219,146600000.0,92.0,U,I,0.0,6.0,3.5521839999999996,5.0,MC,1.0,11.0
33959,348.9563,3.5520199999999997,12190000.0,92.01,U,II,0.7179479999999999,5.5,4.269932,5.5,MC,2.0,12.0
33967,349.0232,3.551339,4055000.0,92.01,U,II,0.113416,4.5,3.6647190000000003,5.5,MC,2.0,12.0
34027,349.3333,3.5481870000000004,15820000.0,92.01,U,II,0.6521140000000001,7.5,4.200265,6.5,MC,2.0,14.0
34041,349.3996,3.547513,36800000.0,92.0,U,I,0.07691,5.0,3.6243879999999997,5.0,MC,1.0,11.0
34074,349.5748,3.5457349999999996,1124000.0,92.01,U,II,0.21686399999999997,6.5,3.7625629999999997,6.5,MC,2.0,14.0
34102,349.6414,3.54506,6942000.0,92.01,U,II,0.21686399999999997,6.5,3.761888,7.5,MC,2.0,16.0
34126,349.7259,3.544204,33460000.0,92.0,U,I,0.471243,7.0,4.015411,6.0,MC,1.0,13.0
34173,349.9324,3.5421120000000004,4167000.0,92.01,U,II,0.284506,5.5,3.826582,6.5,MC,2.0,14.0
34190,350.0076,3.541351,56540000.0,92.0,U,I,0.0,6.0,3.541315,5.0,MC,1.0,11.0
34212,350.1007,3.54041,28790000.0,92.0,U,I,0.552154,4.0,4.092528,4.0,MC,1.0,9.0
34236,350.2236,3.539167,100300000.0,92.0,U,I,0.47963100000000003,3.0,4.018763,3.0,MC,1.0,7.0
34237,350.2249,3.539154,6919000.0,92.01,U,II,0.568521,6.5,4.10764,7.5,MC,2.0,16.0
34273,350.4009,3.537376,53860000.0,92.0,U,I,0.471243,7.0,4.008583,8.0,MC,1.0,17.0
34291,350.4931,3.5364459999999998,9759000.0,92.0,U,I,0.0,6.0,3.53641,7.0,MC,1.0,15.0
34295,350.5074,3.5363019999999996,12690000.0,92.01,U,II,0.6521140000000001,7.5,4.18838,6.5,MC,2.0,14.0
34306,350.5436,3.535936,4912000.0,92.01,U,II,0.568521,6.5,4.1044220000000005,6.5,MC,2.0,14.0
34342,350.7053,3.534307,21380000.0,92.0,U,I,0.07691,5.0,3.6111809999999998,6.0,MC,1.0,13.0
34350,350.7344,3.534013,68950000.0,92.0,U,I,0.0,6.0,3.5339769999999997,5.0,MC,1.0,11.0
34383,350.8841,3.5325050000000005,5450000.0,92.01,U,II,0.21686399999999997,6.5,3.749333,5.5,MC,2.0,12.0
34437,351.1443,3.5298879999999997,17780000.0,92.0,U,I,0.0,6.0,3.5298519999999995,6.0,MC,1.0,13.0
34440,351.1578,3.529752,1685000.0,92.01,U,II,0.035836,5.5,3.565553,5.5,MC,2.0,12.0
34502,351.3674,3.527646,40650000.0,92.0,U,I,0.07691,5.0,3.604521,4.0,MC,1.0,9.0
34522,351.4611,3.526706,139200000.0,92.0,U,I,0.0,6.0,3.526671,5.0,MC,1.0,11.0
34532,351.5231,3.5260839999999996,3680000.0,92.01,U,II,0.548118,5.5,4.074167,6.5,MC,2.0,14.0
34568,351.6839,3.5244720000000003,60880000.0,92.0,U,I,0.47963100000000003,3.0,4.004068,3.0,MC,1.0,7.0
34575,351.7048,3.5242620000000002,7752000.0,92.01,U,II,0.779047,6.5,4.303274,6.5,MC,2.0,14.0
34639,351.9955,3.521352,5136000.0,92.01,U,II,0.113416,4.5,3.634732,5.5,MC,2.0,12.0
34656,352.0787,3.52052,9738000.0,92.01,U,II,0.779047,6.5,4.299531,6.5,MC,2.0,14.0
34692,352.2672,3.518636,31780000.0,92.0,U,I,0.471243,7.0,3.989843,6.0,MC,1.0,13.0
34748,352.5652,3.5156620000000003,20460000.0,92.0,U,I,0.0,6.0,3.515627,5.0,MC,1.0,11.0
34751,352.5751,3.5155629999999998,10240000.0,92.01,U,II,1.145858,4.5,4.661386,5.5,MC,2.0,12.0
34773,352.6596,3.5147209999999998,2239000.0,92.01,U,II,0.035836,5.5,3.550521,6.5,MC,2.0,14.0
34838,352.977,3.51156,748500.0,92.01,U,II,0.0,4.5,3.511525,5.5,MC,2.0,12.0
34868,353.1111,3.5102269999999995,6351000.0,92.01,U,II,0.21686399999999997,6.5,3.7270550000000005,5.5,MC,2.0,12.0
34884,353.1645,3.509696,29420000.0,92.0,U,I,0.07691,5.0,3.5865709999999997,4.0,MC,1.0,9.0
34918,353.3566,3.5077879999999997,8077000.0,92.01,U,II,0.113416,4.5,3.621169,5.5,MC,2.0,12.0
34934,353.4335,3.507025,19640000.0,92.0,U,I,0.0,6.0,3.50699,7.0,MC,1.0,15.0
34967,353.5831,3.5055410000000005,7456000.0,92.0,U,I,0.07691,5.0,3.5824160000000003,5.0,MC,1.0,11.0
34998,353.7288,3.5040970000000002,20010000.0,92.0,U,I,0.0,6.0,3.5040620000000002,5.0,MC,1.0,11.0
35003,353.7461,3.5039260000000003,13980000.0,92.01,U,II,1.056584,7.5,4.560475,6.5,MC,2.0,14.0
35018,353.8235,3.50316,10050000.0,92.0,U,I,0.07691,5.0,3.5800349999999996,6.0,MC,1.0,13.0
35053,353.9651,3.501758,49210000.0,92.0,U,I,0.471243,7.0,3.9729660000000004,6.0,MC,1.0,13.0
35066,354.0465,3.500953,25980000.0,92.01,U,II,0.708749,4.5,4.209667,5.5,MC,2.0,12.0
35109,354.257,3.498872,88070000.0,92.0,U,I,0.53012,6.0,4.028958,5.0,MC,1.0,11.0
35126,354.3157,3.498294,8810000.0,92.01,U,II,0.6521140000000001,7.5,4.150372,6.5,MC,2.0,14.0
35140,354.3727,3.497731,57130000.0,92.0,U,I,0.908323,7.0,4.406018,7.0,MC,1.0,15.0
35153,354.4206,3.497258,7340000.0,92.01,U,II,0.779047,6.5,4.276269,6.5,MC,2.0,14.0
35180,354.5433,3.4960480000000005,55540000.0,92.0,U,I,0.53012,6.0,4.026133,6.0,MC,1.0,13.0
35188,354.5658,3.495826,69040000.0,92.0,U,I,0.552154,4.0,4.047944,5.0,MC,1.0,11.0
35201,354.6139,3.4953510000000003,19790000.0,92.0,U,I,0.07691,5.0,3.572226,6.0,MC,1.0,13.0
35213,354.6677,3.494821,3794000.0,92.01,U,II,0.21686399999999997,6.5,3.71165,5.5,MC,2.0,12.0
35227,354.7191,3.4943150000000003,4624000.0,92.01,U,II,0.21686399999999997,6.5,3.7111440000000004,7.5,MC,2.0,16.0
35270,354.8614,3.492914,40770000.0,92.0,U,I,0.53012,6.0,4.0229989999999995,5.0,MC,1.0,11.0
35311,355.0172,3.4913809999999996,75530000.0,92.0,U,I,0.714407,5.0,4.205753,4.0,MC,1.0,9.0
35328,355.0822,3.490742,11480000.0,92.01,U,II,0.0,4.5,3.490707,5.5,MC,2.0,12.0
35332,355.1043,3.4905239999999997,1334000.0,92.01,U,II,0.035836,5.5,3.526325,6.5,MC,2.0,14.0
35352,355.2165,3.4894220000000002,7013000.0,92.01,U,II,0.284506,5.5,3.773892,4.5,MC,2.0,10.0
35378,355.295,3.4886510000000004,33390000.0,92.0,U,I,0.552154,4.0,4.040769999999999,3.0,MC,1.0,7.0
35397,355.3434,3.488176,29900000.0,92.0,U,I,0.471243,7.0,3.9593839999999996,6.0,MC,1.0,13.0
35441,355.5319,3.4863269999999997,40090000.0,92.0,U,I,0.0,6.0,3.4862919999999997,7.0,MC,1.0,15.0
35497,355.7841,3.483855,26400000.0,92.0,U,I,0.0,6.0,3.483821,6.0,MC,1.0,13.0
35568,356.0308,3.4814410000000002,101600000.0,92.0,U,I,0.7428279999999999,4.0,4.224234,3.0,MC,1.0,7.0
35571,356.0442,3.4813110000000003,2310000.0,92.01,U,II,0.21686399999999997,6.5,3.698139,5.5,MC,2.0,12.0
35584,356.1411,3.4803629999999997,62760000.0,92.0,U,I,0.471243,7.0,3.951571,6.0,MC,1.0,13.0
35598,356.1804,3.479979,95310000.0,92.0,U,I,0.0,6.0,3.479945,5.0,MC,1.0,11.0
35637,356.3656,3.478171,26070000.0,92.0,U,I,0.0,6.0,3.478136,6.0,MC,1.0,13.0
35656,356.4173,3.477667,9550000.0,92.0,U,I,0.07691,5.0,3.5545419999999996,6.0,MC,1.0,13.0
35677,356.488,3.4769769999999998,20680000.0,92.01,U,II,1.184444,5.5,4.661386,5.5,MC,2.0,12.0
35683,356.5046,3.476815,39570000.0,92.0,U,I,0.53012,6.0,4.0069,5.0,MC,1.0,11.0
35732,356.6591,3.475308,215300000.0,92.0,U,I,0.07691,5.0,3.5521839999999996,5.0,MC,1.0,11.0
35853,357.0947,3.4710699999999997,2405000.0,92.01,U,II,0.548118,5.5,4.019153,5.5,MC,2.0,12.0
35863,357.1164,3.4708589999999995,13930000.0,92.0,U,I,0.07691,5.0,3.5477339999999997,5.0,MC,1.0,11.0
35873,357.1567,3.4704669999999997,4842000.0,92.01,U,II,0.7179479999999999,5.5,4.18838,6.5,MC,2.0,14.0
35878,357.1692,3.4703459999999997,4112000.0,92.01,U,II,0.548118,5.5,4.018429,6.5,MC,2.0,14.0
35936,357.411,3.467998,77880000.0,92.0,U,I,0.868575,6.0,4.336539,7.0,MC,1.0,15.0
35953,357.476,3.467367,18170000.0,92.0,U,I,0.0,6.0,3.467333,7.0,MC,1.0,15.0
36023,357.7916,3.4643089999999996,23420000.0,92.0,U,I,0.0,6.0,3.4642739999999996,6.0,MC,1.0,13.0
36037,357.8327,3.463911,18460000.0,92.0,U,I,0.0,6.0,3.4638769999999997,5.0,MC,1.0,11.0
36080,358.0246,3.462054,21170000.0,92.0,U,I,0.07691,5.0,3.53893,4.0,MC,1.0,9.0
36108,358.1837,3.460516,16270000.0,92.01,U,II,0.708749,4.5,4.169231,5.5,MC,2.0,12.0
36130,358.2622,3.4597580000000003,40980000.0,92.0,U,I,0.53012,6.0,3.989843,6.0,MC,1.0,13.0
36183,358.4878,3.457581,178200000.0,92.0,U,I,0.0,6.0,3.457546,7.0,MC,1.0,15.0
36210,358.5837,3.456657,26450000.0,92.0,U,I,0.07691,5.0,3.533532,4.0,MC,1.0,9.0
36265,358.7784,3.4547809999999997,31830000.0,92.0,U,I,0.552154,4.0,4.0069,5.0,MC,1.0,11.0
36317,358.9659,3.4529769999999997,18190000.0,92.0,U,I,0.07691,5.0,3.5298519999999995,6.0,MC,1.0,13.0
36320,358.9787,3.4528529999999997,44650000.0,92.0,U,I,0.471243,7.0,3.924061,6.0,MC,1.0,13.0
36332,359.0318,3.452342,9716000.0,92.01,U,II,0.6521140000000001,7.5,4.1044220000000005,6.5,MC,2.0,14.0
36338,359.0496,3.452172,3676000.0,92.01,U,II,0.113416,4.5,3.565553,5.5,MC,2.0,12.0
36366,359.1745,3.450971,42560000.0,92.0,U,I,0.07691,5.0,3.527847,4.0,MC,1.0,9.0
36398,359.2969,3.4497949999999995,10680000.0,92.0,U,I,0.07691,5.0,3.526671,5.0,MC,1.0,11.0
36406,359.3193,3.44958,43940000.0,92.0,U,I,0.53012,6.0,3.9796660000000004,7.0,MC,1.0,15.0
36416,359.3685,3.449107,45540000.0,92.0,U,I,0.714407,5.0,4.163479,5.0,MC,1.0,11.0
36446,359.4955,3.44789,4172000.0,92.01,U,II,0.21686399999999997,6.5,3.6647190000000003,5.5,MC,2.0,12.0
36572,360.029,3.4427800000000004,16100000.0,92.0,U,I,0.07691,5.0,3.519656,4.0,MC,1.0,9.0
36591,360.1201,3.4419089999999994,46140000.0,92.0,U,I,1.0065819999999999,7.0,4.448457,6.0,MC,1.0,13.0
36620,360.2483,3.4406839999999996,27210000.0,92.0,U,I,0.471243,7.0,3.911892,6.0,MC,1.0,13.0
36643,360.3362,3.4398449999999996,9301000.0,92.0,U,I,0.0,6.0,3.439811,6.0,MC,1.0,13.0
36651,360.3744,3.439481,21540000.0,92.0,U,I,0.53012,6.0,3.9695669999999996,7.0,MC,1.0,15.0
36694,360.5275,3.438021,33620000.0,92.0,U,I,0.0,6.0,3.437986,5.0,MC,1.0,11.0
36702,360.5483,3.437822,1452000.0,92.01,U,II,0.21686399999999997,6.5,3.6546510000000003,6.5,MC,2.0,14.0
36724,360.6325,3.4370190000000003,17320000.0,92.01,U,II,0.578238,3.5,4.015223000000001,3.5,MC,2.0,8.0
36830,361.0485,3.4330589999999996,6466000.0,92.01,U,II,0.779047,6.5,4.212071,6.5,MC,2.0,14.0
36836,361.0674,3.4328800000000004,46500000.0,92.0,U,I,0.552154,4.0,3.9849989999999997,4.0,MC,1.0,9.0
36850,361.1236,3.4323449999999998,1048000.0,92.01,U,II,0.284506,5.5,3.7168160000000006,6.5,MC,2.0,14.0
36854,361.1396,3.432193,5409000.0,92.0,U,I,0.0,6.0,3.4321580000000003,5.0,MC,1.0,11.0
36889,361.2666,3.430986,2089000.0,92.01,U,II,0.113416,4.5,3.544367,5.5,MC,2.0,12.0
36975,361.5521,3.4282779999999997,9091000.0,92.0,U,I,0.0,6.0,3.428243,6.0,MC,1.0,13.0
36992,361.6331,3.42751,43240000.0,92.0,U,I,0.471243,7.0,3.898718,8.0,MC,1.0,17.0
37001,361.6756,3.427107,2513000.0,92.01,U,II,0.035836,5.5,3.462909,6.5,MC,2.0,14.0
37024,361.749,3.4264120000000005,48510000.0,92.0,U,I,0.880774,3.0,4.307151,4.0,MC,1.0,9.0
37026,361.7624,3.426285,11450000.0,92.0,U,I,0.471243,7.0,3.897493,7.0,MC,1.0,15.0
37092,362.0084,3.4239559999999996,19210000.0,92.0,U,I,0.0,6.0,3.423922,6.0,MC,1.0,13.0
37135,362.2038,3.422109,3889000.0,92.0,U,I,0.0,6.0,3.422075,7.0,MC,1.0,15.0
37157,362.2699,3.4214849999999997,63950000.0,92.0,U,I,0.53012,6.0,3.951571,6.0,MC,1.0,13.0
37160,362.3057,3.421146,4213000.0,92.01,U,II,0.113416,4.5,3.534528,5.5,MC,2.0,12.0
37430,363.4552,3.4103269999999997,30180000.0,92.0,U,I,0.47963100000000003,3.0,3.8899239999999997,4.0,MC,1.0,9.0
37455,363.5295,3.4096300000000004,22170000.0,92.0,U,I,0.471243,7.0,3.880838,7.0,MC,1.0,15.0
37462,363.541,3.4095230000000005,1223000.0,92.01,U,II,0.0,4.5,3.4094879999999996,5.5,MC,2.0,12.0
37519,363.751,3.407554,54580000.0,92.0,U,I,0.7428279999999999,4.0,4.150348,4.0,MC,1.0,9.0
37536,363.8198,3.4069089999999997,109100000.0,92.0,U,I,0.471243,7.0,3.878118,8.0,MC,1.0,17.0
37550,363.8651,3.406486,59550000.0,92.0,U,I,1.0065819999999999,7.0,4.413034,7.0,MC,1.0,15.0
37601,364.0945,3.404339,3172000.0,92.01,U,II,0.21686399999999997,6.5,3.621169,5.5,MC,2.0,12.0
37631,364.2428,3.4029529999999997,26730000.0,92.0,U,I,0.53012,6.0,3.933039,7.0,MC,1.0,15.0
37663,364.4242,3.4012599999999997,28760000.0,92.0,U,I,0.07691,5.0,3.478136,6.0,MC,1.0,13.0
37683,364.5029,3.400525,3850000.0,92.01,U,II,0.113416,4.5,3.513907,4.5,MC,2.0,10.0
37862,365.1537,3.3944650000000003,83650000.0,92.0,U,I,0.471243,7.0,3.865673,8.0,MC,1.0,17.0
37878,365.2064,3.393975,92650000.0,92.0,U,I,0.53012,6.0,3.924061,6.0,MC,1.0,13.0
37907,365.3208,3.3929120000000004,20020000.0,92.0,U,I,0.471243,7.0,3.8641199999999998,7.0,MC,1.0,15.0
37946,365.49,3.391341,33950000.0,92.0,U,I,0.47963100000000003,3.0,3.8709379999999998,4.0,MC,1.0,9.0
38023,365.9007,3.3875349999999997,7500000.0,92.01,U,II,0.583504,2.5,3.9710050000000003,3.5,MC,2.0,8.0
38024,365.9155,3.387398,63850000.0,92.0,U,I,0.07691,5.0,3.4642739999999996,6.0,MC,1.0,13.0
38032,365.9584,3.387,13350000.0,92.0,U,I,0.07691,5.0,3.4638769999999997,5.0,MC,1.0,11.0
38106,366.2329,3.384462,6939000.0,92.01,U,II,0.578238,3.5,3.9626660000000005,3.5,MC,2.0,8.0
38200,366.6232,3.3808589999999996,12430000.0,92.01,U,II,1.056584,7.5,4.43741,6.5,MC,2.0,14.0
38222,366.7125,3.380036,5512000.0,92.0,U,I,0.0,6.0,3.3800019999999997,6.0,MC,1.0,13.0
38266,366.9167,3.3781550000000005,48360000.0,92.0,U,I,0.714407,5.0,4.092528,4.0,MC,1.0,9.0
38286,367.0068,3.377325,27690000.0,92.01,U,II,0.113416,4.5,3.490707,5.5,MC,2.0,12.0
38297,367.0528,3.376902,77740000.0,92.0,U,I,0.947939,8.0,4.324808,9.0,MC,1.0,19.0
38388,367.4127,3.373594,17760000.0,92.0,U,I,0.07691,5.0,3.450471,4.0,MC,1.0,9.0
38407,367.4993,3.3728,10650000.0,92.01,U,II,0.799082,4.5,4.171848000000001,4.5,MC,2.0,10.0
38409,367.5084,3.3727160000000005,4756000.0,92.01,U,II,0.6521140000000001,7.5,4.024796,7.5,MC,2.0,16.0
38446,367.6562,3.3713599999999997,9905000.0,92.01,U,II,0.779047,6.5,4.150372,6.5,MC,2.0,14.0
38465,367.7389,3.370602,31430000.0,92.0,U,I,0.471243,7.0,3.841811,8.0,MC,1.0,17.0
38515,367.9371,3.368786,18190000.0,92.0,U,I,0.07691,5.0,3.4456620000000004,5.0,MC,1.0,11.0
38546,368.0878,3.367407,37320000.0,92.0,U,I,0.53012,6.0,3.897493,7.0,MC,1.0,15.0
38571,368.2035,3.3663489999999996,6495000.0,92.01,U,II,0.6521140000000001,7.5,4.018429,6.5,MC,2.0,14.0
38584,368.2457,3.365963,7493000.0,92.0,U,I,0.0,6.0,3.36593,6.0,MC,1.0,13.0
38651,368.5774,3.3629339999999996,9503000.0,92.0,U,I,0.07691,5.0,3.439811,6.0,MC,1.0,13.0
38786,369.1918,3.357338,22450000.0,92.01,U,II,0.583504,2.5,3.940808,3.5,MC,2.0,8.0
38822,369.3696,3.355722,24380000.0,92.01,U,II,0.9357540000000001,3.5,4.291443,4.5,MC,2.0,10.0
38910,369.7127,3.352608,22170000.0,92.0,U,I,0.471243,7.0,3.823817,8.0,MC,1.0,17.0
38932,369.7927,3.3518830000000004,16210000.0,92.01,U,II,1.085561,6.5,4.43741,6.5,MC,2.0,14.0
38994,370.0571,3.3494879999999996,5060000.0,92.01,U,II,0.113416,4.5,3.4628699999999997,5.5,MC,2.0,12.0
39022,370.1516,3.348633,32360000.0,92.01,U,II,0.68523,6.5,4.033829,6.5,MC,2.0,14.0
39051,370.2613,3.34764,34420000.0,92.0,U,I,0.53012,6.0,3.8777269999999997,7.0,MC,1.0,15.0
39064,370.3271,3.3470449999999996,14150000.0,92.0,U,I,0.07691,5.0,3.423922,6.0,MC,1.0,13.0
39088,370.4085,3.34631,71630000.0,92.0,U,I,0.908323,7.0,4.254599,8.0,MC,1.0,17.0
39159,370.7285,3.3434220000000003,26320000.0,92.0,U,I,0.471243,7.0,3.814631,8.0,MC,1.0,17.0
39182,370.795,3.342822,31150000.0,92.0,U,I,0.47963100000000003,3.0,3.8224199999999997,3.0,MC,1.0,7.0
39219,370.9864,3.341098,28520000.0,92.0,U,I,0.714407,5.0,4.055471,6.0,MC,1.0,13.0
39310,371.3554,3.3377779999999997,20940000.0,92.0,U,I,0.0,6.0,3.3377440000000003,5.0,MC,1.0,11.0
39313,371.3648,3.3376930000000002,8188000.0,92.01,U,II,0.6521140000000001,7.5,3.9897730000000005,7.5,MC,2.0,16.0
39335,371.4757,3.336697,3103000.0,92.01,U,II,0.284506,5.5,3.621169,5.5,MC,2.0,12.0
39362,371.5464,3.336062,45860000.0,92.0,U,I,0.53012,6.0,3.8661489999999996,5.0,MC,1.0,11.0
39386,371.6135,3.3354589999999997,12400000.0,92.0,U,I,0.471243,7.0,3.8066690000000003,8.0,MC,1.0,17.0
39436,371.8106,3.3336910000000004,3444000.0,92.01,U,II,0.21686399999999997,6.5,3.550521,6.5,MC,2.0,14.0
39453,371.8617,3.3332330000000003,4571000.0,92.01,U,II,0.68523,6.5,4.018429,6.5,MC,2.0,14.0
39464,371.9289,3.3326309999999997,6577000.0,92.0,U,I,0.07691,5.0,3.409508,6.0,MC,1.0,13.0
39494,372.0396,3.331639,33630000.0,92.0,U,I,0.471243,7.0,3.8028489999999997,6.0,MC,1.0,13.0
39557,372.2675,3.3296,161800000.0,92.0,U,I,0.891655,2.0,4.221222,3.0,MC,1.0,7.0
39611,372.4983,3.3275370000000004,3976000.0,92.01,U,II,0.21686399999999997,6.5,3.544367,5.5,MC,2.0,12.0
39779,373.1444,3.321775,4669000.0,92.0,U,I,0.0,6.0,3.321742,6.0,MC,1.0,13.0
39802,373.2254,3.3210550000000003,28570000.0,92.0,U,I,0.471243,7.0,3.792264,7.0,MC,1.0,15.0
39813,373.2615,3.320733,3714000.0,92.01,U,II,0.113416,4.5,3.4341150000000003,4.5,MC,2.0,10.0
39838,373.3591,3.319866,56820000.0,92.0,U,I,0.774781,6.0,4.094613,7.0,MC,1.0,15.0
39938,373.804,3.315914,17840000.0,92.01,U,II,0.7179479999999999,5.5,4.033829,6.5,MC,2.0,14.0
40045,374.2349,3.312096,57210000.0,92.0,U,I,0.868575,6.0,4.180639,7.0,MC,1.0,15.0
40135,374.642,3.308497,18470000.0,92.01,U,II,0.68523,6.5,3.993694,6.5,MC,2.0,14.0
40157,374.7141,3.307861,19380000.0,92.01,U,II,1.056584,7.5,4.364412000000001,7.5,MC,2.0,16.0
40201,374.8676,3.306507,47540000.0,92.01,U,II,0.708749,4.5,4.015223000000001,3.5,MC,2.0,8.0
40261,375.1174,3.3043050000000003,144400000.0,92.0,U,I,0.714407,5.0,4.0186779999999995,6.0,MC,1.0,13.0
40273,375.1708,3.3038339999999997,16000000.0,92.0,U,I,0.07691,5.0,3.3807110000000002,5.0,MC,1.0,11.0
40301,375.2663,3.302993,10990000.0,92.01,U,II,0.68523,6.5,3.9881900000000003,5.5,MC,2.0,12.0
40335,375.4308,3.301546,1249000.0,92.01,U,II,0.0,4.5,3.301513,5.5,MC,2.0,12.0
40365,375.5482,3.3005139999999997,10100000.0,92.01,U,II,0.7179479999999999,5.5,4.018429,6.5,MC,2.0,14.0
40404,375.6921,3.29925,11860000.0,92.01,U,II,0.583504,2.5,3.882721,2.5,MC,2.0,6.0
40450,375.8348,3.297997,76730000.0,92.0,U,I,0.53012,6.0,3.8280839999999996,6.0,MC,1.0,13.0
40522,376.0887,3.295771,1872000.0,92.01,U,II,0.0,4.5,3.2957379999999996,4.5,MC,2.0,10.0
40561,376.2116,3.294695,1702000.0,92.01,U,II,0.21686399999999997,6.5,3.511525,5.5,MC,2.0,12.0
40581,376.3264,3.293689,95860000.0,92.0,U,I,0.868575,6.0,4.162232,7.0,MC,1.0,15.0
40625,376.5348,3.291866,12480000.0,92.0,U,I,0.0,6.0,3.291833,6.0,MC,1.0,13.0
40664,376.6886,3.290522,82320000.0,92.0,U,I,0.552154,4.0,3.842643,5.0,MC,1.0,11.0
40721,376.8795,3.2888559999999996,6766000.0,92.01,U,II,0.7179479999999999,5.5,4.006771,6.5,MC,2.0,14.0
40809,377.2812,3.285354,15330000.0,92.01,U,II,1.034982,5.5,4.320302,4.5,MC,2.0,10.0
40829,377.3434,3.2848129999999998,169800000.0,92.0,U,I,0.774781,6.0,4.059561,5.0,MC,1.0,11.0
40899,377.6477,3.282166,39410000.0,92.0,U,I,0.53012,6.0,3.8122529999999997,7.0,MC,1.0,15.0
40989,378.0714,3.278487,3094000.0,92.01,U,II,0.113416,4.5,3.3918699999999995,5.5,MC,2.0,12.0
41013,378.1744,3.277595,31900000.0,92.0,U,I,0.947939,8.0,4.225501,9.0,MC,1.0,19.0
41043,378.2841,3.2766439999999997,11070000.0,92.01,U,II,0.035836,5.5,3.312447,6.5,MC,2.0,14.0
41074,378.384,3.275779,11800000.0,92.01,U,II,0.7179479999999999,5.5,3.993694,6.5,MC,2.0,14.0
41123,378.6568,3.273419,7084000.0,92.01,U,II,1.056584,7.5,4.329971,6.5,MC,2.0,14.0
41128,378.6826,3.273196,73780000.0,92.0,U,I,0.774781,6.0,4.047944,5.0,MC,1.0,11.0
41142,378.7235,3.272843,3909000.0,92.01,U,II,0.6521140000000001,7.5,3.924924,7.5,MC,2.0,16.0
41167,378.8161,3.272042,54150000.0,92.0,U,I,0.7428279999999999,4.0,4.014838,5.0,MC,1.0,11.0
41204,379.0209,3.270275,3805000.0,92.01,U,II,0.7179479999999999,5.5,3.9881900000000003,5.5,MC,2.0,12.0
41208,379.0323,3.2701759999999997,1440000.0,92.01,U,II,0.113416,4.5,3.3835589999999995,3.5,MC,2.0,8.0
41264,379.2412,3.268375,17710000.0,92.0,U,I,0.53012,6.0,3.798463,6.0,MC,1.0,13.0
41278,379.31,3.267782,9589000.0,92.01,U,II,0.568521,6.5,3.83627,7.5,MC,2.0,16.0
41284,379.3263,3.267641,115500000.0,92.0,U,I,0.774781,6.0,4.04239,5.0,MC,1.0,11.0
41297,379.3569,3.267378,3024000.0,92.01,U,II,0.113416,4.5,3.380761,5.5,MC,2.0,12.0
41341,379.5113,3.266049,2210000.0,92.01,U,II,0.284506,5.5,3.550521,6.5,MC,2.0,14.0
41366,379.6185,3.265127,45280000.0,92.0,U,I,0.47963100000000003,3.0,3.744725,4.0,MC,1.0,9.0
41380,379.653,3.26483,6578000.0,92.01,U,II,0.578238,3.5,3.843035,4.5,MC,2.0,10.0
41390,379.6843,3.264561,10870000.0,92.01,U,II,0.799082,4.5,4.063611,4.5,MC,2.0,10.0
41415,379.7767,3.263766,138400000.0,92.0,U,I,1.402032,9.0,4.6657660000000005,9.0,MC,1.0,19.0
41441,379.8829,3.262854,157500000.0,92.0,U,I,1.402032,9.0,4.664854,10.0,MC,1.0,21.0
41450,379.9197,3.262538,13380000.0,92.01,U,II,1.0407680000000001,7.5,4.303274,6.5,MC,2.0,14.0
41488,380.1145,3.2608669999999997,14710000.0,92.0,U,I,0.07691,5.0,3.3377440000000003,5.0,MC,1.0,11.0
41522,380.2278,3.259895,2777000.0,92.01,U,II,0.284506,5.5,3.544367,5.5,MC,2.0,12.0
41541,380.3346,3.258979,726700.0,92.01,U,II,0.0,4.5,3.258946,5.5,MC,2.0,12.0
41683,380.8921,3.254209,112400000.0,92.0,U,I,0.774781,6.0,4.028958,5.0,MC,1.0,11.0
41691,380.9225,3.253949,17140000.0,92.01,U,II,0.708749,4.5,3.9626660000000005,3.5,MC,2.0,8.0
41709,381.0095,3.253206,17530000.0,92.0,U,I,0.47963100000000003,3.0,3.7328050000000004,4.0,MC,1.0,9.0
41754,381.1991,3.251589,81210000.0,92.0,U,I,0.0,6.0,3.2515560000000003,6.0,MC,1.0,13.0
41795,381.379,3.250055,4315000.0,92.01,U,II,0.284506,5.5,3.534528,5.5,MC,2.0,12.0
41811,381.4063,3.249822,3508000.0,92.01,U,II,0.113416,4.5,3.3632050000000002,4.5,MC,2.0,10.0
41914,381.8058,3.246422,40630000.0,92.0,U,I,0.714407,5.0,3.9607959999999998,5.0,MC,1.0,11.0
41926,381.8463,3.246078,993100.0,92.01,U,II,0.21686399999999997,6.5,3.462909,6.5,MC,2.0,14.0
41950,381.9252,3.245407,16940000.0,92.0,U,I,0.53012,6.0,3.775494,6.0,MC,1.0,13.0
42014,382.1947,3.243119,25540000.0,92.0,U,I,0.471243,7.0,3.714329,7.0,MC,1.0,15.0
42026,382.2344,3.242781,80930000.0,92.0,U,I,1.282907,8.0,4.525656,7.0,MC,1.0,15.0
42032,382.2543,3.242613,3982000.0,92.01,U,II,0.583504,2.5,3.826084,3.5,MC,2.0,8.0
42123,382.6507,3.2392529999999997,4056000.0,92.01,U,II,0.035836,5.5,3.275057,6.5,MC,2.0,14.0
42189,382.902,3.237128,2161000.0,92.01,U,II,0.113416,4.5,3.350511,4.5,MC,2.0,10.0
42197,382.937,3.236832,4013000.0,92.01,U,II,0.568521,6.5,3.8053199999999996,5.5,MC,2.0,12.0
42214,382.9794,3.2364740000000003,4984000.0,92.0,U,I,0.0,6.0,3.236442,6.0,MC,1.0,13.0
42253,383.146,3.2350659999999998,51660000.0,92.01,U,II,0.578238,3.5,3.813271,4.5,MC,2.0,10.0
42271,383.1851,3.2347360000000003,28710000.0,92.0,U,I,0.53012,6.0,3.764824,7.0,MC,1.0,15.0
42359,383.5224,3.2318919999999998,5833000.0,92.0,U,I,0.0,6.0,3.231859,5.0,MC,1.0,11.0
42373,383.5914,3.2313099999999997,9771000.0,92.01,U,II,0.942076,5.5,4.173354,5.5,MC,2.0,12.0
42417,383.8143,3.229433,2616000.0,92.01,U,II,0.284506,5.5,3.513907,4.5,MC,2.0,10.0
42458,383.9627,3.228186,123900000.0,92.0,U,I,0.471243,7.0,3.699396,7.0,MC,1.0,15.0
42585,384.5118,3.223576,3220000.0,92.01,U,II,0.68523,6.5,3.9087730000000005,5.5,MC,2.0,12.0
42611,384.6234,3.22264,34980000.0,92.0,U,I,0.868575,6.0,4.091183,6.0,MC,1.0,13.0
42622,384.6553,3.222373,24530000.0,92.0,U,I,0.471243,7.0,3.6935830000000003,7.0,MC,1.0,15.0
42652,384.7833,3.221301,108500000.0,92.0,U,I,0.8704569999999999,4.0,4.091726,3.0,MC,1.0,7.0
42678,384.8604,3.220656,9102000.0,92.01,U,II,0.6521140000000001,7.5,3.8727370000000003,7.5,MC,2.0,16.0
42700,384.9847,3.219616,1682000.0,92.01,U,II,0.0,4.5,3.2195840000000002,3.5,MC,2.0,8.0
42787,385.422,3.215963,24720000.0,92.0,U,I,0.0,6.0,3.2159310000000003,6.0,MC,1.0,13.0
42794,385.464,3.2156130000000003,59690000.0,92.01,U,II,0.578238,3.5,3.793818,4.5,MC,2.0,10.0
42913,385.9571,3.211504,25100000.0,92.01,U,II,0.035836,5.5,3.2473080000000003,6.5,MC,2.0,14.0
42992,386.3093,3.208576,26060000.0,92.0,U,I,0.47963100000000003,3.0,3.688175,3.0,MC,1.0,7.0
43031,386.4467,3.207436,5871000.0,92.01,U,II,0.578238,3.5,3.7856410000000005,4.5,MC,2.0,10.0
43066,386.5916,3.206234,19820000.0,92.01,U,II,0.284506,5.5,3.490707,5.5,MC,2.0,12.0
43097,386.7172,3.205193,125900000.0,92.0,U,I,0.8704569999999999,4.0,4.075618,3.0,MC,1.0,7.0
43189,387.1035,3.201994,58110000.0,92.0,U,I,0.0,6.0,3.201962,6.0,MC,1.0,13.0
43267,387.4037,3.199513,3108000.0,92.01,U,II,0.035836,5.5,3.2353169999999998,6.5,MC,2.0,14.0
43326,387.6133,3.1977830000000003,9229000.0,92.0,U,I,0.0,6.0,3.197751,6.0,MC,1.0,13.0
43365,387.8084,3.196174,26880000.0,92.01,U,II,1.097724,8.5,4.293866,8.5,MC,2.0,18.0
43416,387.9711,3.194834,95950000.0,92.0,U,I,0.8704569999999999,4.0,4.065258999999999,4.0,MC,1.0,9.0
43444,388.1454,3.1933990000000003,14550000.0,92.01,U,II,0.568521,6.5,3.761888,7.5,MC,2.0,16.0
43466,388.2356,3.192657,4261000.0,92.01,U,II,0.21686399999999997,6.5,3.4094879999999996,5.5,MC,2.0,12.0
43481,388.3111,3.192036,10790000.0,92.0,U,I,0.0,6.0,3.1920040000000003,5.0,MC,1.0,11.0
43681,389.0361,3.1860880000000003,10730000.0,92.01,U,II,0.035836,5.5,3.221892,6.5,MC,2.0,14.0
43718,389.1685,3.185004,6925000.0,92.01,U,II,1.055213,5.5,4.240184999999999,5.5,MC,2.0,12.0
43724,389.1802,3.184908,94260000.0,92.0,U,I,0.8704569999999999,4.0,4.055333,4.0,MC,1.0,9.0
43746,389.2682,3.1841880000000002,10720000.0,92.01,U,II,0.6521140000000001,7.5,3.83627,7.5,MC,2.0,16.0
43791,389.4121,3.1830119999999997,15850000.0,92.0,U,I,0.0,6.0,3.18298,7.0,MC,1.0,15.0
43813,389.527,3.182073,3619000.0,92.01,U,II,0.548118,5.5,3.7301589999999996,5.5,MC,2.0,12.0
43853,389.6775,3.180844,9274000.0,92.01,U,II,0.568521,6.5,3.749333,5.5,MC,2.0,12.0
43862,389.7258,3.18045,95120000.0,92.0,U,I,0.8704569999999999,4.0,4.050875,3.0,MC,1.0,7.0
43909,389.927,3.178808,29710000.0,92.0,U,I,0.53012,6.0,3.7088959999999997,6.0,MC,1.0,13.0
43914,389.9472,3.178644,5545000.0,92.01,U,II,0.578238,3.5,3.75685,4.5,MC,2.0,10.0
43923,389.9728,3.178435,5244000.0,92.01,U,II,0.284506,5.5,3.462909,6.5,MC,2.0,14.0
43985,390.255,3.1761369999999998,2743000.0,92.01,U,II,0.035836,5.5,3.211941,4.5,MC,2.0,10.0
44027,390.4295,3.174717,24870000.0,92.01,U,II,1.034982,5.5,4.209667,5.5,MC,2.0,12.0
44037,390.4563,3.1745,4652000.0,92.01,U,II,0.6521140000000001,7.5,3.826582,6.5,MC,2.0,14.0
44072,390.6453,3.172964,59850000.0,92.0,U,I,0.47963100000000003,3.0,3.652563,4.0,MC,1.0,9.0
44115,390.8308,3.1714580000000003,18180000.0,92.0,U,I,0.552154,4.0,3.723579,5.0,MC,1.0,11.0
44138,390.9061,3.170846,3756000.0,92.01,U,II,0.7179479999999999,5.5,3.8887629999999995,4.5,MC,2.0,10.0
44181,391.0885,3.169368,91430000.0,92.0,U,I,0.8704569999999999,4.0,4.039793,4.0,MC,1.0,9.0
44200,391.1673,3.168729,4989000.0,92.01,U,II,0.548118,5.5,3.7168160000000006,6.5,MC,2.0,14.0
44309,391.5877,3.1653279999999997,20610000.0,92.01,U,II,1.044371,4.5,4.209667,5.5,MC,2.0,12.0
44331,391.6521,3.164807,58210000.0,92.0,U,I,0.8704569999999999,4.0,4.035233,3.0,MC,1.0,7.0
44347,391.7243,3.1642240000000004,85310000.0,92.0,U,I,1.0065819999999999,7.0,4.170774,6.0,MC,1.0,13.0
44461,392.1548,3.160751,947900.0,92.01,U,II,0.0,4.5,3.160719,5.5,MC,2.0,12.0
44532,392.426,3.158566,3445000.0,92.01,U,II,0.568521,6.5,3.7270550000000005,5.5,MC,2.0,12.0
44585,392.6208,3.1569990000000003,11720000.0,92.0,U,I,0.0,6.0,3.156968,6.0,MC,1.0,13.0
44602,392.6715,3.156591,122600000.0,92.0,U,I,0.8704569999999999,4.0,4.027017,4.0,MC,1.0,9.0
44625,392.7759,3.155753,5990000.0,92.01,U,II,0.779047,6.5,3.934768,6.5,MC,2.0,14.0
44655,392.8824,3.154897,3675000.0,92.0,U,I,0.0,6.0,3.154865,7.0,MC,1.0,15.0
44705,393.044,3.1536,16480000.0,92.0,U,I,0.471243,7.0,3.6248110000000002,6.0,MC,1.0,13.0
44716,393.0977,3.1531689999999997,1967000.0,92.01,U,II,0.035836,5.5,3.188973,6.5,MC,2.0,14.0
44742,393.2021,3.152331,9131000.0,92.01,U,II,0.035836,5.5,3.188136,6.5,MC,2.0,14.0
44765,393.3027,3.151526,1947000.0,92.01,U,II,0.6521140000000001,7.5,3.803608,7.5,MC,2.0,16.0
44820,393.538,3.149641,5482000.0,92.01,U,II,0.284506,5.5,3.4341150000000003,4.5,MC,2.0,10.0
44961,394.0483,3.145562,2068000.0,92.01,U,II,0.113416,4.5,3.258946,5.5,MC,2.0,12.0
45016,394.2543,3.143919,9294000.0,92.01,U,II,1.085561,6.5,4.2294480000000005,6.5,MC,2.0,14.0
45027,394.284,3.143682,5930000.0,92.01,U,II,0.7179479999999999,5.5,3.861599,5.5,MC,2.0,12.0
45063,394.3816,3.142904,41410000.0,92.0,U,I,0.0,6.0,3.142873,6.0,MC,1.0,13.0
45073,394.413,3.1426540000000003,3161000.0,92.01,U,II,0.568521,6.5,3.7111440000000004,7.5,MC,2.0,16.0
45160,394.8443,3.139221,12150000.0,92.0,U,I,0.0,6.0,3.13919,5.0,MC,1.0,11.0
45226,395.1474,3.1368139999999998,13460000.0,92.0,U,I,0.552154,4.0,3.688936,5.0,MC,1.0,11.0
45261,395.2546,3.1359630000000003,2312000.0,92.01,U,II,0.7179479999999999,5.5,3.853879,5.5,MC,2.0,12.0
45289,395.3575,3.135147,2332000.0,92.01,U,II,0.284506,5.5,3.419621,6.5,MC,2.0,14.0
45306,395.4667,3.134281,26950000.0,92.01,U,II,1.034982,5.5,4.169231,5.5,MC,2.0,12.0
45402,395.9206,3.130688,25330000.0,92.0,U,I,0.868575,6.0,3.999232,7.0,MC,1.0,15.0
45518,396.4207,3.126738,68330000.0,92.0,U,I,0.774781,6.0,3.9014879999999996,6.0,MC,1.0,13.0
45528,396.4664,3.126377,10150000.0,92.01,U,II,0.888549,4.5,4.014895,4.5,MC,2.0,10.0
45539,396.4961,3.126143,1120000.0,92.01,U,II,0.0,4.5,3.126112,3.5,MC,2.0,8.0
45579,396.6549,3.124892,30050000.0,92.01,U,II,1.044371,4.5,4.169231,5.5,MC,2.0,12.0
45596,396.7463,3.124172,6880000.0,92.0,U,I,0.07691,5.0,3.2010509999999996,4.0,MC,1.0,9.0
45626,396.9021,3.1229459999999998,11890000.0,92.01,U,II,1.041483,1.5,4.164397,2.5,MC,2.0,6.0
45764,397.4896,3.11833,26110000.0,92.0,U,I,0.947939,8.0,4.066237999999999,8.0,MC,1.0,17.0
45912,398.0795,3.113709,19910000.0,92.0,U,I,0.714407,5.0,3.8280839999999996,6.0,MC,1.0,13.0
46025,398.5793,3.1098049999999997,17940000.0,92.01,U,II,0.6521140000000001,7.5,3.761888,7.5,MC,2.0,16.0
46084,398.8884,3.107395,1633000.0,92.01,U,II,0.284506,5.5,3.3918699999999995,5.5,MC,2.0,12.0
46118,399.042,3.106199,4006000.0,92.01,U,II,0.113416,4.5,3.2195840000000002,3.5,MC,2.0,8.0
46165,399.2535,3.1045529999999997,10220000.0,92.01,U,II,0.708749,4.5,3.813271,4.5,MC,2.0,10.0
46204,399.4291,3.103189,696600.0,92.01,U,II,0.035836,5.5,3.138994,4.5,MC,2.0,10.0
46275,399.7081,3.101023,23890000.0,92.0,U,I,0.868575,6.0,3.9695669999999996,7.0,MC,1.0,15.0
46302,399.8241,3.100123,33040000.0,92.01,U,II,1.4121139999999999,5.5,4.512206,6.5,MC,2.0,14.0
46325,399.918,3.099395,9635000.0,92.0,U,I,0.471243,7.0,3.570607,7.0,MC,1.0,15.0
46367,400.128,3.097769,32520000.0,92.0,U,I,0.8704569999999999,4.0,3.9681949999999997,5.0,MC,1.0,11.0
46380,400.2339,3.096949,2993000.0,92.01,U,II,0.583504,2.5,3.680422,3.5,MC,2.0,8.0
46406,400.3195,3.096286,1009000.0,92.01,U,II,0.284506,5.5,3.380761,5.5,MC,2.0,12.0
46430,400.4064,3.095615,2161000.0,92.01,U,II,0.21686399999999997,6.5,3.312447,6.5,MC,2.0,14.0
46451,400.5209,3.0947299999999998,16090000.0,92.0,U,I,0.07691,5.0,3.171609,6.0,MC,1.0,13.0
46465,400.5695,3.094354,10260000.0,92.0,U,I,0.07691,5.0,3.171234,4.0,MC,1.0,9.0
46541,400.9169,3.091673,3080000.0,92.01,U,II,0.779047,6.5,3.870689,5.5,MC,2.0,12.0
46585,401.1449,3.089916,3290000.0,92.01,U,II,0.669701,3.5,3.759586,3.5,MC,2.0,8.0
46714,401.7711,3.0851,14750000.0,92.01,U,II,0.708749,4.5,3.793818,4.5,MC,2.0,10.0
46736,401.8986,3.084121,1198000.0,92.01,U,II,0.035836,5.5,3.119926,6.5,MC,2.0,14.0
46892,402.6023,3.0787310000000003,780100.0,92.01,U,II,0.284506,5.5,3.3632050000000002,4.5,MC,2.0,10.0
46986,403.1302,3.0746990000000003,1047000.0,92.01,U,II,0.113416,4.5,3.188084,4.5,MC,2.0,10.0
47049,403.3425,3.073081,2341000.0,92.01,U,II,0.548118,5.5,3.621169,5.5,MC,2.0,12.0
47058,403.3728,3.07285,8175000.0,92.01,U,II,0.942076,5.5,4.014895,4.5,MC,2.0,10.0
47076,403.4497,3.0722650000000002,27470000.0,92.0,U,I,0.552154,4.0,3.6243879999999997,5.0,MC,1.0,11.0
47189,403.9744,3.068274,13800000.0,92.0,U,I,0.947939,8.0,4.016183,8.0,MC,1.0,17.0
47249,404.275,3.065993,35370000.0,92.0,U,I,0.07691,5.0,3.142873,6.0,MC,1.0,13.0
47287,404.4412,3.0647330000000004,8129000.0,92.01,U,II,0.6521140000000001,7.5,3.7168160000000006,6.5,MC,2.0,14.0
47357,404.7612,3.0623099999999996,17030000.0,92.0,U,I,0.07691,5.0,3.13919,5.0,MC,1.0,11.0
47417,405.0041,3.060473,7870000.0,92.01,U,II,0.0,4.5,3.0604430000000002,4.5,MC,2.0,10.0
47461,405.1912,3.0590610000000003,7302000.0,92.01,U,II,0.6521140000000001,7.5,3.7111440000000004,7.5,MC,2.0,16.0
47478,405.302,3.058224,1033000.0,92.01,U,II,0.21686399999999997,6.5,3.275057,6.5,MC,2.0,14.0
47502,405.4305,3.057254,5407000.0,92.01,U,II,0.779047,6.5,3.83627,7.5,MC,2.0,16.0
47580,405.8187,3.0543299999999998,1622000.0,92.01,U,II,0.035836,5.5,3.090135,6.5,MC,2.0,14.0
47644,406.1347,3.0519540000000003,2758000.0,92.0,U,I,0.07691,5.0,3.128834,6.0,MC,1.0,13.0
47652,406.1753,3.051648,3246000.0,92.01,U,II,0.942076,5.5,3.993694,6.5,MC,2.0,14.0
47666,406.2544,3.051055,3541000.0,92.01,U,II,0.0,4.5,3.051024,5.5,MC,2.0,12.0
47702,406.417,3.049834,20300000.0,92.0,U,I,0.7428279999999999,4.0,3.792632,5.0,MC,1.0,11.0
47787,406.7748,3.047151,12250000.0,92.01,U,II,0.779047,6.5,3.826167,5.5,MC,2.0,12.0
47914,407.4485,3.042113,1943000.0,92.01,U,II,0.21686399999999997,6.5,3.258946,5.5,MC,2.0,12.0
47960,407.6685,3.0404709999999997,2024000.0,92.01,U,II,0.113416,4.5,3.153856,4.5,MC,2.0,10.0
47993,407.7785,3.0396509999999997,53170000.0,92.0,U,I,0.8704569999999999,4.0,3.910078,5.0,MC,1.0,11.0
48145,408.4927,3.034337,4555000.0,92.01,U,II,0.7179479999999999,5.5,3.7522550000000003,4.5,MC,2.0,10.0
48224,408.8252,3.031869,1258000.0,92.01,U,II,0.0,4.5,3.031838,4.5,MC,2.0,10.0
48256,409.0133,3.030475,11950000.0,92.01,U,II,0.21686399999999997,6.5,3.2473080000000003,6.5,MC,2.0,14.0
48283,409.1494,3.029467,10090000.0,92.01,U,II,1.264429,7.5,4.293866,8.5,MC,2.0,18.0
48288,409.1627,3.029368,3042000.0,92.0,U,I,0.0,6.0,3.029338,6.0,MC,1.0,13.0
48357,409.4891,3.026954,916800.0,92.01,U,II,0.548118,5.5,3.575042,6.5,MC,2.0,14.0
48374,409.577,3.026304,4966000.0,92.01,U,II,0.779047,6.5,3.8053199999999996,5.5,MC,2.0,12.0
48387,409.635,3.025875,51840000.0,92.0,U,I,0.8704569999999999,4.0,3.8963019999999995,5.0,MC,1.0,11.0
48428,409.8027,3.024637,2289000.0,92.01,U,II,0.035836,5.5,3.0604430000000002,4.5,MC,2.0,10.0
48513,410.1905,3.021778,46720000.0,92.0,U,I,0.8704569999999999,4.0,3.892205,5.0,MC,1.0,11.0
48531,410.3113,3.0208880000000002,31200000.0,92.0,U,I,0.908323,7.0,3.929181,8.0,MC,1.0,17.0
48611,410.6934,3.018078,1134000.0,92.01,U,II,0.0,4.5,3.018048,3.5,MC,2.0,8.0
48646,410.8352,3.017036,1639000.0,92.0,U,I,0.0,6.0,3.0170060000000003,7.0,MC,1.0,15.0
48743,411.3113,3.013544,493800.0,92.01,U,II,0.0,4.5,3.013513,4.5,MC,2.0,10.0
48794,411.6097,3.011359,3018000.0,92.01,U,II,0.0,4.5,3.011329,5.5,MC,2.0,12.0
48808,411.6878,3.0107880000000002,8122000.0,92.0,U,I,0.47963100000000003,3.0,3.490389,3.0,MC,1.0,7.0
48965,412.4728,3.005058,2118000.0,92.01,U,II,0.21686399999999997,6.5,3.221892,6.5,MC,2.0,14.0
49041,412.8334,3.0024330000000004,4479000.0,92.01,U,II,0.548118,5.5,3.550521,6.5,MC,2.0,14.0
49112,413.201,2.999762,12210000.0,92.0,U,I,0.53012,6.0,3.5298519999999995,6.0,MC,1.0,13.0
49146,413.3201,2.998898,2240000.0,92.01,U,II,0.7179479999999999,5.5,3.7168160000000006,6.5,MC,2.0,14.0
49152,413.3491,2.998687,4520000.0,92.0,U,I,0.0,6.0,2.998657,7.0,MC,1.0,15.0
49196,413.5756,2.997045,2026000.0,92.01,U,II,0.779047,6.5,3.7760620000000005,5.5,MC,2.0,12.0
49210,413.6813,2.996279,1763000.0,92.01,U,II,0.548118,5.5,3.544367,5.5,MC,2.0,12.0
49256,413.8653,2.9949470000000002,787300.0,92.01,U,II,0.284506,5.5,3.2794230000000004,4.5,MC,2.0,10.0
49263,413.9138,2.994597,685300.0,92.01,U,II,0.0,4.5,2.994567,5.5,MC,2.0,12.0
49300,414.1221,2.99309,15150000.0,92.01,U,II,1.0407680000000001,7.5,4.033829,6.5,MC,2.0,14.0
49313,414.1858,2.99263,3106000.0,92.0,U,I,0.07691,5.0,3.0695099999999997,4.0,MC,1.0,9.0
49374,414.4695,2.990581,880600.0,92.01,U,II,0.284506,5.5,3.275057,6.5,MC,2.0,14.0
49407,414.661,2.9892,9625000.0,92.0,U,I,0.908323,7.0,3.897493,7.0,MC,1.0,15.0
49552,415.3971,2.983904,19310000.0,92.0,U,I,0.0,6.0,2.983874,7.0,MC,1.0,15.0
49577,415.5409,2.982871,4203000.0,92.01,U,II,0.779047,6.5,3.761888,7.5,MC,2.0,16.0
49601,415.6648,2.981982,11410000.0,92.0,U,I,0.07691,5.0,3.058862,6.0,MC,1.0,13.0
49687,416.0949,2.9789,1756000.0,92.0,U,I,0.0,6.0,2.97887,6.0,MC,1.0,13.0
49710,416.2429,2.977841,13420000.0,92.0,U,I,0.471243,7.0,3.4490529999999997,8.0,MC,1.0,17.0
49737,416.3678,2.976948,1221000.0,92.01,U,II,0.0,4.5,2.976918,5.5,MC,2.0,12.0
49756,416.4788,2.976154,226800.0,92.01,U,II,0.035836,5.5,3.0119599999999997,6.5,MC,2.0,14.0
49779,416.5671,2.975523,1019000.0,92.01,U,II,0.035836,5.5,3.011329,5.5,MC,2.0,12.0
49798,416.6633,2.9748360000000003,3000000.0,92.0,U,I,0.07691,5.0,3.051717,4.0,MC,1.0,9.0
49839,416.9047,2.973113,34020000.0,92.0,U,I,1.0065819999999999,7.0,3.9796660000000004,7.0,MC,1.0,15.0
49893,417.1589,2.971302,6779000.0,92.01,U,II,0.21686399999999997,6.5,3.188136,6.5,MC,2.0,14.0
49927,417.2973,2.970316,2837000.0,92.01,U,II,0.779047,6.5,3.749333,5.5,MC,2.0,12.0
49950,417.4189,2.969451,3080000.0,92.01,U,II,0.68523,6.5,3.6546510000000003,6.5,MC,2.0,14.0
50048,417.8995,2.966036,1744000.0,92.01,U,II,0.568521,6.5,3.534528,5.5,MC,2.0,12.0
50191,418.6961,2.960394,13300000.0,92.0,U,I,0.53012,6.0,3.4904839999999995,7.0,MC,1.0,15.0
50219,418.8064,2.9596139999999997,595300.0,92.01,U,II,0.035836,5.5,2.99542,6.5,MC,2.0,14.0
50238,418.9272,2.95876,1095000.0,92.01,U,II,0.035836,5.5,2.994567,5.5,MC,2.0,12.0
50303,419.1933,2.956882,1145000.0,92.0,U,I,0.0,6.0,2.9568529999999997,7.0,MC,1.0,15.0
50386,419.7507,2.9529549999999998,5480000.0,92.01,U,II,1.0407680000000001,7.5,3.993694,6.5,MC,2.0,14.0
50406,419.8215,2.952457,3970000.0,92.0,U,I,0.07691,5.0,3.029338,6.0,MC,1.0,13.0
50454,420.0086,2.951142,1074000.0,92.01,U,II,0.779047,6.5,3.7301589999999996,5.5,MC,2.0,12.0
50477,420.1126,2.950412,13350000.0,92.0,U,I,0.947939,8.0,3.8983209999999997,9.0,MC,1.0,19.0
50539,420.4354,2.948147,593300.0,92.01,U,II,0.0,4.5,2.948117,5.5,MC,2.0,12.0
50664,421.0441,2.943885,428600.0,92.01,U,II,0.21686399999999997,6.5,3.160719,5.5,MC,2.0,12.0
50691,421.1658,2.943034,2856000.0,92.01,U,II,0.568521,6.5,3.511525,5.5,MC,2.0,12.0
50705,421.2253,2.942618,1591000.0,92.01,U,II,0.548118,5.5,3.490707,5.5,MC,2.0,12.0
50740,421.3865,2.941493,49120000.0,92.0,U,I,1.402032,9.0,4.343496,10.0,MC,1.0,21.0
50749,421.4411,2.9411110000000003,282600.0,92.01,U,II,0.035836,5.5,2.976918,5.5,MC,2.0,12.0
50847,421.9963,2.937242,4690000.0,92.0,U,I,0.53012,6.0,3.467333,7.0,MC,1.0,15.0
50889,422.2368,2.9355689999999997,18040000.0,92.0,U,I,0.471243,7.0,3.4067819999999998,8.0,MC,1.0,17.0
50987,422.7325,2.932127,987700.0,92.01,U,II,0.779047,6.5,3.7111440000000004,7.5,MC,2.0,16.0
51013,422.8756,2.931135,1443000.0,92.01,U,II,0.583504,2.5,3.5146089999999997,3.5,MC,2.0,8.0
51058,423.1668,2.9291169999999997,29660000.0,92.0,U,I,0.947939,8.0,3.8770269999999996,9.0,MC,1.0,19.0
51068,423.2043,2.928858,289600.0,92.01,U,II,0.035836,5.5,2.964664,4.5,MC,2.0,10.0
51167,423.6037,2.926097,5100000.0,92.0,U,I,0.07691,5.0,3.0029779999999997,5.0,MC,1.0,11.0
51256,424.0587,2.922957,653000.0,92.01,U,II,0.6521140000000001,7.5,3.575042,6.5,MC,2.0,14.0
51283,424.1664,2.922215,11450000.0,92.01,U,II,0.568521,6.5,3.490707,5.5,MC,2.0,12.0
51341,424.4373,2.92035,1626000.0,92.01,U,II,0.0,4.5,2.920321,5.5,MC,2.0,12.0
51380,424.626,2.919052,5032000.0,92.0,U,I,0.0,6.0,2.919023,7.0,MC,1.0,15.0
51483,425.2426,2.91482,1477000.0,92.01,U,II,0.548118,5.5,3.462909,6.5,MC,2.0,14.0
51737,426.6323,2.905325,1414000.0,92.0,U,I,0.0,6.0,2.905296,5.0,MC,1.0,11.0
51750,426.7298,2.904661,825100.0,92.01,U,II,0.113416,4.5,3.018048,3.5,MC,2.0,8.0
51759,426.7929,2.904232,6958000.0,92.0,U,I,0.774781,6.0,3.678984,6.0,MC,1.0,13.0
51789,426.8846,2.903608,555000.0,92.01,U,II,0.284506,5.5,3.188084,4.5,MC,2.0,10.0
51807,426.9605,2.903092,679200.0,92.01,U,II,0.21686399999999997,6.5,3.119926,6.5,MC,2.0,14.0
51895,427.397,2.900127,373400.0,92.01,U,II,0.113416,4.5,3.013513,4.5,MC,2.0,10.0
51943,427.6463,2.898437,904900.0,92.01,U,II,0.6521140000000001,7.5,3.550521,6.5,MC,2.0,14.0
52058,428.2023,2.894673,552700.0,92.01,U,II,0.035836,5.5,2.9304799999999998,6.5,MC,2.0,14.0
52074,428.246,2.8943779999999997,1735000.0,92.01,U,II,0.568521,6.5,3.4628699999999997,5.5,MC,2.0,12.0
52182,428.7861,2.890732,708600.0,92.01,U,II,0.0,4.5,2.890703,4.5,MC,2.0,10.0
52208,428.8831,2.890078,24620000.0,92.0,U,I,0.774781,6.0,3.6648300000000003,6.0,MC,1.0,13.0
52371,429.7105,2.884514,474600.0,92.01,U,II,0.035836,5.5,2.920321,5.5,MC,2.0,12.0
52463,430.1463,2.881591,347900.0,92.01,U,II,0.0,4.5,2.8815619999999997,5.5,MC,2.0,12.0
52566,430.6813,2.878011,657900.0,92.0,U,I,0.0,6.0,2.877983,5.0,MC,1.0,11.0
52653,431.0375,2.875633,795700.0,92.01,U,II,0.779047,6.5,3.6546510000000003,6.5,MC,2.0,14.0
52704,431.3139,2.873791,6868000.0,92.0,U,I,0.471243,7.0,3.3450050000000005,8.0,MC,1.0,17.0
52713,431.3874,2.8733009999999997,480900.0,92.01,U,II,0.21686399999999997,6.5,3.090135,6.5,MC,2.0,14.0
52823,431.977,2.869379,260000.0,92.01,U,II,0.284506,5.5,3.153856,4.5,MC,2.0,10.0
52953,432.5889,2.865321,800900.0,92.01,U,II,0.68523,6.5,3.550521,6.5,MC,2.0,14.0
53129,433.5732,2.858816,2069000.0,92.0,U,I,0.0,6.0,2.858787,7.0,MC,1.0,15.0
53241,434.1686,2.854895,2441000.0,92.01,U,II,0.035836,5.5,2.890703,4.5,MC,2.0,10.0
53345,434.7195,2.851277,637500.0,92.01,U,II,0.113416,4.5,2.964664,4.5,MC,2.0,10.0
53472,435.4546,2.8464650000000002,6885000.0,92.0,U,I,0.471243,7.0,3.317679,7.0,MC,1.0,15.0
53490,435.5739,2.845684,9927000.0,92.0,U,I,0.07691,5.0,2.9225659999999998,6.0,MC,1.0,13.0
53615,436.2051,2.841567,7168000.0,92.0,U,I,0.0,6.0,2.841539,7.0,MC,1.0,15.0
53620,436.2261,2.84143,509700.0,92.01,U,II,0.0,4.5,2.841402,5.5,MC,2.0,12.0
53628,436.2928,2.840996,684100.0,92.01,U,II,0.568521,6.5,3.4094879999999996,5.5,MC,2.0,12.0
53801,437.1758,2.835258,13650000.0,92.0,U,I,1.0065819999999999,7.0,3.841811,8.0,MC,1.0,17.0
53811,437.2572,2.83473,548600.0,92.01,U,II,0.113416,4.5,2.948117,5.5,MC,2.0,12.0
53812,437.2755,2.834611,1329000.0,92.0,U,I,0.0,6.0,2.8345830000000003,6.0,MC,1.0,13.0
53822,437.3407,2.834189,476500.0,92.01,U,II,0.21686399999999997,6.5,3.051024,5.5,MC,2.0,12.0
54010,438.3262,2.827817,2607000.0,92.0,U,I,0.471243,7.0,3.299031,7.0,MC,1.0,15.0
54200,439.3586,2.8211720000000002,6100000.0,92.0,U,I,0.0,6.0,2.821144,6.0,MC,1.0,13.0
54340,440.2431,2.8155040000000002,1974000.0,92.01,U,II,1.055213,5.5,3.870689,5.5,MC,2.0,12.0
54585,441.5239,2.807337,422600.0,92.01,U,II,0.0,4.5,2.807309,4.5,MC,2.0,10.0
54786,442.6677,2.8000830000000003,983200.0,92.01,U,II,0.583504,2.5,3.3835589999999995,3.5,MC,2.0,8.0
54790,442.6934,2.79992,1244000.0,92.0,U,I,0.0,6.0,2.799892,6.0,MC,1.0,13.0
54809,442.7651,2.799467,354400.0,92.01,U,II,0.035836,5.5,2.835275,4.5,MC,2.0,10.0
54929,443.3887,2.79553,1378000.0,92.01,U,II,1.0407680000000001,7.5,3.83627,7.5,MC,2.0,16.0
54939,443.4531,2.795124,379400.0,92.01,U,II,0.21686399999999997,6.5,3.0119599999999997,6.5,MC,2.0,14.0
55045,444.0737,2.791218,1561000.0,92.0,U,I,0.471243,7.0,3.262433,8.0,MC,1.0,17.0
55449,446.2967,2.777315,552900.0,92.01,U,II,0.113416,4.5,2.890703,4.5,MC,2.0,10.0
55490,446.5138,2.7759650000000002,380400.0,92.01,U,II,0.284506,5.5,3.0604430000000002,4.5,MC,2.0,10.0
55562,446.9325,2.773364,804100.0,92.0,U,I,0.0,6.0,2.773336,7.0,MC,1.0,15.0
55610,447.233,2.7715009999999998,1832000.0,92.01,U,II,0.035836,5.5,2.807309,4.5,MC,2.0,10.0
55690,447.7704,2.768174,211100.0,92.01,U,II,0.113416,4.5,2.8815619999999997,5.5,MC,2.0,12.0
55914,449.0833,2.760082,414000.0,92.01,U,II,0.21686399999999997,6.5,2.976918,5.5,MC,2.0,12.0
56208,451.0317,2.748159,188600.0,92.01,U,II,0.0,4.5,2.748132,4.5,MC,2.0,10.0
56287,451.5278,2.74514,697500.0,92.01,U,II,0.035836,5.5,2.780948,4.5,MC,2.0,10.0
56308,451.6723,2.744261,1331000.0,92.0,U,I,0.07691,5.0,2.821144,6.0,MC,1.0,13.0
56638,453.8189,2.731281,676000.0,92.01,U,II,0.21686399999999997,6.5,2.948117,5.5,MC,2.0,12.0
56727,454.3624,2.728014,1733000.0,92.01,U,II,0.113416,4.5,2.841402,5.5,MC,2.0,12.0
56763,454.5562,2.726851,617300.0,92.01,U,II,0.284506,5.5,3.011329,5.5,MC,2.0,12.0
56860,455.1975,2.7230090000000002,821400.0,92.0,U,I,0.07691,5.0,2.799892,6.0,MC,1.0,13.0
56893,455.3852,2.721886,132800.0,92.01,U,II,0.113416,4.5,2.835275,4.5,MC,2.0,10.0
56912,455.5091,2.721147,1367000.0,92.01,U,II,1.0407680000000001,7.5,3.761888,7.5,MC,2.0,16.0
57062,456.3945,2.715868,20890000.0,92.0,U,I,1.6276549999999999,9.0,4.343496,10.0,MC,1.0,21.0
57126,456.7685,2.713644,280100.0,92.01,U,II,0.21686399999999997,6.5,2.9304799999999998,6.5,MC,2.0,14.0
57152,456.991,2.712323,382000.0,92.01,U,II,0.035836,5.5,2.748132,4.5,MC,2.0,10.0
57208,457.3678,2.7100880000000003,638500.0,92.01,U,II,0.284506,5.5,2.994567,5.5,MC,2.0,12.0
57246,457.664,2.708334,976900.0,92.0,U,I,0.07691,5.0,2.785217,6.0,MC,1.0,13.0
57384,458.4851,2.703484,185800.0,92.01,U,II,0.21686399999999997,6.5,2.920321,5.5,MC,2.0,12.0
57606,460.1128,2.69392,173000.0,92.01,U,II,0.113416,4.5,2.807309,4.5,MC,2.0,10.0
57644,460.3659,2.692439,540100.0,92.01,U,II,0.284506,5.5,2.976918,5.5,MC,2.0,12.0
57672,460.515,2.691567,567800.0,92.01,U,II,0.7179479999999999,5.5,3.4094879999999996,5.5,MC,2.0,12.0
57743,460.9861,2.688817,74540.0,92.01,U,II,0.035836,5.5,2.7246259999999998,6.5,MC,2.0,14.0
57886,462.0213,2.6827919999999996,21500000.0,92.0,U,I,0.774781,6.0,3.457546,7.0,MC,1.0,15.0
57907,462.2423,2.68151,261200.0,92.01,U,II,0.6521140000000001,7.5,3.333597,7.5,MC,2.0,16.0
57971,462.7075,2.678814,1476000.0,92.01,U,II,0.568521,6.5,3.2473080000000003,6.5,MC,2.0,14.0
58021,463.1615,2.6761880000000002,2948000.0,92.0,U,I,0.0,6.0,2.676161,6.0,MC,1.0,13.0
58150,464.165,2.670402,929900.0,92.01,U,II,1.0407680000000001,7.5,3.7111440000000004,7.5,MC,2.0,16.0
58213,464.6597,2.6675590000000002,658600.0,92.01,U,II,0.113416,4.5,2.780948,4.5,MC,2.0,10.0
58413,466.3748,2.6577490000000004,806200.0,92.0,U,I,0.07691,5.0,2.734633,6.0,MC,1.0,13.0
58461,466.685,2.655983,245300.0,92.01,U,II,0.035836,5.5,2.691792,6.5,MC,2.0,14.0
58533,467.1397,2.653398,586000.0,92.01,U,II,0.568521,6.5,3.221892,6.5,MC,2.0,14.0
58749,468.9075,2.643395,468400.0,92.01,U,II,0.0,4.5,2.643368,3.5,MC,2.0,8.0
58895,470.0973,2.636704,106300.0,92.01,U,II,0.035836,5.5,2.672513,4.5,MC,2.0,10.0
58909,470.204,2.6361060000000003,513100.0,92.01,U,II,0.583504,2.5,3.2195840000000002,3.5,MC,2.0,8.0
58915,470.2512,2.635842,346000.0,92.01,U,II,0.284506,5.5,2.920321,5.5,MC,2.0,12.0
59086,471.5669,2.628487,12150000.0,92.0,U,I,1.265691,4.0,3.8941519999999996,5.0,MC,1.0,11.0
59186,472.2717,2.624565,464900.0,92.01,U,II,0.21686399999999997,6.5,2.841402,5.5,MC,2.0,12.0
59316,473.1594,2.619641,658800.0,92.01,U,II,0.568521,6.5,3.188136,6.5,MC,2.0,14.0
59484,474.352,2.613055,2201000.0,92.0,U,I,0.774781,6.0,3.387809,7.0,MC,1.0,15.0
59647,475.5735,2.606343,257300.0,92.01,U,II,0.0,4.5,2.6063169999999998,3.5,MC,2.0,8.0
59661,475.6806,2.605757,2593000.0,92.0,U,I,0.07691,5.0,2.682641,5.0,MC,1.0,11.0
59815,476.8664,2.599277,504800.0,92.0,U,I,0.07691,5.0,2.676161,6.0,MC,1.0,13.0
59822,476.9266,2.598949,190100.0,92.01,U,II,0.0,4.5,2.598923,3.5,MC,2.0,8.0
59854,477.2693,2.597083,321500.0,92.01,U,II,0.284506,5.5,2.8815619999999997,5.5,MC,2.0,12.0
59919,477.8096,2.594146,5329000.0,92.0,U,I,1.282907,8.0,3.8770269999999996,9.0,MC,1.0,19.0
59940,477.9628,2.593315,130000.0,92.01,U,II,0.113416,4.5,2.706704,4.5,MC,2.0,10.0
59948,478.0192,2.593009,7195000.0,92.0,U,I,1.2498879999999999,5.0,3.8428709999999997,6.0,MC,1.0,13.0
60011,478.592,2.589905,1794000.0,92.0,U,I,0.47963100000000003,3.0,3.0695099999999997,4.0,MC,1.0,9.0
60074,479.0061,2.587666,3530000.0,92.0,U,I,0.947939,8.0,3.5355800000000004,8.0,MC,1.0,17.0
60323,481.0889,2.576464,907800.0,92.0,U,I,0.471243,7.0,3.0476799999999997,8.0,MC,1.0,17.0
60439,481.9549,2.571834,239700.0,92.01,U,II,0.548118,5.5,3.119926,6.5,MC,2.0,14.0
60738,484.2489,2.5596509999999997,669600.0,92.0,U,I,0.07691,5.0,2.636536,6.0,MC,1.0,13.0
60810,484.7657,2.556922,223700.0,92.01,U,II,0.284506,5.5,2.841402,5.5,MC,2.0,12.0
60945,485.809,2.551431,411000.0,92.01,U,II,0.568521,6.5,3.119926,6.5,MC,2.0,14.0
60971,485.9694,2.550589,173600.0,92.01,U,II,0.0,4.5,2.550563,3.5,MC,2.0,8.0
60981,486.0991,2.5499080000000003,1060000.0,92.01,U,II,0.669701,3.5,3.2195840000000002,3.5,MC,2.0,8.0
61069,486.8858,2.545789,970400.0,92.0,U,I,0.471243,7.0,3.0170060000000003,7.0,MC,1.0,15.0
61246,488.3783,2.538008,129500.0,92.01,U,II,0.284506,5.5,2.822489,5.5,MC,2.0,12.0
61263,488.5141,2.537303,420800.0,92.0,U,I,0.0,6.0,2.5372779999999997,7.0,MC,1.0,15.0
61281,488.6326,2.5366880000000003,171700.0,92.01,U,II,0.68523,6.5,3.221892,6.5,MC,2.0,14.0
61439,489.9285,2.529978,259100.0,92.01,U,II,0.113416,4.5,2.643368,3.5,MC,2.0,8.0
61585,491.0352,2.524276,2391000.0,92.0,U,I,0.774781,6.0,3.299031,7.0,MC,1.0,15.0
61616,491.3169,2.522829,235000.0,92.01,U,II,0.284506,5.5,2.807309,4.5,MC,2.0,10.0
61757,492.4646,2.5169490000000003,429600.0,92.01,U,II,0.7026600000000001,3.5,3.2195840000000002,3.5,MC,2.0,8.0
61796,492.8447,2.5150080000000004,1198000.0,92.0,U,I,0.53012,6.0,3.0451029999999997,7.0,MC,1.0,15.0
61839,493.306,2.5126560000000002,599200.0,92.0,U,I,0.471243,7.0,2.983874,7.0,MC,1.0,15.0
61850,493.3662,2.51235,168100.0,92.01,U,II,0.548118,5.5,3.0604430000000002,4.5,MC,2.0,10.0
62042,495.0175,2.5039689999999997,173600.0,92.01,U,II,0.7179479999999999,5.5,3.221892,6.5,MC,2.0,14.0
62112,495.5775,2.501139,2662000.0,92.0,U,I,0.947939,8.0,3.4490529999999997,8.0,MC,1.0,17.0
62235,496.7322,2.495325,891600.0,92.0,U,I,0.471243,7.0,2.966543,8.0,MC,1.0,17.0
62298,497.2102,2.492927,107600.0,92.01,U,II,0.113416,4.5,2.6063169999999998,3.5,MC,2.0,8.0
62466,498.6894,2.485532,106000.0,92.01,U,II,0.113416,4.5,2.598923,3.5,MC,2.0,8.0
62708,500.821,2.474954,206700.0,92.01,U,II,0.21686399999999997,6.5,2.691792,6.5,MC,2.0,14.0
62735,501.1409,2.473374,378200.0,92.0,U,I,0.07691,5.0,2.550259,4.0,MC,1.0,9.0
62949,502.7384,2.4655139999999998,1387000.0,92.0,U,I,0.0,6.0,2.46549,7.0,MC,1.0,15.0
63181,504.7405,2.455735,68040.0,92.01,U,II,0.284506,5.5,2.740216,4.5,MC,2.0,10.0
63334,506.3757,2.447805,808800.0,92.0,U,I,0.471243,7.0,2.919023,7.0,MC,1.0,15.0
63484,507.7805,2.441033,26880.0,92.01,U,II,0.035836,5.5,2.476844,6.5,MC,2.0,14.0
63555,508.5848,2.4371720000000003,84740.0,92.01,U,II,0.113416,4.5,2.550563,3.5,MC,2.0,8.0
63589,508.8286,2.4360049999999998,162400.0,92.0,U,I,0.0,6.0,2.43598,7.0,MC,1.0,15.0
63876,511.7238,2.422223,194900.0,92.01,U,II,0.284506,5.5,2.706704,4.5,MC,2.0,10.0
64074,513.7046,2.4128830000000003,158700.0,92.01,U,II,0.799082,4.5,3.211941,4.5,MC,2.0,10.0
64146,514.5084,2.409113,137400.0,92.01,U,II,0.779047,6.5,3.188136,6.5,MC,2.0,14.0
64249,515.4048,2.404923,62860.0,92.01,U,II,0.284506,5.5,2.689405,5.5,MC,2.0,12.0
64324,516.0316,2.4020029999999997,410600.0,92.01,U,II,0.7179479999999999,5.5,3.119926,6.5,MC,2.0,14.0
64363,516.4139,2.400224,3471000.0,92.0,U,I,1.0065819999999999,7.0,3.4067819999999998,8.0,MC,1.0,17.0
64586,518.457,2.390766,346300.0,92.01,U,II,0.669701,3.5,3.0604430000000002,4.5,MC,2.0,10.0
64804,520.4313,2.381696,297800.0,92.01,U,II,0.779047,6.5,3.160719,5.5,MC,2.0,12.0
65027,522.5122,2.372211,111600.0,92.01,U,II,0.7179479999999999,5.5,3.090135,6.5,MC,2.0,14.0
65163,523.8615,2.366101,249600.0,92.01,U,II,1.184444,5.5,3.550521,6.5,MC,2.0,14.0
65255,524.7353,2.362161,107600.0,92.01,U,II,0.669701,3.5,3.031838,4.5,MC,2.0,10.0
65259,524.7749,2.3619830000000004,152700.0,92.01,U,II,0.568521,6.5,2.9304799999999998,6.5,MC,2.0,14.0
65366,525.7045,2.357806,287300.0,92.01,U,II,0.7026600000000001,3.5,3.0604430000000002,4.5,MC,2.0,10.0
65536,527.2005,2.351116,913800.0,92.0,U,I,0.947939,8.0,3.299031,7.0,MC,1.0,15.0
65610,527.8169,2.34837,167400.0,92.01,U,II,0.669701,3.5,3.018048,3.5,MC,2.0,8.0
65643,528.0379,2.347387,625400.0,92.0,U,I,0.0,6.0,2.347364,5.0,MC,1.0,11.0
65720,528.838,2.343836,104000.0,92.01,U,II,0.669701,3.5,3.013513,4.5,MC,2.0,10.0
65948,530.8541,2.3349349999999998,749600.0,92.0,U,I,0.471243,7.0,2.8061540000000003,7.0,MC,1.0,15.0
65969,531.0041,2.334275,21650.0,92.01,U,II,0.0,4.5,2.3342509999999996,5.5,MC,2.0,12.0
65982,531.1879,2.3334669999999997,143300.0,92.01,U,II,0.548118,5.5,2.8815619999999997,5.5,MC,2.0,12.0
65990,531.2716,2.3331,84350.0,92.01,U,II,0.7179479999999999,5.5,3.051024,5.5,MC,2.0,12.0
66019,531.5278,2.331975,875800.0,92.0,U,I,0.947939,8.0,3.2798910000000006,8.0,MC,1.0,17.0
66065,531.9396,2.33017,2644000.0,92.0,U,I,1.2498879999999999,5.0,3.5800349999999996,6.0,MC,1.0,13.0
66085,532.1606,2.329202,97010.0,92.01,U,II,0.7026600000000001,3.5,3.031838,4.5,MC,2.0,10.0
66143,532.7757,2.3265130000000003,209200.0,92.01,U,II,0.779047,6.5,3.105536,5.5,MC,2.0,12.0
66161,532.9241,2.3258650000000003,290800.0,92.0,U,I,0.0,6.0,2.3258419999999997,6.0,MC,1.0,13.0
66386,534.9913,2.316878,62530.0,92.01,U,II,0.548118,5.5,2.864973,6.5,MC,2.0,14.0
66544,536.3807,2.310877,105400.0,92.01,U,II,0.7026600000000001,3.5,3.013513,4.5,MC,2.0,10.0
66589,536.8421,2.308891,427800.0,92.01,U,II,1.125248,3.5,3.4341150000000003,4.5,MC,2.0,10.0
66731,538.293,2.302668,131700.0,92.0,U,I,0.07691,5.0,2.379555,4.0,MC,1.0,9.0
66755,538.5547,2.301549,2371000.0,92.0,U,I,1.6276549999999999,9.0,3.929181,8.0,MC,1.0,17.0
66763,538.619,2.3012740000000003,4103000.0,92.01,U,II,1.908416,6.5,4.209667,5.5,MC,2.0,12.0
66809,538.9847,2.299712,2003000.0,92.0,U,I,1.282907,8.0,3.5825970000000003,7.0,MC,1.0,15.0
66919,540.0905,2.295004,3792000.0,92.0,U,I,1.275626,6.0,3.570607,7.0,MC,1.0,15.0
66920,540.0946,2.294986,184900.0,92.01,U,II,0.669701,3.5,2.964664,4.5,MC,2.0,10.0
66944,540.3187,2.294035,96710.0,92.01,U,II,0.7179479999999999,5.5,3.0119599999999997,6.5,MC,2.0,14.0
66978,540.5975,2.2928509999999998,175800.0,92.01,U,II,1.0407680000000001,7.5,3.333597,7.5,MC,2.0,16.0
67013,541.0233,2.2910470000000003,318800.0,92.0,U,I,0.53012,6.0,2.821144,6.0,MC,1.0,13.0
67147,542.3357,2.285503,544600.0,92.0,U,I,0.714407,5.0,2.9998869999999997,4.0,MC,1.0,9.0
67348,544.4467,2.276641,166300.0,92.01,U,II,0.7179479999999999,5.5,2.994567,5.5,MC,2.0,12.0
67496,545.925,2.270476,166400.0,92.0,U,I,0.07691,5.0,2.347364,5.0,MC,1.0,11.0
67547,546.5676,2.267807,361800.0,92.01,U,II,1.193486,6.5,3.461271,7.5,MC,2.0,16.0
67655,547.5706,2.2636529999999997,981300.0,92.01,U,II,1.145858,4.5,3.4094879999999996,5.5,MC,2.0,12.0
67705,548.0265,2.2617700000000003,2584000.0,92.01,U,II,1.551524,5.5,3.813271,4.5,MC,2.0,10.0
67728,548.1203,2.2613830000000004,466800.0,92.01,U,II,0.799082,4.5,3.0604430000000002,4.5,MC,2.0,10.0
67750,548.2526,2.260837,3117000.0,92.01,U,II,1.908416,6.5,4.169231,5.5,MC,2.0,12.0
67788,548.7004,2.2589919999999997,160700.0,92.01,U,II,0.7179479999999999,5.5,2.976918,5.5,MC,2.0,12.0
67805,548.8883,2.258219,13230000.0,92.0,U,I,1.815608,6.0,4.073804,5.0,MC,1.0,11.0
67830,549.1222,2.257257,296100.0,92.01,U,II,1.055213,5.5,3.312447,6.5,MC,2.0,14.0
67837,549.2952,2.2565459999999997,171500.0,92.01,U,II,0.0,4.5,2.256524,4.5,MC,2.0,10.0
67857,549.4657,2.255846,74450.0,92.01,U,II,0.548118,5.5,2.8039419999999997,6.5,MC,2.0,14.0
67872,549.6426,2.2551200000000002,746100.0,92.0,U,I,0.53012,6.0,2.785217,6.0,MC,1.0,13.0
67911,550.0684,2.253374,175300.0,92.0,U,I,0.07691,5.0,2.330262,4.0,MC,1.0,9.0
67922,550.1492,2.253043,210300.0,92.01,U,II,1.184444,5.5,3.437465,5.5,MC,2.0,12.0
67954,550.4128,2.251965,218400.0,92.01,U,II,0.799082,4.5,3.051024,5.5,MC,2.0,12.0
68014,551.0416,2.2493950000000003,6134000.0,92.0,U,I,1.6276549999999999,9.0,3.8770269999999996,9.0,MC,1.0,19.0
68027,551.1496,2.248954,338400.0,92.0,U,I,0.07691,5.0,2.3258419999999997,6.0,MC,1.0,13.0
68042,551.3392,2.24818,690200.0,92.0,U,I,0.908323,7.0,3.1564810000000003,7.0,MC,1.0,15.0
68190,552.781,2.242317,2493000.0,92.01,U,II,1.551524,5.5,3.793818,4.5,MC,2.0,10.0
68216,553.1265,2.240916,914700.0,92.0,U,I,0.975037,5.0,3.2159310000000003,6.0,MC,1.0,13.0
68265,553.5777,2.23909,26450.0,92.01,U,II,0.284506,5.5,2.523573,5.5,MC,2.0,12.0
68290,553.8522,2.23798,308400.0,92.01,U,II,1.125248,3.5,3.3632050000000002,4.5,MC,2.0,10.0
68350,554.4807,2.235443,75160.0,92.01,U,II,0.568521,6.5,2.8039419999999997,6.5,MC,2.0,14.0
68382,554.8042,2.23414,561800.0,92.01,U,II,1.551524,5.5,3.7856410000000005,4.5,MC,2.0,10.0
68423,555.1425,2.2327790000000003,177000.0,92.01,U,II,0.799082,4.5,3.031838,4.5,MC,2.0,10.0
68485,555.7881,2.2301849999999996,241400.0,92.0,U,I,0.07691,5.0,2.307073,4.0,MC,1.0,9.0
68550,556.417,2.227664,1076000.0,92.0,U,I,0.471243,7.0,2.698884,7.0,MC,1.0,15.0
68606,557.0665,2.2250669999999997,499900.0,92.01,U,II,1.184444,5.5,3.4094879999999996,5.5,MC,2.0,12.0
68628,557.3074,2.2241049999999998,1357000.0,92.0,U,I,1.282907,8.0,3.50699,7.0,MC,1.0,15.0
68640,557.3591,2.2238990000000003,335400.0,92.0,U,I,0.774781,6.0,2.998657,7.0,MC,1.0,15.0
68709,558.0805,2.2210240000000003,96710.0,92.01,U,II,0.669701,3.5,2.890703,4.5,MC,2.0,10.0
68711,558.1222,2.220858,30360.0,92.01,U,II,0.113416,4.5,2.3342509999999996,5.5,MC,2.0,12.0
68719,558.1594,2.22071,49020.0,92.01,U,II,0.035836,5.5,2.256524,4.5,MC,2.0,10.0
68882,559.7365,2.214453,171400.0,92.01,U,II,0.799082,4.5,3.013513,4.5,MC,2.0,10.0
68934,560.2892,2.212269,116600.0,92.01,U,II,0.799082,4.5,3.011329,5.5,MC,2.0,12.0
68946,560.3973,2.211842,63520.0,92.01,U,II,0.669701,3.5,2.8815209999999998,4.5,MC,2.0,10.0
68985,560.8851,2.209918,10020000.0,92.0,U,I,1.949116,5.0,4.159012000000001,4.0,MC,1.0,9.0
69006,561.089,2.209115,1632000.0,92.0,U,I,0.774781,6.0,2.983874,7.0,MC,1.0,15.0
69052,561.6575,2.2068790000000003,618700.0,92.0,U,I,1.0065819999999999,7.0,3.213439,8.0,MC,1.0,17.0
69097,562.0776,2.20523,450700.0,92.0,U,I,0.07691,5.0,2.282118,5.0,MC,1.0,11.0
69103,562.1514,2.20494,476700.0,92.0,U,I,0.471243,7.0,2.676161,6.0,MC,1.0,13.0
69179,562.944,2.201836,8277000.0,92.0,U,I,2.095381,7.0,4.297194999999999,7.0,MC,1.0,15.0
69205,563.2457,2.200657,1059000.0,92.0,U,I,1.248419,7.0,3.4490529999999997,8.0,MC,1.0,17.0
69223,563.4391,2.1999009999999997,1068000.0,92.0,U,I,0.947939,8.0,3.147818,8.0,MC,1.0,17.0
69249,563.6777,2.19897,442000.0,92.0,U,I,0.868575,6.0,3.067523,5.0,MC,1.0,11.0
69293,564.0305,2.197594,482900.0,92.0,U,I,0.714407,5.0,2.911979,5.0,MC,1.0,11.0
69378,564.838,2.1944529999999998,5247000.0,92.0,U,I,2.095381,7.0,4.289812,7.0,MC,1.0,15.0
69427,565.3771,2.192361,29930.0,92.01,U,II,0.284506,5.5,2.476844,6.5,MC,2.0,14.0
69462,565.8264,2.19062,565500.0,92.0,U,I,0.47963100000000003,3.0,2.670229,3.0,MC,1.0,7.0
69566,566.9435,2.1863029999999997,187900.0,92.0,U,I,0.07691,5.0,2.263191,6.0,MC,1.0,13.0
69669,568.0372,2.1820939999999998,395400.0,92.0,U,I,0.774781,6.0,2.9568529999999997,7.0,MC,1.0,15.0
69708,568.5211,2.180237,395500.0,92.0,U,I,0.552154,4.0,2.732368,4.0,MC,1.0,9.0
69762,569.1342,2.1778880000000003,381300.0,92.0,U,I,0.07691,5.0,2.2547759999999997,4.0,MC,1.0,9.0
69888,570.5654,2.172425,1845000.0,92.0,U,I,1.341501,3.0,3.513904,4.0,MC,1.0,9.0
69905,570.6993,2.1719150000000003,145600.0,92.01,U,II,0.888549,4.5,3.0604430000000002,4.5,MC,2.0,10.0
69930,570.9493,2.170964,644800.0,92.0,U,I,0.880774,3.0,3.051717,4.0,MC,1.0,9.0
70008,571.6875,2.168161,747300.0,92.0,U,I,0.552154,4.0,2.720293,3.0,MC,1.0,7.0
70065,572.2237,2.166129,1681000.0,92.0,U,I,1.6781490000000001,9.0,3.844257,10.0,MC,1.0,21.0
70078,572.3648,2.165596,166500.0,92.01,U,II,0.669701,3.5,2.835275,4.5,MC,2.0,10.0
70147,573.3236,2.1619740000000003,153100.0,92.01,U,II,1.026184,6.5,3.188136,6.5,MC,2.0,14.0
70183,573.6391,2.1607849999999997,892600.0,92.0,U,I,0.868575,6.0,3.029338,6.0,MC,1.0,13.0
70193,573.7272,2.160453,1057000.0,92.0,U,I,0.8704569999999999,4.0,3.030888,5.0,MC,1.0,11.0
70319,574.8448,2.156253,63340.0,92.01,U,II,1.026184,6.5,3.182415,7.5,MC,2.0,16.0
70342,575.0555,2.155463,2526000.0,92.0,U,I,1.098127,2.0,3.253568,3.0,MC,1.0,7.0
70414,575.8143,2.152622,121700.0,92.0,U,I,0.0,6.0,2.1526009999999998,6.0,MC,1.0,13.0
70417,575.8357,2.152542,230100.0,92.0,U,I,0.53012,6.0,2.682641,5.0,MC,1.0,11.0
70480,576.3596,2.150586,622700.0,92.0,U,I,0.880774,3.0,3.0313380000000003,4.0,MC,1.0,9.0
70482,576.3662,2.150561,458700.0,92.0,U,I,0.908323,7.0,3.058862,6.0,MC,1.0,13.0
70496,576.5379,2.1499200000000003,496800.0,92.0,U,I,1.0065819999999999,7.0,3.1564810000000003,7.0,MC,1.0,15.0
70513,576.7451,2.149148,371100.0,92.0,U,I,0.7428279999999999,4.0,2.891955,5.0,MC,1.0,11.0
70551,577.1053,2.147807,336800.0,92.0,U,I,0.774781,6.0,2.9225659999999998,6.0,MC,1.0,13.0
70640,578.0589,2.1442639999999997,1844000.0,92.0,U,I,0.774781,6.0,2.919023,7.0,MC,1.0,15.0
70724,578.8568,2.141308,58020.0,92.01,U,II,0.548118,5.5,2.689405,5.5,MC,2.0,12.0
70763,579.1749,2.140132,188400.0,92.01,U,II,1.193486,6.5,3.333597,7.5,MC,2.0,16.0
70806,579.652,2.138371,764600.0,92.0,U,I,0.8704569999999999,4.0,3.0088060000000003,3.0,MC,1.0,7.0
70826,579.853,2.137629,277500.0,92.01,U,II,0.669701,3.5,2.807309,4.5,MC,2.0,10.0
70852,580.2106,2.1363119999999998,2031000.0,92.0,U,I,1.0065819999999999,7.0,3.142873,6.0,MC,1.0,13.0
70879,580.5193,2.135176,361300.0,92.0,U,I,0.7428279999999999,4.0,2.877983,5.0,MC,1.0,11.0
70967,581.382,2.1320069999999998,439300.0,92.0,U,I,0.7428279999999999,4.0,2.8748139999999998,4.0,MC,1.0,9.0
70974,581.4417,2.1317880000000002,254000.0,92.0,U,I,0.47963100000000003,3.0,2.611398,3.0,MC,1.0,7.0
71000,581.6772,2.130925,884000.0,92.0,U,I,1.275626,6.0,3.4065300000000005,7.0,MC,1.0,15.0
71020,581.9017,2.130103,286500.0,92.0,U,I,0.868575,6.0,2.998657,7.0,MC,1.0,15.0
71106,582.8005,2.126818,71900.0,92.01,U,II,0.583504,2.5,2.710301,3.5,MC,2.0,8.0
71171,583.6023,2.123897,3208000.0,92.0,U,I,1.282907,8.0,3.4067819999999998,8.0,MC,1.0,17.0
71181,583.7682,2.123293,120600.0,92.01,U,II,0.568521,6.5,2.691792,6.5,MC,2.0,14.0
71232,584.3277,2.12126,98940.0,92.01,U,II,0.799082,4.5,2.920321,5.5,MC,2.0,12.0
71253,584.5247,2.120545,31790.0,92.01,U,II,0.035836,5.5,2.156359,4.5,MC,2.0,10.0
71322,585.2003,2.118097,357400.0,92.0,U,I,0.552154,4.0,2.670229,3.0,MC,1.0,7.0
71341,585.3903,2.117409,31830.0,92.01,U,II,0.21686399999999997,6.5,2.3342509999999996,5.5,MC,2.0,12.0
71407,586.3406,2.113977,295900.0,92.0,U,I,0.8704569999999999,4.0,2.984413,5.0,MC,1.0,11.0
71473,587.093,2.111268,132300.0,92.01,U,II,0.669701,3.5,2.780948,4.5,MC,2.0,10.0
71675,589.5311,2.102537,91350.0,92.01,U,II,0.779047,6.5,2.8815619999999997,5.5,MC,2.0,12.0
71700,589.8774,2.1013029999999997,512000.0,92.0,U,I,0.774781,6.0,2.8760630000000003,7.0,MC,1.0,15.0
71741,590.249,2.09998,612000.0,92.0,U,I,0.47963100000000003,3.0,2.57959,3.0,MC,1.0,7.0
71833,591.5385,2.095402,952400.0,92.0,U,I,0.0,6.0,2.095381,7.0,MC,1.0,15.0
71914,592.5455,2.091841,645200.0,92.0,U,I,0.947939,8.0,3.039759,9.0,MC,1.0,19.0
71950,592.9314,2.090479,290400.0,92.0,U,I,0.471243,7.0,2.561701,6.0,MC,1.0,13.0
71992,593.3817,2.088893,130000.0,92.0,U,I,0.07691,5.0,2.165782,4.0,MC,1.0,9.0
71998,593.4445,2.0886720000000003,72600.0,92.01,U,II,1.055213,5.5,3.1438639999999998,5.5,MC,2.0,12.0
72065,594.2768,2.085747,344900.0,92.0,U,I,0.714407,5.0,2.800133,4.0,MC,1.0,9.0
72102,594.8565,2.083714,433100.0,92.0,U,I,0.947939,8.0,3.031632,8.0,MC,1.0,17.0
72125,595.2031,2.0825009999999997,84210.0,92.01,U,II,0.799082,4.5,2.8815619999999997,5.5,MC,2.0,12.0
72158,595.6859,2.080813,756600.0,92.0,U,I,0.47963100000000003,3.0,2.560423,2.0,MC,1.0,5.0
72254,597.1501,2.075711,301800.0,92.0,U,I,0.07691,5.0,2.1526009999999998,6.0,MC,1.0,13.0
72295,597.6321,2.0740369999999997,1027000.0,92.0,U,I,0.471243,7.0,2.545259,8.0,MC,1.0,17.0
72381,598.61,2.070649,550000.0,92.0,U,I,0.47963100000000003,3.0,2.550259,4.0,MC,1.0,9.0
72485,599.731,2.066779,1032000.0,92.0,U,I,0.774781,6.0,2.841539,7.0,MC,1.0,15.0
72494,599.7959,2.066555,242600.0,92.0,U,I,0.53012,6.0,2.596654,6.0,MC,1.0,13.0
72501,599.9408,2.066056,264000.0,92.0,U,I,0.471243,7.0,2.5372779999999997,7.0,MC,1.0,15.0
72506,600.0178,2.065791,1581000.0,92.0,U,I,1.402032,9.0,3.467802,9.0,MC,1.0,19.0
72542,600.4815,2.0641950000000002,261700.0,92.01,U,II,1.231563,3.5,3.2957379999999996,4.5,MC,2.0,10.0
72578,600.8854,2.062808,1707000.0,92.0,U,I,1.271458,5.0,3.3342449999999997,6.0,MC,1.0,13.0
72600,601.0863,2.062118,1338000.0,92.0,U,I,1.282907,8.0,3.3450050000000005,8.0,MC,1.0,17.0
72626,601.4053,2.061024,3514000.0,92.0,U,I,1.840586,10.0,3.90159,11.0,MC,1.0,23.0
72653,601.6743,2.060103,269000.0,92.0,U,I,0.714407,5.0,2.774489,5.0,MC,1.0,11.0
72659,601.7381,2.059885,99080.0,92.01,U,II,0.583504,2.5,2.643368,3.5,MC,2.0,8.0
72663,601.7563,2.059822,548400.0,92.0,U,I,0.774781,6.0,2.8345830000000003,6.0,MC,1.0,13.0
72676,601.9191,2.0592650000000003,467400.0,92.0,U,I,0.552154,4.0,2.611398,3.0,MC,1.0,7.0
72733,602.8123,2.0562139999999998,793500.0,92.0,U,I,0.47963100000000003,3.0,2.535825,2.0,MC,1.0,5.0
72781,603.5549,2.053684,613000.0,92.0,U,I,0.891655,2.0,2.945319,2.0,MC,1.0,5.0
72801,603.9618,2.052301,918200.0,92.0,U,I,1.0065819999999999,7.0,3.058862,6.0,MC,1.0,13.0
72884,605.0485,2.0486150000000003,218900.0,92.0,U,I,0.47963100000000003,3.0,2.528225,3.0,MC,1.0,7.0
72886,605.0675,2.04855,270500.0,92.0,U,I,0.908323,7.0,2.9568529999999997,7.0,MC,1.0,15.0
72889,605.1738,2.04819,43650.0,92.01,U,II,0.113416,4.5,2.1615860000000002,5.5,MC,2.0,12.0
72921,605.6809,2.0464759999999997,70060.0,92.0,U,I,0.0,6.0,2.046455,6.0,MC,1.0,13.0
72922,605.7081,2.046384,407800.0,92.0,U,I,0.774781,6.0,2.821144,6.0,MC,1.0,13.0
72938,605.9757,2.04548,1346000.0,92.0,U,I,1.248419,7.0,3.293878,6.0,MC,1.0,13.0
72949,606.2309,2.044619,227300.0,92.0,U,I,0.53012,6.0,2.574719,7.0,MC,1.0,15.0
72977,606.7219,2.042964,42450.0,92.01,U,II,0.113416,4.5,2.156359,4.5,MC,2.0,10.0
73021,607.7291,2.0395790000000003,462900.0,92.0,U,I,0.07691,5.0,2.1164680000000002,6.0,MC,1.0,13.0
73090,608.7336,2.036213,124200.0,92.01,U,II,0.799082,4.5,2.835275,4.5,MC,2.0,10.0
73108,608.919,2.035593,200800.0,92.0,U,I,0.471243,7.0,2.506815,6.0,MC,1.0,13.0
73191,610.1778,2.031393,387200.0,92.0,U,I,0.774781,6.0,2.8061540000000003,7.0,MC,1.0,15.0
73385,612.7773,2.022776,662700.0,92.0,U,I,1.0065819999999999,7.0,3.029338,6.0,MC,1.0,13.0
73405,612.9723,2.022133,165000.0,92.0,U,I,0.07691,5.0,2.099023,5.0,MC,1.0,11.0
73427,613.262,2.021178,1319000.0,92.0,U,I,1.402032,9.0,3.42319,10.0,MC,1.0,21.0
73472,613.8545,2.019227,663200.0,92.0,U,I,1.324869,8.0,3.344075,7.0,MC,1.0,15.0
73570,615.2262,2.014725,147000.0,92.0,U,I,0.53012,6.0,2.544825,5.0,MC,1.0,11.0
73659,616.4514,2.01072,224900.0,92.0,U,I,0.908323,7.0,2.919023,7.0,MC,1.0,15.0
73712,617.1859,2.0083279999999997,966700.0,92.0,U,I,0.947939,8.0,2.9562470000000003,9.0,MC,1.0,19.0
73738,617.5394,2.0071779999999997,413500.0,92.0,U,I,0.53012,6.0,2.5372779999999997,7.0,MC,1.0,15.0
73777,618.1393,2.00523,1073000.0,92.0,U,I,0.891655,2.0,2.896865,1.0,MC,1.0,3.0
73965,621.5374,1.9942669999999998,161400.0,92.0,U,I,0.471243,7.0,2.46549,7.0,MC,1.0,15.0
74070,623.4304,1.9882119999999999,249400.0,92.0,U,I,0.53012,6.0,2.518312,5.0,MC,1.0,11.0
74136,624.6533,1.984319,318200.0,92.0,U,I,0.714407,5.0,2.698706,6.0,MC,1.0,13.0
74179,625.4203,1.981886,64350.0,92.01,U,II,0.799082,4.5,2.780948,4.5,MC,2.0,10.0
74288,626.8671,1.977312,463900.0,92.0,U,I,1.0065819999999999,7.0,2.983874,7.0,MC,1.0,15.0
74369,627.9619,1.9738639999999998,25940.0,92.01,U,II,0.7179479999999999,5.5,2.691792,6.5,MC,2.0,14.0
74373,628.0183,1.973687,103500.0,92.01,U,II,0.669701,3.5,2.643368,3.5,MC,2.0,8.0
74429,629.2012,1.969977,984500.0,92.0,U,I,1.0084,4.0,2.9783560000000002,3.0,MC,1.0,7.0
74440,629.3328,1.9695650000000002,95540.0,92.0,U,I,0.07691,5.0,2.046455,6.0,MC,1.0,13.0
74467,629.8533,1.9679369999999998,270400.0,92.0,U,I,0.53012,6.0,2.498037,5.0,MC,1.0,11.0
74821,635.9289,1.949136,121800.0,92.0,U,I,0.0,6.0,1.949116,5.0,MC,1.0,11.0
74895,637.245,1.94511,449600.0,92.0,U,I,0.471243,7.0,2.4163330000000003,8.0,MC,1.0,17.0
74898,637.299,1.9449450000000001,161000.0,92.0,U,I,0.714407,5.0,2.659332,4.0,MC,1.0,9.0
74931,637.8519,1.943259,13250.0,92.01,U,II,0.035836,5.5,1.9790759999999998,6.5,MC,2.0,14.0
74941,637.9619,1.942924,70360.0,92.01,U,II,0.708749,4.5,2.651654,4.5,MC,2.0,10.0
74965,638.3572,1.9417209999999998,120600.0,92.0,U,I,0.552154,4.0,2.493855,5.0,MC,1.0,11.0
75005,638.9789,1.939832,534000.0,92.0,U,I,0.7428279999999999,4.0,2.682641,5.0,MC,1.0,11.0
75021,639.2762,1.9389299999999998,101300.0,92.0,U,I,0.0,6.0,1.93891,6.0,MC,1.0,13.0
75041,639.5426,1.9381220000000001,281900.0,92.0,U,I,0.0,6.0,1.938103,7.0,MC,1.0,15.0
75050,639.7156,1.937598,406300.0,92.0,U,I,0.868575,6.0,2.8061540000000003,7.0,MC,1.0,15.0
75071,640.0336,1.936636,27690.0,92.01,U,II,0.669701,3.5,2.6063169999999998,3.5,MC,2.0,8.0
75140,641.1593,1.9332349999999998,220700.0,92.0,U,I,0.908323,7.0,2.841539,7.0,MC,1.0,15.0
75220,642.4867,1.929241,37590.0,92.01,U,II,0.669701,3.5,2.598923,3.5,MC,2.0,8.0
75264,643.0937,1.9274200000000001,285300.0,92.0,U,I,0.7428279999999999,4.0,2.670229,3.0,MC,1.0,7.0
75384,644.8025,1.9223119999999998,48420.0,92.01,U,II,1.231563,3.5,3.153856,4.5,MC,2.0,10.0
75390,644.916,1.921974,664700.0,92.0,U,I,0.07691,5.0,1.9988650000000001,4.0,MC,1.0,9.0
75496,646.4983,1.91727,736700.0,92.0,U,I,0.908323,7.0,2.825574,8.0,MC,1.0,17.0
75577,648.1728,1.9123169999999998,126500.0,92.0,U,I,0.714407,5.0,2.626704,4.0,MC,1.0,9.0
75617,648.8342,1.910368,871800.0,92.0,U,I,1.6781490000000001,9.0,3.5884980000000004,10.0,MC,1.0,21.0
75709,650.3622,1.905879,157900.0,92.0,U,I,0.53012,6.0,2.43598,7.0,MC,1.0,15.0
75797,651.8946,1.901399,315900.0,92.0,U,I,0.774781,6.0,2.676161,6.0,MC,1.0,13.0
75817,652.0982,1.9008060000000002,311300.0,92.0,U,I,1.0084,4.0,2.909186,3.0,MC,1.0,7.0
75852,652.6078,1.8993209999999998,139600.0,92.0,U,I,0.947939,8.0,2.8472419999999996,9.0,MC,1.0,19.0
75860,652.7039,1.899042,101200.0,92.0,U,I,0.714407,5.0,2.613429,5.0,MC,1.0,11.0
75906,653.5474,1.896591,528600.0,92.0,U,I,1.0084,4.0,2.9049709999999997,4.0,MC,1.0,9.0
75953,654.2986,1.8944130000000001,381600.0,92.0,U,I,1.282907,8.0,3.177301,9.0,MC,1.0,19.0
76016,655.2758,1.891588,78900.0,92.0,U,I,0.908323,7.0,2.799892,6.0,MC,1.0,13.0
76033,655.501,1.890938,360400.0,92.0,U,I,0.47963100000000003,3.0,2.370551,2.0,MC,1.0,5.0
76217,658.2778,1.8829619999999998,130600.0,92.0,U,I,0.975037,5.0,2.85798,4.0,MC,1.0,9.0
76249,658.7842,1.881515,13010.0,92.01,U,II,0.68523,6.5,2.566725,6.5,MC,2.0,14.0
76325,660.1389,1.8776529999999998,64440.0,92.0,U,I,0.947939,8.0,2.825574,8.0,MC,1.0,17.0
76343,660.3992,1.876913,153600.0,92.0,U,I,0.908323,7.0,2.785217,6.0,MC,1.0,13.0
76455,662.0531,1.872225,72560.0,92.0,U,I,0.07691,5.0,1.949116,5.0,MC,1.0,11.0
76465,662.1776,1.871873,16480.0,92.01,U,II,0.284506,5.5,2.156359,4.5,MC,2.0,10.0
76473,662.2835,1.871573,31680.0,92.01,U,II,0.9357540000000001,3.5,2.807309,4.5,MC,2.0,10.0
76496,662.5295,1.8708779999999998,134900.0,92.0,U,I,0.714407,5.0,2.585266,5.0,MC,1.0,11.0
76638,664.7793,1.8645470000000002,40220.0,92.0,U,I,0.471243,7.0,2.335771,7.0,MC,1.0,15.0
76699,665.6819,1.8620189999999999,18810.0,92.0,U,I,0.07691,5.0,1.93891,6.0,MC,1.0,13.0
76881,668.3384,1.854618,109400.0,92.0,U,I,0.471243,7.0,2.3258419999999997,6.0,MC,1.0,13.0
76923,669.12,1.8524509999999998,130100.0,92.0,U,I,1.324869,8.0,3.177301,9.0,MC,1.0,19.0
77073,671.7451,1.8452119999999999,34550.0,92.01,U,II,0.9357540000000001,3.5,2.780948,4.5,MC,2.0,10.0
77139,672.7971,1.842327,55050.0,92.0,U,I,0.714407,5.0,2.556715,5.0,MC,1.0,11.0
77201,673.6805,1.839911,30520.0,92.0,U,I,0.0,6.0,1.839893,5.0,MC,1.0,11.0
77331,675.4927,1.834975,103400.0,92.0,U,I,1.0065819999999999,7.0,2.841539,7.0,MC,1.0,15.0
77414,676.8641,1.831257,119300.0,92.0,U,I,0.975037,5.0,2.806276,4.0,MC,1.0,9.0
77468,677.6888,1.829029,43120.0,92.01,U,II,1.331709,5.5,3.160719,5.5,MC,2.0,12.0
77497,678.0632,1.8280189999999998,88390.0,92.0,U,I,1.0065819999999999,7.0,2.8345830000000003,6.0,MC,1.0,13.0
77510,678.2705,1.8274599999999999,38440.0,92.0,U,I,0.47963100000000003,3.0,2.307073,4.0,MC,1.0,9.0
77512,678.2856,1.827419,45270.0,92.0,U,I,0.552154,4.0,2.379555,4.0,MC,1.0,9.0
77574,679.0302,1.825416,289100.0,92.0,U,I,0.947939,8.0,2.773336,7.0,MC,1.0,15.0
77728,681.38,1.819121,237200.0,92.0,U,I,1.447768,7.0,3.26687,6.0,MC,1.0,13.0
77729,681.3845,1.819109,277100.0,92.0,U,I,1.442328,5.0,3.261419,5.0,MC,1.0,11.0
77757,681.8301,1.81792,113400.0,92.0,U,I,0.47963100000000003,3.0,2.297533,3.0,MC,1.0,7.0
77773,682.0768,1.817262,266000.0,92.0,U,I,0.53012,6.0,2.347364,5.0,MC,1.0,11.0
77792,682.4463,1.8162779999999998,250300.0,92.0,U,I,0.880774,3.0,2.697034,4.0,MC,1.0,9.0
77812,682.6913,1.8156259999999997,230400.0,92.0,U,I,0.0,6.0,1.815608,6.0,MC,1.0,13.0
77865,683.2719,1.814084,99150.0,92.0,U,I,0.868575,6.0,2.682641,5.0,MC,1.0,11.0
77959,684.623,1.8105040000000001,139500.0,92.0,U,I,0.774781,6.0,2.585266,5.0,MC,1.0,11.0
78155,687.6746,1.8024689999999999,148200.0,92.01,U,II,1.038951,4.5,2.841402,5.5,MC,2.0,12.0
78229,688.7749,1.7995900000000002,194400.0,92.0,U,I,1.0065819999999999,7.0,2.8061540000000003,7.0,MC,1.0,15.0
78305,690.2518,1.7957400000000001,47090.0,92.0,U,I,0.53012,6.0,2.3258419999999997,6.0,MC,1.0,13.0
78383,691.5275,1.792427,71170.0,92.0,U,I,0.714407,5.0,2.506815,6.0,MC,1.0,13.0
78396,691.7051,1.7919669999999999,89970.0,92.0,U,I,0.471243,7.0,2.263191,6.0,MC,1.0,13.0
78951,701.569,1.766772,114700.0,92.0,U,I,1.0065819999999999,7.0,2.773336,7.0,MC,1.0,15.0
78981,702.068,1.765516,119400.0,92.01,U,II,1.294944,3.5,3.0604430000000002,4.5,MC,2.0,10.0
79038,703.07,1.763,17680.0,92.0,U,I,0.07691,5.0,1.839893,5.0,MC,1.0,11.0
79053,703.384,1.762213,470300.0,92.0,U,I,1.282907,8.0,3.0451029999999997,7.0,MC,1.0,15.0
79266,707.4782,1.752015,237700.0,92.0,U,I,0.53012,6.0,2.282118,5.0,MC,1.0,11.0
79301,708.2094,1.7502060000000002,27570.0,92.01,U,II,0.669701,3.5,2.41989,3.5,MC,2.0,8.0
79426,710.161,1.745397,455100.0,92.0,U,I,0.552154,4.0,2.297533,3.0,MC,1.0,7.0
79571,712.89,1.7387150000000002,80150.0,92.0,U,I,0.07691,5.0,1.815608,6.0,MC,1.0,13.0
79579,713.0062,1.738432,64980.0,92.0,U,I,0.714407,5.0,2.4528209999999997,6.0,MC,1.0,13.0
79690,714.7886,1.7340970000000002,753500.0,92.0,U,I,1.402032,9.0,3.136112,8.0,MC,1.0,17.0
79795,716.489,1.729982,94210.0,92.0,U,I,0.552154,4.0,2.282118,5.0,MC,1.0,11.0
79838,717.2091,1.728245,566000.0,92.0,U,I,1.840586,10.0,3.5688129999999996,9.0,MC,1.0,19.0
79963,719.4636,1.7228290000000002,349500.0,92.0,U,I,1.324869,8.0,3.0476799999999997,8.0,MC,1.0,17.0
79976,719.6637,1.72235,308600.0,92.0,U,I,1.2498879999999999,5.0,2.972221,4.0,MC,1.0,9.0
80017,720.5417,1.7202509999999998,219000.0,92.0,U,I,1.324869,8.0,3.0451029999999997,7.0,MC,1.0,15.0
80047,721.0277,1.7190919999999998,119300.0,92.0,U,I,0.774781,6.0,2.493855,5.0,MC,1.0,11.0
80088,721.8022,1.7172470000000002,17860.0,92.01,U,II,0.7026600000000001,3.5,2.41989,3.5,MC,2.0,8.0
80293,725.4453,1.7086240000000001,291500.0,92.0,U,I,0.947939,8.0,2.656546,7.0,MC,1.0,15.0
80499,729.0963,1.7000669999999998,257000.0,92.0,U,I,1.447768,7.0,3.147818,8.0,MC,1.0,17.0
81037,739.2124,1.6768020000000001,357200.0,92.0,U,I,1.6276549999999999,9.0,3.304441,8.0,MC,1.0,17.0
81055,739.6982,1.6757009999999999,209700.0,92.0,U,I,0.552154,4.0,2.227838,3.0,MC,1.0,7.0
81150,741.6573,1.671275,283300.0,92.0,U,I,1.2498879999999999,5.0,2.921146,4.0,MC,1.0,9.0
81192,742.5504,1.6692650000000002,35080.0,92.0,U,I,0.0,6.0,1.669248,5.0,MC,1.0,11.0
81344,745.4038,1.662875,71440.0,92.01,U,II,1.331709,5.5,2.994567,5.5,MC,2.0,12.0
81605,751.0058,1.650471,16350.0,92.01,U,II,1.038951,4.5,2.689405,5.5,MC,2.0,12.0
81644,751.7399,1.648859,693400.0,92.0,U,I,1.9887689999999998,10.0,3.637611,9.0,MC,1.0,19.0
81706,752.8673,1.6463900000000002,2548000.0,92.0,U,I,2.347453,11.0,3.9938260000000003,10.0,MC,1.0,21.0
81739,753.3925,1.6452419999999999,287000.0,92.0,U,I,0.471243,7.0,2.1164680000000002,6.0,MC,1.0,13.0
81811,755.0223,1.641691,372000.0,92.0,U,I,1.324869,8.0,2.966543,8.0,MC,1.0,17.0
81977,758.0934,1.63504,15860.0,92.01,U,II,0.888549,4.5,2.523573,5.5,MC,2.0,12.0
82018,759.0527,1.632974,64260.0,92.0,U,I,0.714407,5.0,2.347364,5.0,MC,1.0,11.0
82040,759.5055,1.632,188700.0,92.0,U,I,1.324869,8.0,2.9568529999999997,7.0,MC,1.0,15.0
82067,760.0283,1.630878,538900.0,92.0,U,I,1.9887689999999998,10.0,3.6196300000000003,9.0,MC,1.0,19.0
82119,760.9178,1.628971,131000.0,92.0,U,I,0.908323,7.0,2.5372779999999997,7.0,MC,1.0,15.0
82189,761.9354,1.626796,254100.0,92.0,U,I,0.947939,8.0,2.574719,7.0,MC,1.0,15.0
82264,763.1745,1.624154,58690.0,92.0,U,I,0.471243,7.0,2.095381,7.0,MC,1.0,15.0
82281,763.4751,1.623515,116500.0,92.0,U,I,0.908323,7.0,2.531821,6.0,MC,1.0,13.0
82302,763.9542,1.6224969999999999,98360.0,92.0,U,I,0.53012,6.0,2.1526009999999998,6.0,MC,1.0,13.0
82372,765.3634,1.619509,190100.0,92.0,U,I,1.1008,3.0,2.720293,3.0,MC,1.0,7.0
82472,766.9704,1.6161159999999999,18890.0,92.01,U,II,1.2253020000000001,4.5,2.841402,5.5,MC,2.0,12.0
82900,774.8191,1.599745,809600.0,92.0,U,I,1.9887689999999998,10.0,3.5884980000000004,10.0,MC,1.0,21.0
82939,775.4186,1.598509,111900.0,92.0,U,I,0.908323,7.0,2.506815,6.0,MC,1.0,13.0
82975,775.9879,1.597336,93270.0,92.0,U,I,0.947939,8.0,2.545259,8.0,MC,1.0,17.0
82981,776.1849,1.59693,138600.0,92.0,U,I,0.868575,6.0,2.46549,7.0,MC,1.0,15.0
83067,778.4159,1.592354,22390.0,92.0,U,I,0.07691,5.0,1.669248,5.0,MC,1.0,11.0
83160,780.2414,1.5886280000000002,40200.0,92.01,U,II,1.331709,5.5,2.920321,5.5,MC,2.0,12.0
83232,781.6328,1.5858,430000.0,92.0,U,I,1.6276549999999999,9.0,3.213439,8.0,MC,1.0,17.0
83296,783.2036,1.5826200000000001,240900.0,92.0,U,I,1.840586,10.0,3.42319,10.0,MC,1.0,21.0
83320,783.5737,1.581872,39590.0,92.0,U,I,0.7428279999999999,4.0,2.324684,3.0,MC,1.0,7.0
83330,783.7718,1.581472,38330.0,92.01,U,II,1.125248,3.5,2.706704,4.5,MC,2.0,10.0
83377,784.4721,1.5800610000000002,1114000.0,92.0,U,I,1.9887689999999998,10.0,3.5688129999999996,9.0,MC,1.0,19.0
83476,786.8787,1.575228,79640.0,92.0,U,I,0.471243,7.0,2.046455,6.0,MC,1.0,13.0
83506,787.5391,1.573907,504500.0,92.0,U,I,1.402032,9.0,2.975924,8.0,MC,1.0,17.0
83538,788.1943,1.572599,667200.0,92.0,U,I,0.774781,6.0,2.347364,5.0,MC,1.0,11.0
83610,790.0433,1.568918,68420.0,92.0,U,I,0.53012,6.0,2.099023,5.0,MC,1.0,11.0
83623,790.4293,1.568152,98870.0,92.0,U,I,1.0065819999999999,7.0,2.574719,7.0,MC,1.0,15.0
83636,790.7981,1.567421,72060.0,92.0,U,I,0.868575,6.0,2.43598,7.0,MC,1.0,15.0
83691,791.8814,1.565277,49830.0,92.0,U,I,0.53012,6.0,2.095381,7.0,MC,1.0,15.0
83886,795.9976,1.557182,77620.0,92.0,U,I,0.908323,7.0,2.46549,7.0,MC,1.0,15.0
83906,796.3962,1.556403,655200.0,92.0,U,I,1.2498879999999999,5.0,2.806276,4.0,MC,1.0,9.0
83945,797.0457,1.555135,334900.0,92.0,U,I,1.0065819999999999,7.0,2.561701,6.0,MC,1.0,13.0
83967,797.5097,1.55423,281000.0,92.0,U,I,1.402032,9.0,2.9562470000000003,9.0,MC,1.0,19.0
83968,797.5496,1.554152,664700.0,92.0,U,I,2.347453,11.0,3.90159,11.0,MC,1.0,23.0
83973,797.6896,1.55388,14000.0,92.01,U,II,0.7026600000000001,3.5,2.256524,4.5,MC,2.0,10.0
84039,799.1311,1.5510760000000001,65420.0,92.0,U,I,0.774781,6.0,2.3258419999999997,6.0,MC,1.0,13.0
84075,799.8607,1.549662,466800.0,92.0,U,I,1.6276549999999999,9.0,3.177301,9.0,MC,1.0,19.0
