g,LeveleV
4,0.00000000,
2,0.10939764,
6,8.9217000,
4,8.9874370,
2,9.0294019,
4,9.2028320,
2,9.2821597,
6,10.2806325,
4,10.3069180,
2,10.3359337,
8,10.4015349,
6,10.4295834,
4,10.4297829,
6,10.4310711,
4,10.4748433,
6,10.4950268,
2,10.5000528,
4,10.5372286,
2,10.5689499,
4,10.5935112,
2,10.622835,
4,10.6297965,
2,10.6524665,
8,10.9080665,
6,10.9205334,
4,10.933987,
2,10.944422,
10,11.182586,
8,11.219066,
6,11.251487,
4,11.276181,
2,11.291119,
8,11.293652,
6,11.298312,
4,11.304075,
6,11.325151,
4,11.349328,
2,11.352526,
6,11.364464,
4,11.366994,
6,11.394990,
4,11.4239198,
2,11.425315,
4,11.430623,
2,11.481272,
4,11.6934712,
2,11.7126455,
6,11.7143043,
4,11.7367992,
8,11.745308,
6,11.7570682,
2,11.7752360,
6,11.7964298,
8,11.8008680,
4,11.8173988,
6,11.8281832,
2,11.8448209,
2,11.8525909,
4,11.8544214,
8,11.8653962,
4,11.8660979,
6,11.8760437,
4,11.8897827,
2,11.9019327,
4,11.9413310,
6,11.9623537,
4,11.9627639,
10,11.9638208,
2,11.9761416,
8,11.9931368,
2,12.0178108,
6,12.0197146,
4,12.0269732,
2,12.0449809,
8,12.0493147,
6,12.0559411,
4,12.0586797,
6,12.0684839,
4,12.0703647,
4,12.0860620,
6,12.0926909,
10,12.1091213,
8,12.1092138,
8,12.1100440,
6,12.110074,
4,12.113707,
6,12.1137448,
12,12.114822,
10,12.114826,
2,12.118097,
4,12.118131,
6,12.1266121,
4,12.1309590,
4,12.1560283,
2,12.1628920,
4,12.196694,
6,12.196751,
10,12.197991,
8,12.198027,
2,12.198897,
8,12.202387,
6,12.202413,
6,12.235241,
8,12.2363741,
6,12.236400,
4,12.246960,
8,12.247819,
6,12.253755,
2,12.263955,
4,12.276846,
8,12.2992798,
6,12.3078024,
4,12.3184091,
2,12.3250097,
2,12.328503,
6,12.331938,
10,12.3386587,
2,12.3406952,
4,12.3407891,
4,12.3449145,
2,12.347135,
8,12.3573052,
4,12.3589789,
2,12.3626267,
6,12.3693959,
4,12.376512,
2,12.386348,
2,12.3949661,
6,12.3969941,
4,12.4047103,
8,12.4166235,
10,12.4189563,
8,12.4190281,
8,12.4194773,
6,12.419498,
4,12.4196187,
4,12.421384,
6,12.4214097,
12,12.421812,
10,12.421813,
10,12.422097,
12,12.422097,
8,12.422150,
10,12.422150,
6,12.422925,
8,12.422925,
12,12.423378,
14,12.423378,
2,12.423508,
4,12.423540,
4,12.423921,
6,12.423921,
4,12.4290260,
6,12.4293708,
6,12.4414649,
4,12.4607679,
6,12.4714852,
4,12.4857332,
2,12.489877,
4,12.505711,
6,12.505768,
10,12.5064360,
8,12.5064788,
4,12.507242,
6,12.508567,
8,12.508567,
8,12.5087478,
6,12.508782,
10,12.508831,
12,12.508831,
8,12.509885,
10,12.509885,
2,12.515710,
8,12.5211630,
2,12.5272906,
4,12.5280312,
6,12.5289554,
10,12.5386326,
8,12.539909,
10,12.5399633,
4,12.5437979,
8,12.5442465,
6,12.544267,
8,12.546373,
10,12.546373,
6,12.550093,
2,12.550627,
8,12.5510331,
6,12.5752466,
4,12.579457,
10,12.5870415,
8,12.587094,
8,12.587394,
6,12.587409,
4,12.588484,
6,12.588489,
12,12.588665,
10,12.588665,
4,12.589658,
2,12.595886,
2,12.596353,
4,12.612338,
8,12.6159262,
6,12.6220182,
4,12.627250,
6,12.628902,
2,12.63150,
2,12.639594,
4,12.639594,
6,12.644918,
4,12.646433,
4,12.64965,
8,12.649890,
6,12.651976,
10,12.657958,
4,12.659883,
2,12.663512,
8,12.6646794,
6,12.666062,
6,12.669637,
4,12.673464,
6,12.673501,
10,12.673923,
8,12.673960,
6,12.675315,
4,12.68294,
10,12.688304,
8,12.688332,
8,12.688413,
12,12.689274,
10,12.689283,
2,12.697416,
2,12.71162,
8,12.711636,
6,12.711646,
2,12.72197,
8,12.723320,
6,12.726523,
8,12.732084,
10,12.733523,
4,12.73657,
8,12.7394050,
6,12.74301,
6,12.749105,
2,12.752472,
4,12.752472,
10,12.753845,
10,12.754538,
12,12.754553,
4,12.774699,
6,12.774714,
10,12.774951,
8,12.774980,
6,12.782937,
4,12.783034,
2,12.94104,
,12.967633,
,13.05392,
,13.09118,
6,13.4505,
2,13.462,
4,13.462,
4,13.462,
6,13.462,
4,13.51727,
6,13.51727,
2,13.57762,
6,13.7973,
2,13.8112,
4,13.8112,
4,13.8112,
6,13.8112,
4,13.84664,
6,13.84664,
2,13.87448,
6,13.9893,
2,14.002,
4,14.002,
4,14.002,
6,14.002,
4,14.02236,
6,14.02236,
2,14.03758,
6,14.1083,
2,14.1125,
4,14.1125,
4,14.1125,
6,14.1125,
4,14.12748,
6,14.12748,
2,14.13606,
6,14.183,
2,14.1844,
4,14.1844,
4,14.1844,
6,14.1844,
4,14.19380,
6,14.19380,
2,14.20069,
2,14.2340,
4,14.2340,
4,14.2340,
6,14.2340,
4,14.24009,
6,14.24009,
2,14.24513,
2,14.2685,
4,14.2685,
4,14.2685,
6,14.2685,
4,14.27418,
6,14.27418,
2,14.27671,
2,14.2945,
4,14.2945,
4,14.2945,
6,14.2945,
2,14.29984,
2,14.3136,
4,14.3136,
4,14.3136,
6,14.3136,
2,14.3173,
2,14.3285,
4,14.3285,
4,14.3285,
6,14.3285,
2,14.3316,
2,14.3403,
4,14.3403,
4,14.3403,
6,14.3403,
2,14.3497,
4,14.3497,
4,14.3497,
6,14.3497,
2,14.3575,
4,14.3575,
4,14.3575,
6,14.3575,
,14.41249,
4,14.687,
6,14.687,
2,14.78,
4,15.45,
6,15.45,
2,15.5185,
4,15.814,
6,15.814,
2,15.8520,
4,16.01,
6,16.01,
2,16.0304,
4,16.1205,
6,16.1205,
2,16.135,
4,16.1951,
6,16.1951,
2,16.2037,
4,16.2438,
6,16.2438,
2,16.251,
4,16.2795,
6,16.2795,
2,16.284,
4,16.3049,
6,16.3049,
2,16.3083,
4,16.3249,
6,16.3249,
4,16.3400,
6,16.3400,
4,16.3515,
6,16.3515,
4,16.3611,
6,16.3611,
4,16.3690,
6,16.3690,
,16.42406,

#ignore,test#5.8
