,Wl/nm,E_Photon,A-Value,Elem. num,Element,ion state,E_lower_lev.,J_lower,E_upper_lev.,J_upper,Ref.,ion state num,g_j
3293,224.3034,5.525862,121600000.0,39.01,Y,II,0.0,0.0,5.525807,1.0,CC',2.0,3.0
5172,235.4175,5.265009,26130000.0,39.0,Y,I,0.065755,2.5,5.330711,3.5,CB,1.0,8.0
6416,241.3913,5.134725,910900000.0,39.01,Y,II,2.9478779999999998,1.0,8.082550999999999,2.0,CC',2.0,5.0
6491,241.7267,5.127512,380300000.0,39.01,Y,II,2.9478779999999998,1.0,8.075339,1.0,GUES,2.0,3.0
6493,241.7308,5.127512,380300000.0,39.01,Y,II,2.9478779999999998,1.0,8.075339,1.0,GUES,2.0,3.0
6623,242.2188,5.117183,239000000.0,39.01,Y,II,0.408675,2.0,5.525807,1.0,CC',2.0,3.0
7639,246.5768,5.026748,347500000.0,39.01,Y,II,3.055854,2.0,8.082550999999999,2.0,GUES,2.0,5.0
8224,249.0404,4.977026,11050000.0,39.0,Y,I,0.065755,2.5,5.042731,2.5,CB,1.0,6.0
13506,268.1666,4.622076,3706000.0,39.0,Y,I,0.0,1.5,4.6220300000000005,2.5,CB,1.0,6.0
13899,269.5383,4.598555,4566000.0,39.0,Y,I,0.065755,2.5,4.664264,3.5,CB,1.0,8.0
14635,272.2992,4.551931,21460000.0,39.0,Y,I,0.065755,2.5,4.61764,1.5,CP',1.0,4.0
14824,273.0052,4.540102,4069000.0,39.0,Y,I,0.065755,2.5,4.605812,1.5,CP',1.0,4.0
14958,273.4832,4.532225,606600000.0,39.01,Y,II,3.055854,2.0,7.5880339999999995,1.0,CC',2.0,3.0
15176,274.25,4.519554,15330000.0,39.0,Y,I,0.0,1.5,4.519508999999999,1.5,CP',1.0,4.0
15387,275.0198,4.506905000000001,176300000.0,39.01,Y,II,3.241846,2.0,7.748705,2.0,GUES,2.0,5.0
15665,276.0069,4.490786,16740000.0,39.0,Y,I,0.065755,2.5,4.556496,2.5,CP',1.0,6.0
16462,278.5159,4.450334,359100000.0,39.01,Y,II,2.9478779999999998,1.0,7.398167,2.0,CC',2.0,5.0
16477,278.5561,4.4496910000000005,160400000.0,39.01,Y,II,3.055854,2.0,7.5055,2.0,CC',2.0,5.0
16638,279.1193,4.440713,2345000.0,39.0,Y,I,0.0,1.5,4.440668,1.5,CP',1.0,4.0
16879,280.0099,4.426591,527700000.0,39.01,Y,II,2.906815,0.0,7.333361999999999,1.0,CC',2.0,3.0
17297,281.3655,4.405264,2800000.0,39.0,Y,I,0.065755,2.5,4.470975,2.5,CP',1.0,6.0
17467,281.8849,4.397144,67870000.0,39.0,Y,I,1.305451,0.5,5.702551000000001,1.5,CB,1.0,4.0
17576,282.2566,4.391358,332300000.0,39.0,Y,I,1.305451,0.5,5.696765,0.5,CB,1.0,2.0
17639,282.5362,4.387011,939200000.0,39.01,Y,II,3.622068,3.0,8.009035,2.0,CC',2.0,5.0
17667,282.6318,4.385527,859600000.0,39.01,Y,II,2.9478779999999998,1.0,7.333361999999999,1.0,CC',2.0,3.0
17877,283.4398,4.3730269999999996,166000000.0,39.01,Y,II,3.375722,2.0,7.748705,2.0,GUES,2.0,5.0
18062,284.082,4.363142,165200000.0,39.01,Y,II,3.241846,2.0,7.604944000000001,2.0,GUES,2.0,5.0
18416,285.4418,4.342357,986000000.0,39.01,Y,II,3.055854,2.0,7.398167,2.0,CC',2.0,5.0
18471,285.629,4.339511,1295000000.0,39.01,Y,II,2.9478779999999998,1.0,7.287346,0.0,CC',2.0,1.0
18501,285.7869,4.337114,163200000.0,39.01,Y,II,3.411635,1.0,7.748705,2.0,GUES,2.0,5.0
18831,287.122,4.316948,269500000.0,39.01,Y,II,2.906815,0.0,7.22372,1.0,GUES,2.0,3.0
19197,288.6453,4.294164,381100000.0,39.0,Y,I,1.4084299999999998,1.5,5.702551000000001,1.5,CB,1.0,4.0
19495,289.7666,4.27755,318200000.0,39.01,Y,II,3.055854,2.0,7.333361999999999,1.0,CC',2.0,3.0
19531,289.8795,4.275884,191600000.0,39.01,Y,II,2.9478779999999998,1.0,7.22372,1.0,CC',2.0,3.0
19722,290.7081,4.263698000000001,157800000.0,39.01,Y,II,3.241846,2.0,7.5055,2.0,GUES,2.0,5.0
20043,291.9047,4.24622,12740000.0,39.0,Y,I,0.0,1.5,4.246176999999999,2.5,CP',1.0,6.0
20329,292.9983,4.230371,266100000.0,39.01,Y,II,3.4135720000000003,3.0,7.643901,3.0,CC',2.0,7.0
20347,293.075,4.229264,155200000.0,39.01,Y,II,3.375722,2.0,7.604944000000001,2.0,GUES,2.0,5.0
20816,294.8403,4.203945,34880000.0,39.0,Y,I,0.0,1.5,4.2039029999999995,1.5,HL,1.0,4.0
20827,294.8795,4.203386,153300000.0,39.01,Y,II,3.5453620000000003,1.0,7.748705,2.0,GUES,2.0,5.0
20870,295.0195,4.201391,34600000.0,39.01,Y,II,3.055854,2.0,7.257203,3.0,GUES,2.0,7.0
20944,295.3124,4.197223999999999,764400000.0,39.01,Y,II,3.411635,1.0,7.608817,0.0,GUES,2.0,1.0
21007,295.5851,4.193351,152600000.0,39.01,Y,II,3.411635,1.0,7.604944000000001,2.0,GUES,2.0,5.0
21042,295.7218,4.191414,152500000.0,39.01,Y,II,3.4135720000000003,3.0,7.604944000000001,2.0,GUES,2.0,5.0
21248,296.4964,4.180464,34020000.0,39.0,Y,I,0.065755,2.5,4.246176999999999,2.5,CP',1.0,6.0
21480,297.3897,4.167907,269200000.0,39.01,Y,II,3.055854,2.0,7.22372,1.0,CC',2.0,3.0
21500,297.4586,4.1669410000000005,35390000.0,39.0,Y,I,0.0,1.5,4.1669,2.5,HL,1.0,6.0
21591,297.8019,4.162139,250600000.0,39.01,Y,II,3.241846,2.0,7.403942,1.0,GUES,2.0,3.0
21658,298.0558,4.158593,417900000.0,39.01,Y,II,3.52043,4.0,7.678980999999999,4.0,CC',2.0,9.0
21708,298.2157,4.156363,149900000.0,39.01,Y,II,3.241846,2.0,7.398167,2.0,GUES,2.0,5.0
21761,298.4253,4.153444,47990000.0,39.0,Y,I,0.065755,2.5,4.219158,3.5,HL,1.0,8.0
22045,299.5255,4.138189,5116000.0,39.0,Y,I,0.065755,2.5,4.2039029999999995,1.5,HL,1.0,4.0
22087,299.6943,4.135858,8363000.0,39.0,Y,I,0.0,1.5,4.135816,2.5,HL,1.0,6.0
22192,300.1325,4.12982,148000000.0,39.01,Y,II,3.375722,2.0,7.5055,2.0,GUES,2.0,5.0
22293,300.526,4.124413,4853000.0,39.0,Y,I,0.0,1.5,4.124371,1.5,HL,1.0,4.0
22310,300.5916,4.123512,105400000.0,39.01,Y,II,3.52043,4.0,7.643901,3.0,GUES,2.0,7.0
22617,301.8952,4.105707,225500000.0,39.0,Y,I,1.305451,0.5,5.411117,0.5,CB,1.0,2.0
22690,302.172,4.101946,7591000.0,39.0,Y,I,0.065755,2.5,4.16766,3.5,CP',1.0,8.0
22702,302.2281,4.101186,6532000.0,39.0,Y,I,0.065755,2.5,4.1669,2.5,HL,1.0,6.0
22803,302.6458,4.095525,227500000.0,39.01,Y,II,3.241846,2.0,7.337330000000001,3.0,CC',2.0,7.0
22830,302.7655,4.093907,290200000.0,39.01,Y,II,3.411635,1.0,7.5055,2.0,GUES,2.0,5.0
22874,303.0099,4.090604,103700000.0,39.01,Y,II,4.002632,2.0,8.093195,3.0,GUES,2.0,7.0
23031,303.6579,4.081875,517600000.0,39.01,Y,II,3.562067,2.0,7.643901,3.0,CC',2.0,7.0
23245,304.5363,4.070101999999999,10680000.0,39.0,Y,I,0.065755,2.5,4.135816,2.5,HL,1.0,6.0
23369,305.0314,4.063496,716400000.0,39.01,Y,II,3.5453620000000003,1.0,7.608817,0.0,GUES,2.0,1.0
23424,305.3223,4.059623,226700000.0,39.01,Y,II,3.5453620000000003,1.0,7.604944000000001,2.0,GUES,2.0,5.0
23442,305.3951,4.058657,191500.0,39.0,Y,I,0.065755,2.5,4.124371,1.5,HL,1.0,4.0
23803,306.9124,4.038593,235900000.0,39.01,Y,II,3.241846,2.0,7.280398,1.0,GUES,2.0,3.0
23993,307.6996,4.028261,234700000.0,39.01,Y,II,3.375722,2.0,7.403942,1.0,GUES,2.0,3.0
24040,307.857,4.026201,140700000.0,39.01,Y,II,3.982874,1.0,8.009035,2.0,GUES,2.0,5.0
24121,308.1883,4.0218739999999995,158900000.0,39.01,Y,II,3.622068,3.0,7.643901,3.0,GUES,2.0,7.0
24228,308.6854,4.015397,512600000.0,39.01,Y,II,3.241846,2.0,7.257203,3.0,CC',2.0,7.0
24403,309.3753,4.006443,1132000000.0,39.01,Y,II,4.002632,2.0,8.009035,2.0,CC',2.0,5.0
24461,309.5879,4.003693,1251000.0,39.01,Y,II,0.129574,2.0,4.1332260000000005,3.0,CC,2.0,7.0
24673,310.4676,3.9923480000000002,729000000.0,39.01,Y,II,3.411635,1.0,7.403942,1.0,GUES,2.0,3.0
24790,310.9174,3.9865720000000002,43610000.0,39.01,Y,II,3.411635,1.0,7.398167,2.0,GUES,2.0,5.0
24821,311.0516,3.9848519999999996,229700000.0,39.01,Y,II,3.982874,1.0,7.9676860000000005,1.0,GUES,2.0,3.0
24867,311.1796,3.9832129999999997,146800000.0,39.0,Y,I,1.305451,0.5,5.2886239999999995,0.5,CB,1.0,2.0
24871,311.203,3.982914,1320000.0,39.01,Y,II,0.0,0.0,3.982874,1.0,HL,2.0,3.0
24918,311.4281,3.980036,98190000.0,39.01,Y,II,3.375722,2.0,7.3557179999999995,3.0,GUES,2.0,7.0
25196,312.6017,3.965094,227400000.0,39.01,Y,II,4.002632,2.0,7.9676860000000005,1.0,GUES,2.0,3.0
25261,312.8737,3.961647,628100000.0,39.01,Y,II,3.375722,2.0,7.337330000000001,3.0,CC',2.0,7.0
25291,312.9934,3.9601319999999998,722000000.0,39.01,Y,II,3.4135720000000003,3.0,7.373664,4.0,CC',2.0,9.0
25416,313.5175,3.9535129999999996,1277000.0,39.01,Y,II,0.179753,3.0,4.1332260000000005,3.0,CC,2.0,7.0
25650,314.4184,3.942185,96330000.0,39.01,Y,II,3.4135720000000003,3.0,7.3557179999999995,3.0,GUES,2.0,7.0
25900,315.5648,3.927864,267600.0,39.0,Y,I,0.0,1.5,3.927825,2.5,HL,1.0,6.0
26315,317.2835,3.9065879999999997,997500.0,39.0,Y,I,0.0,1.5,3.9065489999999996,1.5,HL,1.0,4.0
26463,317.9419,3.8984980000000005,3983000.0,39.01,Y,II,0.104173,1.0,4.002632,2.0,HL,2.0,5.0
26540,318.2243,3.895039,131700000.0,39.01,Y,II,3.4135720000000003,3.0,7.308572,2.0,GUES,2.0,5.0
26640,318.5942,3.8905160000000003,124300.0,39.0,Y,I,0.065755,2.5,3.956232,3.5,HL,1.0,8.0
26775,319.1302,3.883982,136100000.0,39.0,Y,I,1.4084299999999998,1.5,5.292373,1.5,CB,1.0,4.0
26830,319.3327,3.8815190000000004,93390000.0,39.01,Y,II,3.375722,2.0,7.257203,3.0,GUES,2.0,7.0
26878,319.5616,3.87874,82730000.0,39.01,Y,II,0.104173,1.0,3.982874,1.0,HL,2.0,3.0
26978,320.0272,3.873097,48360000.0,39.01,Y,II,0.129574,2.0,4.002632,2.0,HL,2.0,5.0
27042,320.3322,3.869408,277100000.0,39.01,Y,II,0.104173,1.0,3.973543,0.0,HL,2.0,1.0
27054,320.3825,3.8688019999999996,684600000.0,39.01,Y,II,3.411635,1.0,7.280398,1.0,GUES,2.0,3.0
27173,320.9377,3.862108,297100.0,39.0,Y,I,0.065755,2.5,3.927825,2.5,HL,1.0,6.0
27243,321.2279,3.858619,215300000.0,39.01,Y,II,3.5453620000000003,1.0,7.403942,1.0,GUES,2.0,3.0
27341,321.6682,3.853339,205100000.0,39.01,Y,II,0.129574,2.0,3.982874,1.0,HL,2.0,3.0
27493,322.5031,3.8433629999999996,91560000.0,39.01,Y,II,3.055854,2.0,6.899178999999999,3.0,GUES,2.0,7.0
27652,323.1105,3.8361389999999997,40380000.0,39.01,Y,II,3.562067,2.0,7.398167,2.0,GUES,2.0,5.0
27666,323.1789,3.8353260000000002,28830000.0,39.01,Y,II,3.52043,4.0,7.3557179999999995,3.0,GUES,2.0,7.0
27922,324.228,3.822917,205700000.0,39.01,Y,II,0.179753,3.0,4.002632,2.0,HL,2.0,5.0
28795,328.091,3.777907,231600000.0,39.01,Y,II,1.7479369999999999,2.0,5.525807,1.0,CC',2.0,3.0
28820,328.2447,3.7761379999999996,123700000.0,39.01,Y,II,3.622068,3.0,7.398167,2.0,GUES,2.0,5.0
28845,328.3175,3.7753010000000002,88350000.0,39.01,Y,II,3.562067,2.0,7.337330000000001,3.0,GUES,2.0,7.0
28931,328.6629,3.7713330000000003,65050000.0,39.01,Y,II,3.562067,2.0,7.333361999999999,1.0,GUES,2.0,3.0
29089,329.369,3.7632480000000004,775400000.0,39.01,Y,II,3.5453620000000003,1.0,7.308572,2.0,GUES,2.0,5.0
29440,330.8377,3.746543,254500000.0,39.01,Y,II,3.562067,2.0,7.308572,2.0,CC',2.0,5.0
29719,331.8536,3.735074,201800000.0,39.01,Y,II,3.5453620000000003,1.0,7.280398,1.0,GUES,2.0,3.0
29753,331.9768,3.733688,86410000.0,39.01,Y,II,3.622068,3.0,7.3557179999999995,3.0,GUES,2.0,7.0
29979,332.7878,3.724589,116000000.0,39.01,Y,II,0.408675,2.0,4.1332260000000005,3.0,CC,2.0,7.0
30049,333.0876,3.7212370000000004,66760000.0,39.01,Y,II,4.1332260000000005,3.0,7.854425999999999,4.0,GUES,2.0,9.0
30120,333.3446,3.718368,63240000.0,39.01,Y,II,3.562067,2.0,7.280398,1.0,GUES,2.0,3.0
30193,333.62,3.715299,85560000.0,39.01,Y,II,3.622068,3.0,7.337330000000001,3.0,GUES,2.0,7.0
30299,334.0377,3.71065,278100000.0,39.0,Y,I,1.9919380000000002,2.5,5.702551000000001,1.5,CB,1.0,4.0
30820,336.1986,3.686804,115800000.0,39.01,Y,II,1.8390389999999999,2.0,5.525807,1.0,CC',2.0,3.0
31287,337.9891,3.667274,36910000.0,39.01,Y,II,3.241846,2.0,6.909082000000001,2.0,GUES,2.0,5.0
31512,338.8583,3.657867,317500000.0,39.0,Y,I,1.890239,2.5,5.548069,1.5,CB,1.0,4.0
31744,339.7031,3.648771,111800000.0,39.0,Y,I,2.012807,4.5,5.661541000000001,3.5,CB,1.0,8.0
32093,341.2464,3.6322699999999997,228900000.0,39.0,Y,I,1.948104,3.5,5.580337999999999,2.5,CB,1.0,6.0
32973,344.8808,3.593993,4070000.0,39.01,Y,II,0.408675,2.0,4.002632,2.0,HL,2.0,5.0
33015,345.094,3.5917730000000003,149600000.0,39.0,Y,I,2.012807,4.5,5.604544000000001,3.5,CB,1.0,8.0
33276,346.1004,3.581329,35200000.0,39.01,Y,II,3.241846,2.0,6.823138,2.0,GUES,2.0,5.0
33448,346.7873,3.574235,2671000.0,39.01,Y,II,0.408675,2.0,3.982874,1.0,HL,2.0,3.0
33511,347.0166,3.5718730000000005,18450000.0,39.01,Y,II,3.241846,2.0,6.813683,1.0,GUES,2.0,3.0
33840,348.4047,3.557643,1207000.0,39.0,Y,I,0.0,1.5,3.557608,2.5,HL,1.0,6.0
33880,348.5722,3.5559339999999997,865400000.0,39.0,Y,I,1.305451,0.5,4.861349,1.5,CB,1.0,4.0
34089,349.6081,3.545397,34640000.0,39.01,Y,II,0.0,0.0,3.5453620000000003,1.0,HL,2.0,3.0
34366,350.7957,3.5333959999999998,108300000.0,39.01,Y,II,3.375722,2.0,6.909082000000001,2.0,GUES,2.0,5.0
34671,352.1533,3.519774,132500000.0,39.0,Y,I,1.8534389999999998,1.5,5.373178,2.5,CB,1.0,6.0
35149,354.3978,3.4974830000000003,33570000.0,39.01,Y,II,3.411635,1.0,6.909082000000001,2.0,GUES,2.0,5.0
35199,354.5943,3.495545,335300000.0,39.01,Y,II,3.4135720000000003,3.0,6.909082000000001,2.0,GUES,2.0,5.0
35280,354.9005,3.492529,39680000.0,39.01,Y,II,0.129574,2.0,3.622068,3.0,HL,2.0,7.0
35297,354.9657,3.491887,101200.0,39.0,Y,I,0.065755,2.5,3.557608,2.5,HL,1.0,6.0
35345,355.1789,3.489792,316900000.0,39.0,Y,I,1.8534389999999998,1.5,5.343196,1.5,CB,1.0,4.0
35366,355.269,3.4889059999999996,22950000.0,39.0,Y,I,0.0,1.5,3.488871,1.5,HL,1.0,4.0
35525,355.8741,3.482974,297300000.0,39.0,Y,I,1.890239,2.5,5.373178,2.5,CB,1.0,6.0
35869,357.1431,3.470599,266100000.0,39.0,Y,I,1.948104,3.5,5.418669,3.5,CB,1.0,8.0
35990,357.6051,3.4661150000000003,352400000.0,39.0,Y,I,2.012807,4.5,5.478887,4.5,CB,1.0,10.0
36175,358.4518,3.457928,40370000.0,39.01,Y,II,0.104173,1.0,3.562067,2.0,HL,2.0,5.0
36316,358.9643,3.4529919999999996,246400000.0,39.0,Y,I,1.890239,2.5,5.343196,1.5,CB,1.0,4.0
36397,359.2911,3.4498510000000002,241000000.0,39.0,Y,I,0.0,1.5,3.449817,0.5,CP',1.0,2.0
36580,360.0741,3.4423489999999997,140000000.0,39.01,Y,II,0.179753,3.0,3.622068,3.0,HL,2.0,7.0
36608,360.1919,3.4412230000000004,113200000.0,39.01,Y,II,0.104173,1.0,3.5453620000000003,1.0,HL,2.0,3.0
36846,361.1044,3.432527,131700000.0,39.01,Y,II,0.129574,2.0,3.562067,2.0,HL,2.0,5.0
37112,362.0936,3.42315,234000000.0,39.0,Y,I,0.065755,2.5,3.488871,1.5,HL,1.0,4.0
37296,362.8705,3.415822,32900000.0,39.01,Y,II,0.129574,2.0,3.5453620000000003,1.0,HL,2.0,3.0
37394,363.3122,3.4116690000000003,133700000.0,39.01,Y,II,0.0,0.0,3.411635,1.0,HL,2.0,3.0
37457,363.5324,3.4096,100900000.0,39.01,Y,II,3.4135720000000003,3.0,6.823138,2.0,GUES,2.0,5.0
38170,366.4619,3.382347,36890000.0,39.01,Y,II,0.179753,3.0,3.562067,2.0,HL,2.0,5.0
38249,366.8485,3.378782,251100000.0,39.01,Y,II,3.52043,4.0,6.899178999999999,3.0,CC',2.0,7.0
38793,369.2523,3.356788,213400000.0,39.0,Y,I,2.1221330000000003,3.5,5.478887,4.5,CB,1.0,10.0
38896,369.6562,3.3531199999999997,69690000.0,39.01,Y,II,4.002632,2.0,7.3557179999999995,3.0,GUES,2.0,7.0
39231,371.0294,3.34071,155200000.0,39.01,Y,II,0.179753,3.0,3.52043,4.0,HL,2.0,9.0
39407,371.6947,3.3347309999999997,30520000.0,39.01,Y,II,4.002632,2.0,7.337330000000001,2.0,GUES,2.0,5.0
39434,371.8092,3.333704,81310000.0,39.0,Y,I,2.084998,2.5,5.418669,3.5,CB,1.0,8.0
39656,372.7005,3.325732,95980000.0,39.01,Y,II,3.982874,1.0,7.308572,2.0,GUES,2.0,5.0
39953,373.8611,3.315407,97790000.0,39.0,Y,I,2.057803,1.5,5.373178,2.5,CB,1.0,6.0
40166,374.7556,3.307495,19470000.0,39.01,Y,II,0.104173,1.0,3.411635,1.0,HL,2.0,3.0
40218,374.928,3.3059730000000003,94840000.0,39.01,Y,II,4.002632,2.0,7.308572,2.0,GUES,2.0,5.0
40226,374.989,3.3054360000000003,118500000.0,39.0,Y,I,2.037793,0.5,5.343196,1.5,CB,1.0,4.0
40851,377.4331,3.2840309999999997,108400000.0,39.01,Y,II,0.129574,2.0,3.4135720000000003,3.0,HL,2.0,7.0
40902,377.6559,3.2820940000000003,24130000.0,39.01,Y,II,0.129574,2.0,3.411635,1.0,HL,2.0,3.0
41024,378.2264,3.2771440000000003,304300000.0,39.01,Y,II,3.622068,3.0,6.899178999999999,3.0,CC',2.0,7.0
41176,378.8694,3.271582,79060000.0,39.01,Y,II,0.104173,1.0,3.375722,2.0,HL,2.0,5.0
41268,379.2436,3.268354,154500000.0,39.01,Y,II,3.5453620000000003,1.0,6.813683,1.0,GUES,2.0,3.0
41481,380.0862,3.261104,92290000.0,39.01,Y,II,3.562067,2.0,6.823138,2.0,GUES,2.0,5.0
41922,381.8341,3.246181,9575000.0,39.01,Y,II,0.129574,2.0,3.375722,2.0,HL,2.0,5.0
42079,382.4589,3.240878,240800000.0,39.01,Y,II,3.982874,1.0,7.22372,1.0,GUES,2.0,3.0
42293,383.2899,3.233851,29630000.0,39.01,Y,II,0.179753,3.0,3.4135720000000003,3.0,HL,2.0,7.0
42616,384.6373,3.222524,6437000.0,39.01,Y,II,4.1332260000000005,3.0,7.3557179999999995,3.0,GUES,2.0,7.0
42658,384.8049,3.22112,474500000.0,39.01,Y,II,4.002632,2.0,7.22372,1.0,GUES,2.0,3.0
43374,387.8294,3.196001,2868000.0,39.01,Y,II,0.179753,3.0,3.375722,2.0,HL,2.0,5.0
43601,388.7765,3.188215,7522000.0,39.0,Y,I,1.4084299999999998,1.5,4.596614,2.5,CB,1.0,6.0
44374,391.8168,3.163477,16060000.0,39.0,Y,I,1.356064,1.5,4.519508999999999,1.5,CB,1.0,4.0
44710,393.066,3.1534240000000002,2118000.0,39.01,Y,II,0.408675,2.0,3.562067,2.0,HL,2.0,5.0
45202,395.0352,3.1377040000000003,27650000.0,39.01,Y,II,0.104173,1.0,3.241846,2.0,HL,2.0,5.0
45229,395.1593,3.136718,1490000.0,39.01,Y,II,0.408675,2.0,3.5453620000000003,1.0,HL,2.0,3.0
45601,396.7672,3.1240080000000003,95880000.0,39.01,Y,II,4.1332260000000005,3.0,7.257203,3.0,GUES,2.0,7.0
45953,398.2594,3.112303,27200000.0,39.01,Y,II,0.129574,2.0,3.241846,2.0,HL,2.0,5.0
46056,398.748,3.10849,8597000.0,39.0,Y,I,1.4084299999999998,1.5,4.516889,2.5,CB,1.0,6.0
47190,403.9822,3.0682150000000004,11300000.0,39.0,Y,I,0.0,1.5,3.068184,2.5,HL,1.0,6.0
47358,404.7628,3.0622979999999997,75590000.0,39.0,Y,I,0.0,1.5,3.062267,0.5,CP',1.0,2.0
47982,407.736,3.039968,110900000.0,39.0,Y,I,0.0,1.5,3.0399380000000003,2.5,HL,1.0,6.0
48103,408.3367,3.0354959999999997,95230000.0,39.0,Y,I,2.295245,3.5,5.330711,3.5,CB,1.0,8.0
48118,408.3703,3.035246,25100000.0,39.0,Y,I,0.0,1.5,3.035216,1.5,HL,1.0,4.0
48520,410.2369,3.021436,127300000.0,39.0,Y,I,0.065755,2.5,3.087161,3.5,HL,1.0,8.0
48598,410.6384,3.018482,81060000.0,39.0,Y,I,2.295245,3.5,5.313697,2.5,CB,1.0,6.0
48693,411.0804,3.015237,42450000.0,39.0,Y,I,1.890239,2.5,4.905444999999999,2.5,CB,1.0,6.0
48969,412.4907,3.004928,1770000.0,39.01,Y,II,0.408675,2.0,3.4135720000000003,3.0,HL,2.0,7.0
49039,412.8299,3.002459,156400000.0,39.0,Y,I,0.065755,2.5,3.068184,2.5,HL,1.0,6.0
49338,414.2836,2.991924,157500000.0,39.0,Y,I,0.0,1.5,2.991894,1.5,HL,1.0,4.0
49620,415.7624,2.9812819999999998,42960000.0,39.0,Y,I,1.948104,3.5,4.9293569999999995,3.5,CB,1.0,8.0
49811,416.7507,2.974212,23770000.0,39.0,Y,I,0.065755,2.5,3.0399380000000003,2.5,HL,1.0,6.0
49948,417.4134,2.96949,30250000.0,39.0,Y,I,0.065755,2.5,3.035216,1.5,HL,1.0,4.0
50017,417.7529,2.967077,52850000.0,39.01,Y,II,0.408675,2.0,3.375722,2.0,HL,2.0,5.0
50432,419.9277,2.951711,535300.0,39.01,Y,II,0.104173,1.0,3.055854,2.0,HL,2.0,5.0
50547,420.4695,2.947908,2184000.0,39.01,Y,II,0.0,0.0,2.9478779999999998,1.0,HL,2.0,3.0
50718,421.3017,2.942085,36440000.0,39.0,Y,I,2.012807,4.5,4.954862,3.5,CB,1.0,8.0
50735,421.3522,2.941732,17240000.0,39.0,Y,I,1.8534389999999998,1.5,4.795141,2.5,CB,1.0,6.0
50802,421.7798,2.938749,41850000.0,39.0,Y,I,1.305451,0.5,4.244171,1.5,CB',1.0,4.0
50860,422.0628,2.9367799999999997,118800000.0,39.0,Y,I,1.8534389999999998,1.5,4.790189,2.5,CB,1.0,6.0
51051,423.13,2.9293720000000003,1119000.0,39.0,Y,I,1.305451,0.5,4.234793,1.5,HL,1.0,4.0
51084,423.2542,2.928513,1939000.0,39.0,Y,I,1.890239,2.5,4.818722,3.5,HL,1.0,8.0
51153,423.5729,2.92631,2350000.0,39.01,Y,II,0.129574,2.0,3.055854,2.0,HL,2.0,5.0
51161,423.5934,2.926168,30060000.0,39.0,Y,I,0.065755,2.5,2.991894,1.5,HL,1.0,4.0
51457,425.1199,2.915661,98580000.0,39.0,Y,I,1.890239,2.5,4.80587,3.5,CB,1.0,8.0
51702,426.4628,2.9064799999999997,7331000.0,39.01,Y,II,4.002632,2.0,6.909082000000001,2.0,GUES,2.0,5.0
52003,427.921,2.896576,16450000.0,39.01,Y,II,4.002632,2.0,6.899178999999999,3.0,GUES,2.0,7.0
52481,430.229,2.881037,101500000.0,39.0,Y,I,1.948104,3.5,4.8291129999999995,4.5,CB,1.0,10.0
52633,430.9631,2.87613,12770000.0,39.01,Y,II,0.179753,3.0,3.055854,2.0,HL,2.0,5.0
52760,431.6302,2.871684,6847000.0,39.0,Y,I,1.4084299999999998,1.5,4.280086,2.5,CB,1.0,6.0
52781,431.7862,2.870647,1586000.0,39.0,Y,I,1.948104,3.5,4.818722,3.5,HL,1.0,8.0
53047,433.0772,2.8620900000000002,48950000.0,39.0,Y,I,1.305451,0.5,4.167512,0.5,CB',1.0,2.0
53156,433.7282,2.8577939999999997,10150000.0,39.0,Y,I,1.948104,3.5,4.80587,3.5,CB,1.0,8.0
53299,434.4637,2.8529560000000003,49650000.0,39.0,Y,I,2.037793,0.5,4.890721,1.5,CB,1.0,4.0
53370,434.8783,2.850237,114300000.0,39.0,Y,I,2.012807,4.5,4.863015,5.5,CB,1.0,12.0
53434,435.2319,2.847921,7556000.0,39.0,Y,I,1.398285,3.5,4.246176999999999,2.5,CB,1.0,6.0
53435,435.24,2.847868,667400.0,39.0,Y,I,1.356064,1.5,4.2039029999999995,1.5,HL,1.0,4.0
53441,435.2702,2.84767,33750000.0,39.0,Y,I,2.057803,1.5,4.905444999999999,2.5,CB,1.0,6.0
53523,435.7726,2.8443869999999998,53980000.0,39.0,Y,I,2.084998,2.5,4.9293569999999995,3.5,CB,1.0,8.0
53545,435.8728,2.843734,5598000.0,39.01,Y,II,0.104173,1.0,2.9478779999999998,1.0,HL,2.0,3.0
53647,436.4008,2.840293,22140000.0,39.01,Y,II,3.982874,1.0,6.823138,2.0,GUES,2.0,5.0
53680,436.6026,2.83898,13980000.0,39.0,Y,I,1.4084299999999998,1.5,4.247382,2.5,HL,1.0,6.0
53854,437.4935,2.833199,100700000.0,39.01,Y,II,0.408675,2.0,3.241846,2.0,HL,2.0,5.0
53872,437.5617,2.832758,72230000.0,39.0,Y,I,2.1221330000000003,3.5,4.954862,3.5,CB,1.0,8.0
53931,437.9327,2.8303580000000004,77450000.0,39.0,Y,I,1.373573,2.5,4.2039029999999995,1.5,HL,1.0,4.0
54046,438.5473,2.826391,6883000.0,39.0,Y,I,1.4084299999999998,1.5,4.234793,1.5,HL,1.0,4.0
54208,439.4008,2.8209009999999997,1928000.0,39.0,Y,I,1.398285,3.5,4.219158,3.5,HL,1.0,8.0
54217,439.4671,2.8204759999999998,16980000.0,39.0,Y,I,2.084998,2.5,4.905444999999999,2.5,CB,1.0,6.0
54277,439.8013,2.818333,11490000.0,39.01,Y,II,0.129574,2.0,2.9478779999999998,1.0,HL,2.0,3.0
54486,440.9698,2.810864,273500.0,39.0,Y,I,1.356064,1.5,4.1669,2.5,HL,1.0,6.0
54621,441.7431,2.8059439999999998,3239000.0,39.0,Y,I,2.012807,4.5,4.818722,3.5,HL,1.0,8.0
54716,442.2591,2.80267,18300000.0,39.01,Y,II,0.104173,0.0,2.906815,0.0,HL,2.0,1.0
54993,443.734,2.793355,8541000.0,39.0,Y,I,1.373573,2.5,4.1669,2.5,HL,1.0,6.0
55100,444.365,2.789388,10600000.0,39.0,Y,I,1.429798,4.5,4.219158,3.5,HL,1.0,8.0
55164,444.6624,2.787522,27910000.0,39.0,Y,I,1.4084299999999998,1.5,4.195925,1.5,CB',1.0,4.0
55375,445.9008,2.7797810000000003,1767000.0,39.0,Y,I,1.356064,1.5,4.135816,2.5,HL,1.0,6.0
55492,446.5268,2.775884,66870000.0,39.01,Y,II,4.1332260000000005,3.0,6.909082000000001,2.0,GUES,2.0,5.0
55664,447.5718,2.769403,19010000.0,39.0,Y,I,1.398285,3.5,4.16766,3.5,CB',1.0,8.0
55679,447.6947,2.768642,27780000.0,39.0,Y,I,1.398285,3.5,4.1669,2.5,HL,1.0,6.0
55687,447.7444,2.768335,31610000.0,39.0,Y,I,1.356064,1.5,4.124371,1.5,HL,1.0,4.0
55843,448.7274,2.7622709999999997,20030000.0,39.0,Y,I,1.373573,2.5,4.135816,2.5,HL,1.0,6.0
55846,448.7463,2.762154,151000000.0,39.0,Y,I,1.356064,1.5,4.11819,0.5,HL,1.0,2.0
55931,449.1737,2.759527,2286000.0,39.0,Y,I,1.429798,4.5,4.189297,4.5,HL,1.0,10.0
55944,449.2416,2.759109,10420000.0,39.0,Y,I,1.4084299999999998,1.5,4.167512,0.5,CB',1.0,2.0
56140,450.5944,2.750826,108200000.0,39.0,Y,I,1.373573,2.5,4.124371,1.5,HL,1.0,4.0
56260,451.3574,2.7461759999999997,16850000.0,39.0,Y,I,1.9002740000000002,2.5,4.646422,2.5,HL,1.0,6.0
56267,451.4007,2.7459130000000003,33620000.0,39.0,Y,I,1.900537,1.5,4.646422,2.5,HL,1.0,6.0
56388,452.2027,2.741043,26370000.0,39.0,Y,I,2.037793,0.5,4.778808000000001,1.5,CB,1.0,4.0
56477,452.7234,2.73789,141000000.0,39.0,Y,I,1.429798,4.5,4.16766,3.5,CB',1.0,8.0
56487,452.7781,2.737559,82030000.0,39.0,Y,I,1.398285,3.5,4.135816,2.5,HL,1.0,6.0
56578,453.4086,2.733752,4343000.0,39.0,Y,I,2.084998,2.5,4.818722,3.5,HL,1.0,8.0
56738,454.4307,2.727604,40810000.0,39.0,Y,I,1.9188459999999998,2.5,4.646422,2.5,HL,1.0,6.0
56989,455.9369,2.718593,40180000.0,39.0,Y,I,1.887246,0.5,4.605812,1.5,HL,1.0,4.0
57207,457.3538,2.710171,27880000.0,39.0,Y,I,2.084998,2.5,4.795141,2.5,CB,1.0,6.0
57329,458.1324,2.705565,15130000.0,39.0,Y,I,1.9002740000000002,2.5,4.605812,1.5,HL,1.0,4.0
57342,458.177,2.705302,9115000.0,39.0,Y,I,1.900537,1.5,4.605812,1.5,HL,1.0,4.0
57537,459.6527,2.696617,18880000.0,39.0,Y,I,2.1221330000000003,3.5,4.818722,3.5,HL,1.0,8.0
57663,460.4793,2.691776,99180000.0,39.0,Y,I,1.900537,1.5,4.592286,0.5,CB',1.0,2.0
57714,460.7938,2.689939,62790000.0,39.01,Y,II,4.1332260000000005,3.0,6.823138,2.0,GUES,2.0,5.0
57789,461.299,2.686993,17940000.0,39.0,Y,I,1.9188459999999998,2.5,4.605812,1.5,HL,1.0,4.0
58179,464.3688,2.6692299999999998,18280000.0,39.0,Y,I,0.0,1.5,2.669204,2.5,HL,1.0,6.0
58291,465.3784,2.66344,15490000.0,39.0,Y,I,1.983009,1.5,4.646422,2.5,HL,1.0,6.0
58355,465.8319,2.660847,60860000.0,39.0,Y,I,2.003444,2.5,4.664264,3.5,CB',1.0,8.0
58473,466.7473,2.655626,193100000.0,39.0,Y,I,1.983009,0.0,4.6386080000000005,0.0,CB',1.0,1.0
58567,467.4849,2.651439,13220000.0,39.0,Y,I,0.065755,2.5,2.717167,3.5,HL,1.0,8.0
58601,467.8356,2.649451,39400000.0,39.0,Y,I,2.374047,2.5,5.023471,2.5,CB,1.0,6.0
58657,468.2324,2.647206,1879000.0,39.01,Y,II,0.408675,2.0,3.055854,2.0,HL,2.0,5.0
58759,468.9767,2.643005,34150000.0,39.0,Y,I,2.003444,2.5,4.646422,2.5,HL,1.0,6.0
58841,469.6799,2.639047,71140000.0,39.0,Y,I,1.983009,1.5,4.6220300000000005,2.5,CB',1.0,6.0
58990,470.8858,2.632289,11380000.0,39.0,Y,I,1.887246,0.5,4.519508999999999,1.5,CB,1.0,4.0
59229,472.5842,2.6228290000000003,14550000.0,39.0,Y,I,1.983009,1.5,4.605812,1.5,HL,1.0,4.0
59268,472.8516,2.621346,69730000.0,39.0,Y,I,1.305451,0.5,3.92677,0.5,CB',1.0,2.0
59328,473.228,2.619261,34810000.0,39.0,Y,I,1.9002740000000002,2.5,4.519508999999999,1.5,CB',1.0,4.0
59454,474.1401,2.614223,58890000.0,39.0,Y,I,2.003444,2.5,4.61764,1.5,CB',1.0,4.0
59613,475.2787,2.60796,44350000.0,39.0,Y,I,1.9002740000000002,2.5,4.508207,3.5,CB',1.0,8.0
59722,476.0975,2.603475,3470000.0,39.0,Y,I,0.065755,2.5,2.669204,2.5,HL,1.0,6.0
59749,476.2952,2.602394,4227000.0,39.0,Y,I,2.003444,2.5,4.605812,1.5,HL,1.0,4.0
59947,478.0172,2.59302,8973000.0,39.0,Y,I,1.887246,0.5,4.480239,1.5,HL,1.0,4.0
59957,478.1025,2.592557,10110000.0,39.0,Y,I,1.398285,3.5,3.990816,4.5,HL,1.0,10.0
60019,478.658,2.5895479999999997,2132000.0,39.01,Y,II,1.032545,3.0,3.622068,3.0,HL,2.0,7.0
60027,478.6876,2.589388,47940000.0,39.0,Y,I,1.9188459999999998,2.5,4.508207,3.5,CB',1.0,8.0
60175,479.93,2.5826849999999997,15790000.0,39.0,Y,I,1.373573,2.5,3.956232,3.5,HL,1.0,8.0
60234,480.431,2.579991,26220000.0,39.0,Y,I,1.9002740000000002,2.5,4.480239,1.5,HL,1.0,4.0
60243,480.4801,2.579728,38770000.0,39.0,Y,I,1.900537,1.5,4.480239,1.5,HL,1.0,4.0
60440,481.9637,2.571787,15840000.0,39.0,Y,I,1.356064,1.5,3.927825,2.5,HL,1.0,6.0
60465,482.1625,2.570727,9985000.0,39.0,Y,I,1.9002740000000002,2.5,4.470975,2.5,HL,1.0,6.0
60469,482.2119,2.570463,50030000.0,39.0,Y,I,1.900537,1.5,4.470975,2.5,HL,1.0,6.0
60487,482.3304,2.569832,4449000.0,39.01,Y,II,0.9922610000000001,2.0,3.562067,2.0,HL,2.0,5.0
60681,483.9145,2.561419,24680000.0,39.0,Y,I,1.9188459999999998,2.5,4.480239,1.5,HL,1.0,4.0
60697,483.9855,2.561044,85940000.0,39.0,Y,I,1.429798,4.5,3.990816,4.5,HL,1.0,10.0
60786,484.5666,2.557973,67620000.0,39.0,Y,I,1.398285,3.5,3.956232,3.5,HL,1.0,8.0
60886,485.2677,2.554277,62200000.0,39.0,Y,I,1.373573,2.5,3.927825,2.5,HL,1.0,6.0
60898,485.4252,2.553448,66010000.0,39.0,Y,I,1.887246,0.5,4.440668,1.5,CB',1.0,4.0
60904,485.4863,2.553127,39300000.0,39.01,Y,II,0.9922610000000001,2.0,3.5453620000000003,1.0,HL,2.0,3.0
60927,485.6713,2.552155,20090000.0,39.0,Y,I,1.9188459999999998,2.5,4.470975,2.5,HL,1.0,6.0
60973,485.9843,2.550511,72210000.0,39.0,Y,I,1.356064,1.5,3.9065489999999996,1.5,HL,1.0,4.0
61193,487.9652,2.5401569999999998,27860000.0,39.0,Y,I,1.900537,1.5,4.440668,1.5,CB',1.0,4.0
61215,488.1436,2.539229,151200.0,39.01,Y,II,0.408675,2.0,2.9478779999999998,1.0,HL,2.0,3.0
61244,488.3684,2.5380599999999998,46910000.0,39.01,Y,II,1.084033,4.0,3.622068,3.0,HL,2.0,7.0
61280,488.6308,2.536706,55580000.0,39.0,Y,I,1.8872419999999999,0.5,4.423922,0.5,CB',1.0,2.0
61287,488.6639,2.536525,22070000.0,39.0,Y,I,1.983009,1.5,4.519508999999999,1.5,CB',1.0,4.0
61388,489.3438,2.533001,22010000.0,39.0,Y,I,1.373573,2.5,3.9065489999999996,1.5,HL,1.0,4.0
61452,490.0084,2.5295650000000003,20200000.0,39.0,Y,I,1.398285,3.5,3.927825,2.5,HL,1.0,6.0
61453,490.012,2.529547,45130000.0,39.01,Y,II,1.032545,3.0,3.562067,2.0,HL,2.0,5.0
61535,490.6108,2.5264599999999997,12570000.0,39.0,Y,I,1.429798,4.5,3.956232,3.5,HL,1.0,8.0
61565,490.8991,2.5249759999999997,8012000.0,39.0,Y,I,1.9919380000000002,2.5,4.516889,2.5,CB',1.0,6.0
61716,492.1877,2.518365,54780000.0,39.0,Y,I,1.4084299999999998,1.5,3.92677,0.5,CB',1.0,2.0
61820,493.0934,2.5137389999999997,9908000.0,39.0,Y,I,2.001866,1.5,4.51558,1.5,CB',1.0,4.0
62039,495.0006,2.504055,1979000.0,39.0,Y,I,1.9669450000000002,3.5,4.470975,2.5,HL,1.0,6.0
62191,496.3483,2.497255,1381000.0,39.0,Y,I,1.983009,1.5,4.480239,1.5,HL,1.0,4.0
62363,497.7545,2.490201,23430000.0,39.0,Y,I,2.295245,3.5,4.7854209999999995,4.5,CB,1.0,10.0
62416,498.1966,2.487991,468700.0,39.0,Y,I,1.983009,1.5,4.470975,2.5,HL,1.0,6.0
62419,498.2129,2.487909,1530000.0,39.01,Y,II,1.032545,3.0,3.52043,4.0,HL,2.0,9.0
62666,500.4435,2.47682,1239000.0,39.0,Y,I,2.003444,2.5,4.480239,1.5,HL,1.0,4.0
62694,500.6964,2.4755700000000003,25210000.0,39.0,Y,I,2.295245,3.5,4.77079,3.5,CB,1.0,8.0
63405,507.0189,2.4447,13510000.0,39.0,Y,I,2.374047,2.5,4.818722,3.5,HL,1.0,8.0
63577,508.7416,2.4364209999999997,19350000.0,39.01,Y,II,1.084033,4.0,3.52043,4.0,HL,2.0,9.0
63588,508.8202,2.436045,10290000.0,39.0,Y,I,2.359121,1.5,4.795141,2.5,CB,1.0,6.0
63888,511.9112,2.421336,1586000.0,39.01,Y,II,0.9922610000000001,2.0,3.4135720000000003,3.0,HL,2.0,7.0
63932,512.3211,2.4193990000000003,12520000.0,39.01,Y,II,0.9922610000000001,2.0,3.411635,1.0,HL,2.0,3.0
64057,513.5199,2.413751,25330000.0,39.0,Y,I,2.2936229999999997,4.5,4.707349,5.5,CB,1.0,12.0
64719,519.6422,2.385313,4649000.0,39.01,Y,II,1.7479369999999999,2.0,4.1332260000000005,3.0,CC,2.0,7.0
64761,520.0406,2.383486,13270000.0,39.01,Y,II,0.9922610000000001,2.0,3.375722,2.0,HL,2.0,5.0
64812,520.5008,2.3813779999999998,829800.0,39.0,Y,I,1.8534389999999998,1.5,4.234793,1.5,HL,1.0,4.0
64823,520.5724,2.381051,16060000.0,39.01,Y,II,1.032545,3.0,3.4135720000000003,3.0,HL,2.0,7.0
65188,524.08,2.3651150000000003,27870000.0,39.0,Y,I,2.295245,3.5,4.660336,4.5,CB,1.0,10.0
65381,525.8471,2.357167,291100.0,39.0,Y,I,1.890239,2.5,4.247382,2.5,HL,1.0,6.0
65531,527.1815,2.3512,1076000.0,39.0,Y,I,2.295245,3.5,4.646422,2.5,HL,1.0,6.0
65734,528.9815,2.3432,673000.0,39.01,Y,II,1.032545,3.0,3.375722,2.0,HL,2.0,5.0
66077,532.0782,2.3295630000000003,377400.0,39.01,Y,II,1.084033,4.0,3.4135720000000003,3.0,HL,2.0,7.0
66710,538.0629,2.303652,33130000.0,39.0,Y,I,1.9002740000000002,2.5,4.2039029999999995,1.5,HL,1.0,4.0
66714,538.1245,2.303389,1000000.0,39.0,Y,I,1.900537,1.5,4.2039029999999995,1.5,HL,1.0,4.0
66789,538.8388,2.300335,1117000.0,39.0,Y,I,1.9188459999999998,2.5,4.219158,3.5,HL,1.0,8.0
66821,539.0812,2.299301,2900000.0,39.0,Y,I,1.948104,3.5,4.247382,2.5,HL,1.0,6.0
66943,540.2774,2.2942099999999996,10080000.0,39.01,Y,II,1.8390389999999999,2.0,4.1332260000000005,3.0,CC,2.0,7.0
67072,541.7034,2.2881709999999997,4767000.0,39.0,Y,I,1.9919380000000002,2.5,4.280086,2.5,CB',1.0,6.0
67159,542.4361,2.28508,34130000.0,39.0,Y,I,1.9188459999999998,2.5,4.2039029999999995,1.5,HL,1.0,4.0
67299,543.8224,2.279255,65290000.0,39.0,Y,I,1.9669450000000002,3.5,4.246176999999999,2.5,CB',1.0,6.0
67551,546.6243,2.267572,10390000.0,39.0,Y,I,1.8534389999999998,1.5,4.120988,1.5,HL,1.0,4.0
67554,546.6464,2.26748,62990000.0,39.0,Y,I,1.429798,4.5,3.697255,5.5,HL,1.0,12.0
67577,546.847,2.266649,38020000.0,39.0,Y,I,1.9002740000000002,2.5,4.1669,2.5,HL,1.0,6.0
67583,546.9105,2.2663849999999996,354700.0,39.0,Y,I,1.900537,1.5,4.1669,2.5,HL,1.0,6.0
67628,547.3388,2.264612,4250000.0,39.01,Y,II,1.738043,1.0,4.002632,2.0,HL,2.0,5.0
67716,548.0732,2.261578,7570000.0,39.01,Y,II,1.7213189999999998,0.0,3.982874,1.0,HL,2.0,3.0
67838,549.3149,2.256465,34930000.0,39.0,Y,I,1.8534389999999998,1.5,4.109882,0.5,HL,1.0,2.0
67866,549.5581,2.255467,13360000.0,39.0,Y,I,1.9919380000000002,2.5,4.247382,2.5,HL,1.0,6.0
67879,549.7408,2.254717,11600000.0,39.01,Y,II,1.7479369999999999,2.0,4.002632,2.0,HL,2.0,5.0
67946,550.3466,2.2522349999999998,64490000.0,39.0,Y,I,1.9669450000000002,3.5,4.219158,3.5,HL,1.0,8.0
68009,550.9895,2.2496080000000003,4292000.0,39.01,Y,II,0.9922610000000001,2.0,3.241846,2.0,HL,2.0,5.0
68047,551.3647,2.248077,24150000.0,39.0,Y,I,1.9188459999999998,2.5,4.1669,2.5,HL,1.0,6.0
68107,551.9879,2.245539,1180000.0,39.0,Y,I,2.001866,1.5,4.247382,2.5,HL,1.0,6.0
68128,552.1695,2.2448,24360000.0,39.0,Y,I,1.9002740000000002,2.5,4.1450510000000005,3.5,CB',1.0,8.0
68176,552.6427,2.2428779999999997,395300.0,39.0,Y,I,1.9919380000000002,2.5,4.234793,1.5,HL,1.0,4.0
68180,552.6729,2.242756,8143000.0,39.0,Y,I,2.003444,2.5,4.246176999999999,2.5,CB',1.0,6.0
68188,552.7547,2.242423,54800000.0,39.0,Y,I,1.398285,3.5,3.640686,4.5,HL,1.0,10.0
68227,553.2566,2.240389,1318000.0,39.0,Y,I,2.406055,1.5,4.646422,2.5,HL,1.0,6.0
68314,554.163,2.236725,5170000.0,39.0,Y,I,1.948104,3.5,4.184807,3.5,HL,1.0,8.0
68346,554.4505,2.2355650000000002,13120000.0,39.0,Y,I,1.9002740000000002,2.5,4.135816,2.5,HL,1.0,6.0
68348,554.4611,2.235522,17630000.0,39.01,Y,II,1.738043,1.0,3.973543,0.0,HL,2.0,1.0
68363,554.6009,2.234959,5739000.0,39.01,Y,II,1.7479369999999999,2.0,3.982874,1.0,HL,2.0,3.0
68415,555.0999,2.23295,6968000.0,39.0,Y,I,2.001866,1.5,4.234793,1.5,HL,1.0,4.0
68469,555.6418,2.230772,22500000.0,39.0,Y,I,1.890239,2.5,4.120988,1.5,HL,1.0,4.0
68579,556.776,2.226228,12290000.0,39.0,Y,I,1.9188459999999998,2.5,4.1450510000000005,3.5,CB',1.0,8.0
68627,557.3037,2.22412,1818000.0,39.0,Y,I,1.9002740000000002,2.5,4.124371,1.5,HL,1.0,4.0
68681,557.7415,2.2223740000000003,30980000.0,39.0,Y,I,1.9669450000000002,3.5,4.189297,4.5,HL,1.0,10.0
68710,558.1077,2.220916,11180000.0,39.0,Y,I,1.983009,1.5,4.2039029999999995,1.5,HL,1.0,4.0
68720,558.1869,2.220601,59870000.0,39.0,Y,I,1.373573,2.5,3.594151,3.5,CB',1.0,8.0
68822,559.0953,2.216993,5138000.0,39.0,Y,I,1.9188459999999998,2.5,4.135816,2.5,HL,1.0,6.0
68856,559.4124,2.215736,4958000.0,39.0,Y,I,2.003444,2.5,4.219158,3.5,HL,1.0,8.0
68963,560.6335,2.2109099999999997,5842000.0,39.0,Y,I,1.429798,4.5,3.640686,4.5,HL,1.0,10.0
69081,561.9966,2.205548,2006000.0,39.0,Y,I,1.9188459999999998,2.5,4.124371,1.5,HL,1.0,4.0
69132,562.389,2.204009,3325000.0,39.0,Y,I,1.9919380000000002,2.5,4.195925,1.5,CB',1.0,4.0
69186,563.013,2.201566,49510000.0,39.0,Y,I,1.356064,1.5,3.557608,2.5,HL,1.0,6.0
69202,563.2251,2.2007369999999997,5241000.0,39.0,Y,I,1.9669450000000002,3.5,4.16766,3.5,CB',1.0,8.0
69212,563.2907,2.200481,7592000.0,39.0,Y,I,2.003444,2.5,4.2039029999999995,1.5,HL,1.0,4.0
69222,563.4198,2.199977,220800.0,39.0,Y,I,1.9669450000000002,3.5,4.1669,2.5,HL,1.0,6.0
69309,564.1773,2.197023,1901000.0,39.0,Y,I,2.037793,0.5,4.234793,1.5,HL,1.0,4.0
69340,564.4687,2.1958889999999998,8270000.0,39.0,Y,I,1.398285,3.5,3.594151,3.5,CB',1.0,8.0
69380,564.8455,2.194424,24090000.0,39.0,Y,I,1.948104,3.5,4.142506,2.5,CB',1.0,6.0
69506,566.2925,2.188817,42920000.0,39.01,Y,II,1.944432,4.0,4.1332260000000005,3.0,CC,2.0,7.0
69617,567.5268,2.184056,9285000.0,39.0,Y,I,1.373573,2.5,3.557608,2.5,HL,1.0,6.0
69623,567.5641,2.183913,4243000.0,39.0,Y,I,1.983009,1.5,4.1669,2.5,HL,1.0,6.0
69780,569.3633,2.177012,11250000.0,39.0,Y,I,2.057803,1.5,4.234793,1.5,HL,1.0,4.0
69899,570.6713,2.172022,30760000.0,39.0,Y,I,2.012807,4.5,4.184807,3.5,HL,1.0,8.0
69983,571.4945,2.168893,2050000.0,39.0,Y,I,1.9669450000000002,3.5,4.135816,2.5,HL,1.0,6.0
70051,572.0617,2.166743,25580000.0,39.0,Y,I,2.037793,0.5,4.204514,0.5,CB',1.0,2.0
70111,572.889,2.163614,3082000.0,39.01,Y,II,1.8390389999999999,2.0,4.002632,2.0,HL,2.0,5.0
70114,572.9251,2.163477,2236000.0,39.0,Y,I,2.003444,2.5,4.1669,2.5,HL,1.0,6.0
70140,573.209,2.1624060000000003,7398000.0,39.0,Y,I,2.084998,2.5,4.247382,2.5,HL,1.0,6.0
70226,574.0217,2.159344,4054000.0,39.0,Y,I,1.398285,3.5,3.557608,2.5,HL,1.0,6.0
70266,574.3861,2.157975,30710000.0,39.0,Y,I,2.1221330000000003,3.5,4.280086,2.5,CB',1.0,6.0
70409,575.759,2.152829,767800.0,39.0,Y,I,1.983009,1.5,4.135816,2.5,HL,1.0,6.0
70498,576.5656,2.1498169999999996,36320000.0,39.0,Y,I,2.084998,2.5,4.234793,1.5,HL,1.0,4.0
70576,577.3942,2.146732,32350000.0,39.0,Y,I,2.057803,1.5,4.204514,0.5,CB',1.0,2.0
70652,578.1689,2.143856,8178000.0,39.01,Y,II,1.8390389999999999,2.0,3.982874,1.0,CC,2.0,3.0
70721,578.8363,2.141384,926200.0,39.0,Y,I,1.983009,1.5,4.124371,1.5,HL,1.0,4.0
71047,582.1837,2.1290709999999997,6482000.0,39.0,Y,I,1.9919380000000002,2.5,4.120988,1.5,HL,1.0,4.0
71142,583.2249,2.125271,4208000.0,39.0,Y,I,2.1221330000000003,3.5,4.247382,2.5,HL,1.0,6.0
71239,584.4134,2.120949,560300.0,39.0,Y,I,2.003444,2.5,4.124371,1.5,HL,1.0,4.0
71485,587.182,2.110948,2423000.0,39.0,Y,I,2.084998,2.5,4.195925,1.5,CB',1.0,4.0
71560,587.993,2.108037,8397000.0,39.0,Y,I,2.001866,1.5,4.109882,0.5,HL,1.0,2.0
71745,590.2911,2.09983,3969000.0,39.0,Y,I,2.084998,2.5,4.184807,3.5,HL,1.0,8.0
72082,594.5685,2.084724,6271000.0,39.0,Y,I,2.057803,1.5,4.142506,2.5,CB',1.0,6.0
72108,594.9987,2.083216,5660000.0,39.0,Y,I,2.037793,0.5,4.120988,1.5,HL,1.0,4.0
72342,598.1879,2.07211,14760000.0,39.0,Y,I,2.037793,0.5,4.109882,0.5,HL,1.0,2.0
72580,600.9184,2.062695,20100000.0,39.0,Y,I,2.1221330000000003,3.5,4.184807,3.5,HL,1.0,8.0
72702,602.3407,2.057824,438700.0,39.0,Y,I,0.0,1.5,2.057803,1.5,CB',1.0,4.0
73099,608.7941,2.0360110000000002,11040000.0,39.0,Y,I,2.084998,2.5,4.120988,1.5,HL,1.0,4.0
73441,613.4999,2.020394,17380000.0,39.0,Y,I,2.1221330000000003,3.5,4.142506,2.5,CB',1.0,6.0
73470,613.8435,2.019263,407000.0,39.0,Y,I,0.065755,2.5,2.084998,2.5,CB',1.0,6.0
73836,619.1718,2.0018860000000003,4658000.0,39.0,Y,I,0.0,1.5,2.001866,1.5,HL,1.0,4.0
74006,622.2578,1.9919580000000001,572500.0,39.0,Y,I,0.0,1.5,1.9919380000000002,2.5,HL,1.0,6.0
75082,640.2006,1.93613,268700.0,39.0,Y,I,0.065755,2.5,2.001866,1.5,HL,1.0,4.0
75294,643.5004,1.926202,4061000.0,39.0,Y,I,0.065755,2.5,1.9919380000000002,2.5,HL,1.0,6.0
75306,643.7169,1.925554,4824000.0,39.0,Y,I,2.2936229999999997,4.5,4.219158,3.5,HL,1.0,8.0
75355,644.3845,1.923559,3188000.0,39.0,Y,I,1.983009,1.5,3.9065489999999996,1.5,HL,1.0,4.0
75933,653.857,1.895693,14890000.0,39.0,Y,I,2.2936229999999997,4.5,4.189297,4.5,HL,1.0,10.0
76051,655.7371,1.8902580000000002,132500.0,39.0,Y,I,0.0,1.5,1.890239,2.5,CB',1.0,6.0
76186,657.6862,1.884656,18060000.0,39.0,Y,I,2.385159,0.5,4.2697959999999995,0.5,CB,1.0,2.0
76408,661.3733,1.874149,1690000.0,39.01,Y,II,1.7479369999999999,2.0,3.622068,3.0,HL,2.0,7.0
76470,662.2482,1.871673,440200.0,39.0,Y,I,2.295245,3.5,4.1669,2.5,HL,1.0,6.0
76568,663.6504,1.86772,36890000.0,39.0,Y,I,3.087161,3.5,4.954862,3.5,CB,1.0,8.0
76657,665.0602,1.863759,21240000.0,39.0,Y,I,2.406055,1.5,4.2697959999999995,0.5,CB,1.0,2.0
76753,666.442,1.859894,36000000.0,39.0,Y,I,3.087161,3.5,4.947037,4.5,CB,1.0,10.0
76901,668.7567,1.8534580000000003,372600.0,39.0,Y,I,0.0,1.5,1.8534389999999998,1.5,CB',1.0,4.0
76926,669.183,1.8522759999999998,67720000.0,39.0,Y,I,3.068184,2.5,4.9204419999999995,1.5,CB,1.0,4.0
76947,669.483,1.851447,690700.0,39.0,Y,I,2.2936229999999997,4.5,4.1450510000000005,3.5,CB,1.0,8.0
76970,670.0702,1.8498240000000001,6895000.0,39.0,Y,I,2.295245,3.5,4.1450510000000005,3.5,CB,1.0,8.0
77046,671.3147,1.846395,16140000.0,39.0,Y,I,2.669204,2.5,4.51558,1.5,CB,1.0,4.0
77192,673.5967,1.84014,6901000.0,39.0,Y,I,2.406055,1.5,4.246176999999999,2.5,CB,1.0,6.0
77594,679.3703,1.824502,364400.0,39.0,Y,I,0.065755,2.5,1.890239,2.5,CB',1.0,6.0
77609,679.5414,1.8240419999999997,1864000.0,39.01,Y,II,1.738043,1.0,3.562067,2.0,CC,2.0,5.0
77662,680.342,1.821896,2669000.0,39.0,Y,I,2.374047,2.5,4.195925,1.5,CB,1.0,4.0
77740,681.5145,1.818761,7159000.0,39.0,Y,I,2.385159,0.5,4.2039029999999995,1.5,HL,1.0,4.0
77864,683.2478,1.8141479999999999,327900.0,39.01,Y,II,1.7479369999999999,2.0,3.562067,2.0,HL,2.0,5.0
77950,684.5194,1.8107779999999998,7414000.0,39.0,Y,I,2.374047,2.5,4.184807,3.5,HL,1.0,8.0
78045,685.8225,1.807337,506200.0,39.01,Y,II,1.738043,1.0,3.5453620000000003,1.0,CC,2.0,3.0
78224,688.7177,1.7997400000000001,9325000.0,39.0,Y,I,2.717167,3.5,4.516889,2.5,CB,1.0,6.0
78260,689.5979,1.7974419999999998,812000.0,39.01,Y,II,1.7479369999999999,2.0,3.5453620000000003,1.0,CC,2.0,3.0
78344,690.828,1.794242,414000.0,39.0,Y,I,1.8534389999999998,1.5,3.6476629999999997,2.5,CB,1.0,6.0
78493,693.3553,1.7877020000000001,34670.0,39.0,Y,I,0.065755,2.5,1.8534389999999998,1.5,CB',1.0,4.0
78582,695.0265,1.7834029999999998,5777000.0,39.0,Y,I,2.359121,1.5,4.142506,2.5,CB',1.0,6.0
78592,695.1658,1.783046,179700.0,39.01,Y,II,1.8390389999999999,2.0,3.622068,3.0,CC,2.0,7.0
78622,695.8029,1.7814130000000001,412900.0,39.0,Y,I,1.890239,2.5,3.6716339999999996,3.5,CB,1.0,8.0
78734,697.986,1.775842,1880000.0,39.0,Y,I,1.8534389999999998,1.5,3.629263,1.5,CB,1.0,4.0
78914,700.8928,1.768477,3269000.0,39.0,Y,I,2.374047,2.5,4.142506,2.5,CB',1.0,6.0
78916,700.9881,1.7682360000000001,4369000.0,39.0,Y,I,2.35277,0.5,4.120988,1.5,HL,1.0,4.0
79059,703.5151,1.761885,6270000.0,39.0,Y,I,2.359121,1.5,4.120988,1.5,HL,1.0,4.0
79143,705.2937,1.7574419999999997,1581000.0,39.0,Y,I,1.890239,2.5,3.6476629999999997,2.5,CB,1.0,6.0
79148,705.4189,1.7571299999999999,8053000.0,39.0,Y,I,2.35277,0.5,4.109882,0.5,HL,1.0,2.0
79268,707.5131,1.751929,319500.0,39.0,Y,I,1.948104,3.5,3.700016,4.5,CB,1.0,10.0
79567,712.7562,1.7390419999999998,924600.0,39.0,Y,I,1.890239,2.5,3.629263,1.5,CB,1.0,4.0
79941,719.1639,1.7235470000000002,1469000.0,39.0,Y,I,1.948104,3.5,3.6716339999999996,3.5,CB,1.0,8.0
79969,719.5874,1.722532,113900000.0,39.0,Y,I,3.0399380000000003,2.5,4.762453,3.5,CB,1.0,8.0
80338,726.4164,1.706339,1332000.0,39.01,Y,II,1.8390389999999999,2.0,3.5453620000000003,1.0,HL,2.0,3.0
80519,729.3074,1.699575,489700.0,39.0,Y,I,1.948104,3.5,3.6476629999999997,2.5,CB,1.0,6.0
80756,733.2951,1.690333,136800.0,39.01,Y,II,1.7213189999999998,0.0,3.411635,1.0,CC,2.0,3.0
80818,734.6455,1.687226,1870000.0,39.0,Y,I,2.012807,4.5,3.700016,4.5,CB,1.0,10.0
81063,739.8652,1.675323,439000.0,39.0,Y,I,1.9188459999999998,2.5,3.594151,3.5,CB,1.0,8.0
81323,745.0276,1.663714,1029000.0,39.01,Y,II,1.7479369999999999,2.0,3.411635,1.0,CC,2.0,3.0
81542,749.4853,1.653819,2324000.0,39.0,Y,I,2.359121,1.5,4.012923000000001,2.5,CB,1.0,6.0
81885,756.3115,1.6388919999999998,4553000.0,39.0,Y,I,2.374047,2.5,4.012923000000001,2.5,CB,1.0,6.0
82214,762.2962,1.626026,3611000.0,39.0,Y,I,2.35277,0.5,3.9787790000000003,1.5,CB,1.0,4.0
82365,765.2855,1.619674,1271000.0,39.0,Y,I,2.359121,1.5,3.9787790000000003,1.5,CB,1.0,4.0
82573,768.9471,1.6119620000000001,1783000.0,39.0,Y,I,2.35277,0.5,3.964715,0.5,CB,1.0,2.0
82734,771.9888,1.60561,7041000.0,39.0,Y,I,2.359121,1.5,3.964715,0.5,CB,1.0,2.0
82762,772.4039,1.604748,3682000.0,39.0,Y,I,2.374047,2.5,3.9787790000000003,1.5,CB,1.0,4.0
83092,778.8402,1.591486,1172000.0,39.0,Y,I,2.037793,0.5,3.629263,1.5,CB,1.0,4.0
83123,779.6293,1.589875,816500.0,39.0,Y,I,2.057803,1.5,3.6476629999999997,2.5,CB,1.0,6.0
83162,780.2485,1.588614,360900.0,39.0,Y,I,1.9002740000000002,2.5,3.488871,1.5,CB,1.0,4.0
83211,781.213,1.586652,822700.0,39.0,Y,I,2.084998,2.5,3.6716339999999996,3.5,CB,1.0,8.0
83424,785.5469,1.577899,1185000.0,39.0,Y,I,2.1221330000000003,3.5,3.700016,4.5,CB,1.0,10.0
83537,788.1881,1.572611,9627000.0,39.01,Y,II,1.8390389999999999,2.0,3.411635,1.0,HL,2.0,3.0
84078,799.9355,1.549517,472800.0,39.0,Y,I,2.1221330000000003,3.5,3.6716339999999996,3.5,CB,1.0,8.0
