g,LeveleV
6,0.0000000,
8,0.0324641,
10,0.0785158,
12,0.1436906,
14,0.2399479,
4,0.3541829,
6,0.3821207,
8,0.4249278,
8,0.4270307,
10,0.4924859,
4,0.4993043,
6,0.5223152,
8,0.5559270,
12,0.6002206,
10,0.6016090,
12,0.6620108,
14,0.7311675,
16,0.8189347,
14,0.9909149,
12,1.0601950,
10,1.1015759,
12,1.1273252,
8,1.1335756,
6,1.1566317,
4,1.1718611,
12,1.2328715,
10,1.2511948,
10,1.2761157,
8,1.2884176,
8,1.3142006,
6,1.3183343,
4,1.3393543,
2,1.3524473,
10,1.3721164,
8,1.3742824,
10,1.4064179,
12,1.4248517,
6,1.4468786,
4,1.4967097,
2,1.5261845,
8,1.5272731,
2,1.5699110,
4,1.5750271,
6,1.5840304,
8,1.5983661,
6,1.6156116,
10,1.6212236,
12,1.6586576,
4,1.6756699,
2,1.7110247,
14,1.7265710,
12,2.1976264,
10,2.2090417,
8,2.2155825,
6,2.2281938,
2,2.2301790,
4,2.2318770,
6,2.2435815,
8,2.2503922,
10,2.2712962,
16,2.2771997,
4,2.2775062,
14,2.2799606,
12,2.3112337,
14,2.3156485,
12,2.3172766,
16,2.3250799,
6,2.3501267,
8,2.3833739,
10,2.4024417,
10,2.4055386,
12,2.4487017,
10,2.4730849,
8,2.4855539,
12,2.4912449,
8,2.4918684,
6,2.5079360,
4,2.5254660,
2,2.5359290,
10,2.5508711,
6,2.5579292,
4,2.6043991,
14,2.6231952,
2,2.6318896,
8,2.6489129,
6,2.7353896,
18,2.7935239,
12,2.7937496,
4,2.8116293,
10,2.8547711,
2,2.8833543,
16,2.8851540,
8,2.9102929,
6,2.9381033,
4,2.9423879,
14,2.9719233,
8,2.9896677,
12,3.0267872,
12,3.0410896,
6,3.0737555,
10,3.0812891,
4,3.0953700,
8,3.1203310,
14,3.1339654,
6,3.1496973,
10,3.1539516,
16,3.1619145,
4,3.1703625,
10,3.1751174,
8,3.1825122,
4,3.2186388,
6,3.2498629,
10,3.2672027,
8,3.2698341,
10,3.2800573,
8,3.2973873,
12,3.3029218,
14,3.3390931,
6,3.3637405,
10,3.3676866,
8,3.3814837,
6,3.3844885,
8,3.3993556,
10,3.4152687,
4,3.4296776,
12,3.4547619,
8,3.4700789,
2,3.4703094,
12,3.4869689,
8,3.4988549,
10,3.5264477,
12,3.5338363,
8,3.5412037,
6,3.5495457,
6,3.5695191,
10,3.5802421,
10,3.6011571,
4,3.6137623,
6,3.6200766,
8,3.6233579,
8,3.6255769,
14,3.6393508,
8,3.6472487,
6,3.6842918,
6,3.6971798,
4,3.7043921,
6,3.7152797,
8,3.7206287,
10,3.7229204,
12,3.7320937,
8,3.7374990,
12,3.7650056,
4,3.7695331,
2,3.8135789,
10,3.8248689,
14,3.8431197,
16,3.8615686,
6,3.8730098,
8,3.9561031,
4,3.9570543,
2,3.9646914,
4,3.9735494,
6,3.9861097,
6,3.9997451,
8,4.0000758,
10,4.0052363,
8,4.0283098,
12,4.0413081,
14,4.0514986,
10,4.0523878,
6,4.0605349,
12,4.0848077,
4,4.1139938,
8,4.1176989,
14,4.1606557,
10,4.1653765,
10,4.1888690,
12,4.2191678,
10,4.2289119,
12,4.2376281,
12,4.2908603,
8,4.3271072,
14,4.3533121,
16,4.3732383,
4,4.3764169,
14,4.3844073,
6,4.3896398,
10,4.4065399,
12,4.4144904,
10,4.4414484,
6,4.4558117,
8,4.4623617,
6,4.4813695,
4,4.5097430,
8,4.5128388,
12,4.5206072,
10,4.5335681,
8,4.5417899,
10,4.5436788,
2,4.5486738,
8,4.5516057,
12,4.5531579,
10,4.5599408,
6,4.5650136,
14,4.5653233,
6,4.5682432,
4,4.5868919,
4,4.5883115,
2,4.5946207,
8,4.6522178,
4,4.6578096,
12,4.6580282,
4,4.6658258,
10,4.6671171,
6,4.6746963,
12,4.6904502,
10,4.6922989,
12,4.6954952,
10,4.7105221,
12,4.7127141,
10,4.7151002,
10,4.7185849,
10,4.7399573,
8,4.7510959,
8,4.7593265,
10,4.7693021,
12,4.7745829,
12,4.7799888,
10,4.7803175,
10,4.7824695,
6,4.7893365,
10,4.7956299,
4,4.8141083,
8,4.8201585,
6,4.8257734,
2,4.8272194,
6,4.8384202,
8,4.8416373,
14,4.8449561,
8,4.8564849,
8,4.8648235,
10,4.8664712,
4,4.8701995,
4,4.8809179,
10,4.9019830,
6,4.9027887,
2,4.9111050,
6,4.9141984,
6,4.9240632,
8,4.9317464,
6,4.9321870,
6,4.9369097,
4,4.9515070,
6,4.9558000,
4,4.9624121,
10,4.9701345,
4,4.9707245,
4,4.9713823,
2,4.9795016,
2,4.9896585,
2,4.9977320,
6,5.0045918,
4,5.0064140,
14,5.0552334,
12,5.0567097,
12,5.0695704,
10,5.0740443,
8,5.0953967,
6,5.1009966,
8,5.1151442,
6,5.1156121,
16,5.1185790,
4,5.1319102,
12,5.1378503,
2,5.1423227,
14,5.1450281,
10,5.1806177,
12,5.2390335,
12,5.2432355,
14,5.2519354,
12,5.2785733,
10,5.2849796,
8,5.2852191,
16,5.2863101,
6,5.2997430,
14,5.3096645,
12,5.3209988,
4,5.3269285,
2,5.3545731,
6,5.3592447,
4,5.3607618,
8,5.3654962,
12,5.3659429,
10,5.3775074,
6,5.3857622,
10,5.3904517,
8,5.3932768,
14,5.3955813,
8,5.4148227,
10,5.4235784,
14,5.4798215,
4,5.4997208,
10,5.5873463,
10,5.6003711,
10,5.6023189,
4,5.6056591,
6,5.6059031,
6,5.6282534,
8,5.6491263,
10,6.0818890,
8,6.1113153,
8,6.1164171,
6,6.1369494,
6,6.1430600,
,12.076,

#ignore,test#238.99
