g,LeveleV
9,0.0000000,
11,0.1398611,
13,0.2934206,
15,0.4564721,
17,0.6259469,
13,0.8386553,
11,0.8497870,
15,1.0417756,
13,1.0429427,
11,1.0508101,
13,1.0911095,
9,1.1262493,
13,1.1301274,
15,1.2016892,
9,1.2168656,
7,1.2308391,
15,1.2323662,
11,1.2404102,
15,1.2420477,
3,1.2545921,
17,1.2597553,
11,1.2865644,
5,1.2980486,
9,1.3232302,
13,1.3359207,
17,1.3371608,
17,1.3511795,
11,1.3537531,
7,1.3639939,
11,1.3773173,
13,1.3773612,
7,1.3785141,
13,1.3860249,
9,1.4085589,
7,1.4104157,
9,1.4240940,
17,1.4511904,
13,1.4646010,
3,1.468194,
19,1.4738913,
15,1.4776874,
19,1.4828214,
5,1.486573,
9,1.4868666,
11,1.4889518,
15,1.4948557,
11,1.4959694,
19,1.5079134,
11,1.5099593,
7,1.520651,
7,1.5336188,
11,1.5366924,
13,1.5505159,
15,1.5635908,
9,1.5651982,
15,1.5785425,
7,1.5791767,
13,1.5915895,
9,1.5967309,
17,1.5996964,
13,1.6015562,
15,1.6027725,
9,1.6139172,
21,1.6243679,
9,1.6262867,
13,1.6359925,
13,1.6461159,
17,1.6531439,
5,1.6888886,
7,1.6899494,
11,1.6913720,
9,1.6952175,
17,1.7019249,
7,1.7027366,
7,1.7087304,
15,1.7108406,
15,1.7109547,
11,1.7229305,
19,1.7300241,
9,1.7336334,
11,1.7509620,
23,1.7734836,
13,1.7739758,
11,1.7744611,
15,1.7764007,
7,1.7901886,
17,1.7936769,
11,1.8198272,
19,1.8210731,
15,1.8253153,
17,1.8265600,
17,1.8324976,
11,1.8346068,
9,1.8352073,
17,1.8512366,
21,1.8688390,
11,1.8738917,
13,1.8871393,
9,1.8889718,
5,1.9071634,
15,1.9089339,
7,1.9198568,
11,1.9245964,
17,1.9259656,
13,1.9339220,
9,1.9341516,
11,1.9373740,
9,1.9488736,
13,1.9514716,
13,1.9565148,
19,1.9632296,
9,1.9667689,
7,1.9712126,
11,1.9872249,
9,1.9910859,
21,1.995161,
13,1.9996594,
11,2.0040572,
9,2.0097640,
11,2.0157076,
15,2.0188133,
15,2.0317950,
13,2.0653817,
15,2.0763577,
11,2.0776078,
19,2.0818505,
13,2.0825357,
11,2.0884944,
15,2.0885619,
7,2.1051713,
9,2.1117170,
13,2.1182787,
11,2.1279321,
13,2.1371714,
15,2.1436422,
9,2.1473767,
11,2.1557787,
17,2.1623214,
9,2.1886742,
13,2.2005725,
7,2.2053059,
9,2.2056811,
11,2.2057549,
15,2.2115644,
17,2.2284063,
7,2.2288500,
11,2.2354078,
11,2.2401393,
11,2.2482668,
15,2.2495304,
13,2.2530184,
13,2.2626217,
11,2.2626848,
15,2.2635553,
11,2.2694564,
9,2.2857736,
13,2.2870796,
7,2.3048540,
11,2.3094911,
13,2.3159181,
19,2.3197275,
11,2.3225409,
9,2.3236296,
17,2.3673461,
13,2.3745553,
9,2.3816450,
19,2.3827457,
11,2.3837751,
15,2.3893292,
13,2.3905478,
13,2.4088320,
9,2.4288803,
11,2.4360443,
11,2.4425948,
15,2.4482173,
9,2.4511065,
11,2.4568685,
17,2.4626789,
21,2.4715611,
9,2.4743296,
13,2.4790288,
9,2.4854683,
13,2.4944373,
11,2.5016183,
13,2.5133671,
7,2.5146422,
11,2.5169877,
9,2.5244017,
13,2.5332930,
9,2.5390677,
11,2.5400422,
19,2.5445866,
11,2.5468627,
15,2.5520771,
7,2.5534440,
13,2.5631281,
13,2.5668589,
11,2.5822997,
13,2.5837323,
9,2.5862562,
13,2.5935088,
11,2.5990896,
11,2.6043425,
9,2.6048006,
15,2.6068319,
9,2.6265905,
7,2.6318808,
15,2.6333533,
15,2.6334671,
9,2.6355771,
11,2.6373329,
15,2.6391247,
13,2.6426307,
9,2.6426536,
13,2.6465136,
9,2.6465465,
11,2.6484778,
13,2.6517944,
15,2.6546905,
11,2.6618341,
9,2.6642208,
13,2.6710320,
11,2.6729500,
7,2.6746628,
15,2.6830243,
13,2.6927295,
11,2.6937763,
9,2.6976827,
13,2.7025952,
13,2.7139718,
15,2.7163250,
11,2.7182466,
9,2.7185895,
7,2.7216850,
9,2.7289344,
15,2.7328064,
13,2.7338188,
9,2.7371545,
13,2.7427383,
13,2.7430138,
11,2.7435967,
3,2.7443243,
11,2.7514942,
7,2.7552066,
7,2.7560447,
11,2.7576455,
11,2.7593743,
13,2.7652255,
15,2.7673633,
11,2.7731878,
11,2.7780581,
9,2.7860750,
15,2.7875075,
7,2.7885249,
11,2.7934101,
13,2.7970923,
11,2.8027453,
15,2.8039248,
9,2.8047705,
9,2.8048685,
7,2.8059471,
9,2.8116901,
17,2.8120810,
15,2.8151331,
11,2.8189907,
13,2.8192581,
15,2.8220589,
9,2.8286499,
11,2.8286856,
13,2.8356037,
13,2.8360956,
7,2.8404736,
7,2.8429502,
15,2.8440405,
7,2.8462433,
9,2.8536838,
13,2.8566626,
11,2.8578060,
11,2.8597570,
9,2.8626315,
13,2.8651444,
11,2.8733643,
11,2.8762016,
9,2.8769058,
7,2.8786564,
13,2.8791568,
11,2.8816302,
13,2.8816929,
7,2.8824334,
15,2.8850484,
9,2.8857816,
11,2.8864872,
13,2.8868028,
13,2.8918419,
9,2.8946281,
13,2.8951294,
11,2.9054259,
9,2.9059962,
17,2.9104079,
7,2.9120268,
13,2.9131331,
15,2.9158296,
13,2.9203053,
9,2.9214107,
11,2.9217137,
11,2.9226856,
13,2.9233456,
17,2.9325649,
15,2.9439796,
13,2.9453376,
7,2.9460964,
11,2.9510033,
9,2.9518820,
11,2.9544877,
9,2.9565136,
7,2.9590168,
15,2.9603610,
13,2.9618917,
17,2.9697799,
9,2.9698427,
13,2.9711743,
11,2.9716917,
13,2.9717862,
13,2.9738634,
15,2.9745171,
13,2.9751884,
9,2.9757535,
9,2.9843295,
17,2.9852643,
17,2.9906821,
13,2.9937998,
17,2.9965363,
9,2.997427,
11,3.0002353,
15,3.0020205,
15,3.0026303,
9,3.0035978,
17,3.0042958,
9,3.0063019,
15,3.0078679,
19,3.0084755,
19,3.0084755,
15,3.0091851,
11,3.0118155,
11,3.0208056,
11,3.0287574,
9,3.0350724,
15,3.0412594,
19,3.0449004,
5,3.0450067,
11,3.0472813,
11,3.0478001,
11,3.0483044,
13,3.0487681,
9,3.0507707,
9,3.0592564,
17,3.0609560,
13,3.0627302,
15,3.0660744,
11,3.0680869,
13,3.0687387,
17,3.0715077,
7,3.0717293,
15,3.0739847,
15,3.0774388,
15,3.0817959,
11,3.0833403,
13,3.0899850,
13,3.0905252,
11,3.0914837,
19,3.0915579,
15,3.0956982,
13,3.0976439,
15,3.1002639,
15,3.1028769,
17,3.1054070,
15,3.1075052,
11,3.1088764,
13,3.1138402,
19,3.1171538,
7,3.1199880,
17,3.1231533,
17,3.1232574,
13,3.1239622,
15,3.1241247,
13,3.1252784,
11,3.1277645,
17,3.1344371,
7,3.1346162,
13,3.136937,
15,3.1429467,
13,3.1435654,
17,3.1470779,
15,3.1471968,
13,3.1519534,
9,3.1551578,
11,3.1554474,
11,3.1579349,
9,3.1586884,
13,3.1588861,
7,3.1615884,
15,3.1620903,
17,3.1632982,
19,3.1639156,
17,3.1652436,
15,3.1658517,
7,3.1671900,
11,3.1684451,
15,3.1735654,
17,3.1736166,
5,3.1745869,
13,3.1751575,
11,3.1764315,
9,3.1766146,
15,3.1769178,
9,3.1790659,
7,3.1792598,
13,3.1816925,
13,3.1832013,
17,3.1868471,
17,3.1913788,
13,3.1921485,
13,3.1927041,
7,3.1972772,
9,3.1976864,
7,3.2015978,
15,3.2049119,
11,3.2067655,
15,3.2094236,
13,3.2134522,
11,3.2142236,
13,3.2253428,
13,3.2270434,
11,3.2271940,
7,3.2311131,
11,3.2325538,
7,3.2354924,
15,3.2428014,
7,3.2437750,
9,3.2523845,
5,3.2593555,
13,3.2612642,
15,3.2641268,
11,3.2646721,
17,3.2648905,
11,3.2663930,
7,3.2664261,
11,3.2678825,
15,3.2725205,
7,3.2725673,
17,3.2763230,
9,3.2792903,
7,3.2809814,
11,3.2836175,
11,3.2859067,
19,3.2869331,
13,3.2869478,
15,3.2875287,
11,3.2974149,
9,3.2984144,
15,3.2994183,
15,3.3023014,
9,3.3057177,
13,3.3064695,
9,3.3083662,
9,3.3097154,
13,3.3098453,
19,3.3153707,
17,3.3182712,
9,3.3191225,
17,3.3206590,
13,3.3248146,
15,3.3271605,
13,3.3279998,
15,3.3324622,
13,3.3342504,
15,3.3349779,
13,3.3361645,
9,3.3429809,
19,3.3459709,
15,3.3475867,
15,3.3504622,
17,3.3530713,
13,3.3545276,
15,3.3581645,
17,3.3638062,
9,3.3654370,
9,3.3751194,
15,3.3752999,
9,3.3761267,
7,3.3796029,
19,3.3805005,
17,3.3877951,
17,3.3882880,
9,3.3883379,
7,3.3884485,
15,3.3939912,
15,3.3949111,
13,3.3960710,
13,3.4000974,
5,3.4015904,
13,3.4039516,
11,3.4064103,
9,3.4083029,
15,3.4098872,
15,3.4100671,
11,3.4125039,
15,3.4162752,
15,3.4179850,
7,3.4197655,
9,3.4205306,
13,3.4206508,
15,3.4245403,
7,3.4245606,
13,3.4261457,
13,3.4318260,
11,3.4332855,
7,3.4336902,
13,3.4358482,
15,3.4361587,
9,3.4364341,
13,3.4411980,
19,3.4439748,
9,3.4443327,
15,3.4450006,
15,3.4474259,
17,3.4486681,
13,3.4506154,
21,3.4512021,
11,3.4518509,
19,3.4520251,
9,3.4533006,
9,3.4542594,
9,3.4567724,
19,3.4568337,
11,3.4594775,
13,3.4608534,
17,3.4618968,
11,3.4624125,
15,3.4658177,
19,3.4667529,
17,3.4667651,
21,3.4679025,
11,3.4701672,
9,3.4703165,
7,3.4713338,
11,3.4715750,
7,3.4749551,
13,3.4766068,
9,3.4787685,
9,3.4793067,
11,3.4823231,
15,3.4846757,
11,3.4914209,
17,3.4914806,
11,3.4937458,
9,3.4976785,
11,3.4988745,
9,3.4999772,
9,3.5014565,
11,3.5063424,
13,3.5098935,
7,3.5101501,
19,3.5142121,
15,3.5155149,
13,3.5158142,
9,3.5203832,
15,3.5226748,
17,3.5244681,
9,3.5259597,
17,3.5261447,
11,3.5353125,
17,3.5353671,
11,3.5367646,
15,3.5369875,
11,3.5374462,
11,3.5418857,
11,3.5433393,
17,3.5446903,
13,3.5462878,
11,3.5535963,
11,3.5540219,
13,3.5559137,
9,3.5577836,
9,3.5607654,
11,3.5611789,
11,3.5622154,
13,3.5656296,
7,3.5657849,
19,3.5684041,
17,3.5691505,
17,3.5734201,
7,3.5739025,
17,3.5756243,
11,3.5761987,
13,3.5779695,
11,3.5785216,
11,3.5813825,
15,3.5873638,
13,3.5888501,
15,3.5890255,
13,3.5894447,
15,3.5966339,
17,3.6029892,
19,3.6031005,
23,3.6160463,
13,3.6175595,
13,3.6303436,
19,3.6339657,
11,3.6340012,
13,3.6345691,
9,3.6352104,
21,3.6377671,
19,3.6408062,
19,3.6430469,
13,3.6436051,
17,3.6441133,
11,3.6482988,
11,3.6542080,
11,3.6567831,
19,3.6568936,
13,3.6571941,
13,3.6588285,
13,3.660358,
11,3.6619262,
17,3.6621632,
13,3.6655775,
21,3.6663082,
21,3.6676910,
15,3.6707592,
17,3.6805766,
17,3.6891411,
19,3.6903667,
11,3.6906023,
15,3.6906344,
17,3.6949858,
21,3.6979970,
13,3.7013722,
17,3.7038181,
19,3.7054609,
19,3.7140886,
17,3.7170931,
7,3.7193067,
15,3.7209685,
11,3.7212952,
11,3.7269706,
11,3.7307754,
11,3.7318357,
11,3.7368664,
11,3.7378827,
11,3.7405669,
11,3.7444034,
9,3.7446222,
5,3.74907,
15,3.7525810,
21,3.7561050,
17,3.7591587,
7,3.7690700,
13,3.7697767,
7,3.7784439,
21,3.7786255,
25,3.7796070,
17,3.7802615,
9,3.7808069,
17,3.7945061,
21,3.7949889,
15,3.797746,
19,3.7994596,
17,3.8095787,
17,3.8193715,
23,3.8279194,
5,3.8280611,
21,3.8426647,
13,3.8435824,
11,3.8595951,
11,3.8622504,
9,3.8661980,
17,3.8706646,
17,3.8727077,
15,3.8736061,
5,3.8745477,
21,3.8757696,
19,3.8761429,
15,3.8908622,
17,3.8946096,
15,3.9085032,
13,3.9092174,
9,3.9107071,
11,3.9124111,
23,3.9224940,
23,3.9261655,
19,3.9285683,
19,3.9372862,
15,3.9428401,
17,3.947496,
19,3.9556253,
23,3.9808260,
7,3.9955433,
9,4.0004146,
19,4.0064564,
5,4.0209297,
9,4.0440794,
21,4.0756797,
19,4.104621,
15,4.1125611,
21,4.1378877,
13,4.1701031,
13,4.2529171,
7,4.3229906,
,5.5250,

#ignore,test#688.19
