,Wl/nm,E_Photon,A-Value,Elem. num,Element,ion state,E_lower_lev.,J_lower,E_upper_lev.,J_upper,Ref.,ion state num,g_j
6039,239.73,5.170303,164500000.0,68.01,Er,II,0.8461639999999999,7.5,6.016416,6.5,MC,2.0,14.0
7494,245.9753,5.03904,48750000.0,68.01,Er,II,0.8461639999999999,7.5,5.885154,7.5,MC,2.0,16.0
7913,247.7597,5.00275,20120000.0,68.01,Er,II,0.8461639999999999,7.5,5.848864,8.5,MC,2.0,18.0
7932,247.833,5.00127,45130000.0,68.01,Er,II,0.8461639999999999,7.5,5.847384,7.5,MC,2.0,16.0
8092,248.5202,4.987443,43750000.0,68.01,Er,II,0.8461639999999999,7.5,5.833557,6.5,MC,2.0,14.0
8556,250.3464,4.9510629999999995,81220000.0,68.01,Er,II,0.8461639999999999,7.5,5.797178,7.5,MC,2.0,16.0
9479,253.499,4.889494,44650000.0,68.01,Er,II,0.8461639999999999,7.5,5.735608999999999,7.5,MC,2.0,16.0
9770,254.4917,4.870423000000001,58940000.0,68.01,Er,II,0.8461639999999999,7.5,5.716538,6.5,MC,2.0,14.0
11000,258.7047,4.791114,15600000.0,68.01,Er,II,0.0,6.5,4.791066000000001,5.5,MC,2.0,12.0
11539,260.6712,4.754971,71870000.0,68.01,Er,II,1.40216,7.5,6.157083,7.5,MC,2.0,16.0
11705,261.2377,4.744661,160200000.0,68.01,Er,II,1.6537979999999999,6.5,6.398411,7.5,MC,2.0,16.0
11767,261.4552,4.740714,152700000.0,68.01,Er,II,1.6537979999999999,6.5,6.394465,6.5,MC,2.0,14.0
11835,261.6875,4.736507,8612000.0,68.01,Er,II,0.054607,5.5,4.791066000000001,5.5,MC,2.0,12.0
12027,262.419,4.723304,101300000.0,68.01,Er,II,0.8461639999999999,7.5,5.56942,6.5,MC,2.0,14.0
12608,264.716,4.682322,107900000.0,68.01,Er,II,1.6537979999999999,6.5,6.336072,7.5,MC,2.0,16.0
12778,265.3727,4.6707339999999995,189200000.0,68.01,Er,II,1.6537979999999999,6.5,6.324485,7.5,MC,2.0,16.0
13086,266.6301,4.6487099999999995,60670000.0,68.01,Er,II,0.636362,4.5,5.285026,3.5,MC,2.0,8.0
13206,267.026,4.641817,262800000.0,68.01,Er,II,0.8461639999999999,7.5,5.487934,7.5,MC,2.0,16.0
13259,267.2252,4.638358,156300000.0,68.01,Er,II,0.8461639999999999,7.5,5.484475,8.5,MC,2.0,18.0
13338,267.5359,4.6329720000000005,165900000.0,68.01,Er,II,1.40216,7.5,6.035085,8.5,MC,2.0,18.0
13689,268.8409,4.610483,109100000.0,68.01,Er,II,1.619322,6.5,6.229759,7.5,MC,2.0,16.0
14043,270.0661,4.589568,15520000.0,68.01,Er,II,0.636362,4.5,5.225884,3.5,MC,2.0,8.0
14339,271.2118,4.570181,82620000.0,68.01,Er,II,0.669972,3.5,5.240108,2.5,MC,2.0,6.0
14450,271.6602,4.5626370000000005,40340000.0,68.01,Er,II,1.322562,6.5,5.885154,7.5,MC,2.0,16.0
14589,272.1588,4.55428,165600000.0,68.01,Er,II,1.701012,8.5,6.255246,7.5,MC,2.0,16.0
14716,272.622,4.546542,20930000.0,68.01,Er,II,0.054607,5.5,4.601103,4.5,MC,2.0,10.0
14826,273.0097,4.5400849999999995,286700000.0,68.01,Er,II,1.535927,5.5,6.0759669999999995,6.5,MC,2.0,14.0
14857,273.1556,4.53766,9142000.0,68.01,Er,II,0.054607,5.5,4.592221,4.5,MC,2.0,10.0
15081,273.9313,4.524812,129900000.0,68.01,Er,II,0.8461639999999999,7.5,5.370931,6.5,MC,2.0,14.0
15533,275.5621,4.498035,434800000.0,68.01,Er,II,0.669972,3.5,5.167962,2.5,MC,2.0,6.0
15839,276.561,4.48179,8243000.0,68.01,Er,II,0.0,6.5,4.481745,5.5,MC,2.0,12.0
15867,276.6386,4.480533,253500000.0,68.01,Er,II,1.535927,5.5,6.016416,6.5,MC,2.0,14.0
16124,277.4616,4.467243,223500000.0,68.01,Er,II,1.619322,6.5,6.08652,6.5,MC,2.0,14.0
16273,277.8971,4.460242,368200000.0,68.01,Er,II,1.588866,9.5,6.0490639999999996,9.5,MC,2.0,20.0
16293,277.9609,4.459219999999999,169000000.0,68.01,Er,II,1.770584,7.5,6.229759,7.5,MC,2.0,16.0
16339,278.1187,4.45669,242800000.0,68.01,Er,II,1.619322,6.5,6.0759669999999995,6.5,MC,2.0,14.0
16354,278.1545,4.456116000000001,153500000.0,68.01,Er,II,1.701012,8.5,6.157083,7.5,MC,2.0,16.0
16371,278.1997,4.4553910000000005,14490000.0,68.01,Er,II,0.636362,4.5,5.091709,4.5,MC,2.0,10.0
16450,278.495,4.450668,67320000.0,68.01,Er,II,0.636362,4.5,5.0869860000000005,3.5,MC,2.0,8.0
16494,278.6106,4.448821,11430000.0,68.01,Er,II,0.054607,5.5,4.503383,4.5,MC,2.0,10.0
16532,278.7404,4.446749,67790000.0,68.01,Er,II,1.40216,7.5,5.848864,8.5,MC,2.0,18.0
16538,278.7709,4.446264,311200000.0,68.01,Er,II,1.588866,9.5,6.035085,8.5,MC,2.0,18.0
16554,278.8332,4.445269000000001,38020000.0,68.01,Er,II,1.40216,7.5,5.847384,7.5,MC,2.0,16.0
16868,279.9725,4.427182,2657000.0,68.01,Er,II,0.054607,5.5,4.481745,5.5,MC,2.0,12.0
16938,280.2525,4.422758999999999,13110000.0,68.01,Er,II,0.0,6.5,4.422715,6.5,MC,2.0,14.0
16953,280.287,4.422214,245200000.0,68.01,Er,II,1.6537979999999999,6.5,6.0759669999999995,6.5,MC,2.0,14.0
16979,280.3541,4.421156,190700000.0,68.01,Er,II,1.701012,8.5,6.122123,7.5,MC,2.0,16.0
17057,280.675,4.4161019999999995,9824000.0,68.01,Er,II,0.0,6.5,4.416057,5.5,MC,2.0,12.0
17468,281.8855,4.397138,215100000.0,68.01,Er,II,1.619322,6.5,6.016416,6.5,MC,2.0,14.0
17485,281.9345,4.396375,2221000.0,68.01,Er,II,0.054607,5.5,4.450937000000001,4.5,MC,2.0,10.0
17498,281.9816,4.39564,71010000.0,68.01,Er,II,1.535927,5.5,5.931523,6.5,MC,2.0,14.0
17507,282.0187,4.395062,469000000.0,68.01,Er,II,1.40216,7.5,5.797178,7.5,MC,2.0,16.0
17516,282.0458,4.394639,2838000.0,68.01,Er,II,0.054607,5.5,4.449202,5.5,MC,2.0,12.0
17649,282.5664,4.386543,78070000.0,68.01,Er,II,1.770584,7.5,6.157083,7.5,MC,2.0,16.0
17780,283.0419,4.379175,44670000.0,68.01,Er,II,0.669972,3.5,5.049103,2.5,MC,2.0,6.0
17860,283.3912,4.373776,13900000.0,68.01,Er,II,0.0,6.5,4.373732,6.5,MC,2.0,14.0
18086,284.1893,4.361494,3315000.0,68.01,Er,II,0.054607,5.5,4.416057,5.5,MC,2.0,12.0
18198,284.6263,4.354798000000001,102600000.0,68.01,Er,II,1.615257,8.5,5.970011,7.5,MC,2.0,16.0
18240,284.8088,4.3520080000000005,265800000.0,68.01,Er,II,2.0425,7.5,6.394465,6.5,MC,2.0,14.0
18266,284.8923,4.350733,85580000.0,68.01,Er,II,1.619322,6.5,5.970011,7.5,MC,2.0,16.0
18298,285.0651,4.348095,246000000.0,68.01,Er,II,1.701012,8.5,6.0490639999999996,9.5,MC,2.0,20.0
18524,285.8555,4.336073000000001,6674000.0,68.01,Er,II,0.0,6.5,4.33603,5.5,MC,2.0,12.0
18569,286.0257,4.333493,40360000.0,68.01,Er,II,1.40216,7.5,5.735608999999999,7.5,MC,2.0,16.0
18776,286.9192,4.319999,10310000.0,68.01,Er,II,0.636362,4.5,4.9563180000000004,3.5,MC,2.0,8.0
18844,287.1679,4.316257,155400000.0,68.01,Er,II,1.6537979999999999,6.5,5.970011,7.5,MC,2.0,16.0
18893,287.3802,4.3130690000000005,316800000.0,68.01,Er,II,1.619322,6.5,5.932348,5.5,MC,2.0,12.0
18914,287.4781,4.3116,6584000.0,68.01,Er,II,0.054607,5.5,4.366164,5.5,MC,2.0,12.0
19012,287.8904,4.305426000000001,151100000.0,68.01,Er,II,1.770584,7.5,6.0759669999999995,6.5,MC,2.0,14.0
19121,288.2597,4.299911,17710000.0,68.01,Er,II,0.8921100000000001,4.5,5.191978,3.5,MC,2.0,8.0
19214,288.7103,4.2931989999999995,337100000.0,68.01,Er,II,2.101309,5.5,6.394465,6.5,MC,2.0,14.0
19386,289.3495,4.283716,132100000.0,68.01,Er,II,2.212211,8.5,6.495883,8.5,MC,2.0,18.0
19396,289.3906,4.283108,6424000.0,68.01,Er,II,0.0,6.5,4.283065000000001,6.5,MC,2.0,14.0
19452,289.5921,4.280126999999999,12660000.0,68.01,Er,II,0.636362,4.5,4.916447,4.5,MC,2.0,10.0
19465,289.657,4.2791690000000004,176200000.0,68.01,Er,II,1.9506330000000003,8.5,6.229759,7.5,MC,2.0,16.0
19479,289.6959,4.278593,660400000.0,68.01,Er,II,1.6537979999999999,6.5,5.932348,5.5,MC,2.0,12.0
19635,290.3441,4.269042,139600000.0,68.01,Er,II,1.701012,8.5,5.970011,7.5,MC,2.0,16.0
19657,290.4468,4.267532,221000000.0,68.01,Er,II,0.8461639999999999,7.5,5.113654,8.5,MC,2.0,18.0
19715,290.6504,4.264544,216200000.0,68.01,Er,II,1.770584,7.5,6.035085,8.5,MC,2.0,18.0
19788,290.9576,4.260041,247700000.0,68.01,Er,II,1.588866,9.5,5.848864,8.5,MC,2.0,18.0
19808,291.0362,4.258891,366300000.0,68.01,Er,II,0.8461639999999999,7.5,5.105013,7.5,MC,2.0,16.0
19828,291.1067,4.25786,3323000.0,68.01,Er,II,0.0,6.5,4.257817,5.5,MC,2.0,12.0
19949,291.5624,4.251205000000001,192000000.0,68.01,Er,II,1.322562,6.5,5.573725,7.5,MC,2.0,16.0
20047,291.9285,4.245874,222900000.0,68.01,Er,II,1.770584,7.5,6.016416,6.5,MC,2.0,14.0
20071,292.024,4.244485,5012000.0,68.01,Er,II,0.054607,5.5,4.29905,4.5,MC,2.0,10.0
20272,292.7714,4.23365,178000000.0,68.01,Er,II,1.615257,8.5,5.848864,8.5,MC,2.0,18.0
20287,292.8283,4.2328269999999995,269500000.0,68.01,Er,II,1.816279,9.5,6.0490639999999996,9.5,MC,2.0,20.0
20324,292.9733,4.230733,5082000.0,68.01,Er,II,0.054607,5.5,4.285298,5.5,MC,2.0,12.0
20370,293.1554,4.228104,106600000.0,68.01,Er,II,1.619322,6.5,5.847384,7.5,MC,2.0,16.0
20375,293.1656,4.227958,66280000.0,68.01,Er,II,1.588866,9.5,5.816782,8.5,MC,2.0,18.0
20394,293.26,4.226597,119400000.0,68.01,Er,II,2.101309,5.5,6.327864,5.5,MC,2.0,12.0
20445,293.4506,4.223851,101800000.0,68.01,Er,II,1.701012,8.5,5.924821,9.5,MC,2.0,20.0
20560,293.9318,4.216937000000001,24910000.0,68.01,Er,II,0.8921100000000001,4.5,5.109005000000001,3.5,MC,2.0,8.0
20611,294.1174,4.214277,177700000.0,68.01,Er,II,1.619322,6.5,5.833557,6.5,MC,2.0,14.0
20696,294.4065,4.210138,5848000.0,68.01,Er,II,0.054607,5.5,4.264702,4.5,MC,2.0,10.0
20723,294.528,4.2084019999999995,258000000.0,68.01,Er,II,1.588866,9.5,5.797226,9.5,MC,2.0,20.0
20756,294.6428,4.206762,107600000.0,68.01,Er,II,2.2891630000000003,7.5,6.495883,8.5,MC,2.0,18.0
20865,295.0071,4.201567,88910000.0,68.01,Er,II,1.615257,8.5,5.816782,8.5,MC,2.0,18.0
20903,295.1261,4.199873,26110000.0,68.01,Er,II,0.669972,3.5,4.869802,3.5,MC,2.0,8.0
21019,295.6448,4.1925040000000005,205700000.0,68.01,Er,II,2.063498,6.5,6.255961,6.5,MC,2.0,14.0
21036,295.6953,4.191789,239900000.0,68.01,Er,II,2.063498,6.5,6.255246,7.5,MC,2.0,16.0
21222,296.3901,4.181962,96170000.0,68.01,Er,II,1.615257,8.5,5.797178,7.5,MC,2.0,16.0
21233,296.452,4.18109,277800000.0,68.01,Er,II,0.8461639999999999,7.5,5.0272120000000005,8.5,MC,2.0,18.0
21243,296.483,4.180651999999999,68670000.0,68.01,Er,II,1.535927,5.5,5.716538,6.5,MC,2.0,14.0
21259,296.521,4.180117,12410000.0,68.01,Er,II,0.636362,4.5,4.8164370000000005,4.5,MC,2.0,10.0
21281,296.5872,4.179183999999999,93010000.0,68.01,Er,II,1.701012,8.5,5.880154,9.5,MC,2.0,20.0
21352,296.8761,4.175117,14080000.0,68.01,Er,II,0.0,6.5,4.175075,6.5,MC,2.0,14.0
21390,297.0059,4.173292,5986000.0,68.01,Er,II,0.0,6.5,4.1732510000000005,5.5,MC,2.0,12.0
21413,297.0956,4.172033,16440000.0,68.01,Er,II,0.669972,3.5,4.841963,3.5,MC,2.0,8.0
21421,297.1259,4.171607,36210000.0,68.01,Er,II,1.40216,7.5,5.573725,7.5,MC,2.0,16.0
21477,297.3741,4.168125,40850000.0,68.01,Er,II,0.669972,3.5,4.838055000000001,3.5,MC,2.0,8.0
21524,297.5677,4.165414,137300000.0,68.01,Er,II,1.322562,6.5,5.487934,7.5,MC,2.0,16.0
21646,297.9946,4.159447,1759000.0,68.01,Er,II,0.054607,5.5,4.214012,5.5,MC,2.0,12.0
21735,298.3056,4.15511,167300000.0,68.01,Er,II,1.535927,5.5,5.690996,4.5,MC,2.0,10.0
21739,298.3221,4.154881,87140000.0,68.01,Er,II,1.40216,7.5,5.556998999999999,8.5,MC,2.0,18.0
21792,298.5522,4.151679,23850000.0,68.0,Er,I,0.0,6.0,4.151638,5.0,GK,1.0,11.0
21901,298.9313,4.146414,190400000.0,68.01,Er,II,1.701012,8.5,5.847384,7.5,MC,2.0,16.0
22018,299.4088,4.1398019999999995,92520000.0,68.01,Er,II,2.430923,8.5,6.570683,7.5,MC,2.0,16.0
22070,299.6366,4.136654,4526000.0,68.01,Er,II,0.054607,5.5,4.191219,4.5,MC,2.0,10.0
22108,299.8058,4.1343190000000005,13190000.0,68.01,Er,II,0.636362,4.5,4.77064,4.5,MC,2.0,10.0
22221,300.2406,4.128332,256900000.0,68.01,Er,II,0.8461639999999999,7.5,4.974455,6.5,MC,2.0,14.0
22257,300.3832,4.126373,3701000.0,68.01,Er,II,0.054607,5.5,4.1809389999999995,5.5,MC,2.0,12.0
22357,300.8191,4.120393,158900000.0,68.01,Er,II,1.615257,8.5,5.735608999999999,7.5,MC,2.0,16.0
22393,300.9439,4.118685,1617000.0,68.01,Er,II,0.054607,5.5,4.1732510000000005,5.5,MC,2.0,12.0
22414,301.0307,4.117498,3869000.0,68.01,Er,II,0.054607,5.5,4.172064,4.5,MC,2.0,10.0
22429,301.1162,4.116328,95560000.0,68.01,Er,II,1.619322,6.5,5.735608999999999,7.5,MC,2.0,16.0
22461,301.2478,4.1145309999999995,51990000.0,68.01,Er,II,0.636362,4.5,4.750852,3.5,MC,2.0,8.0
22497,301.3962,4.1125050000000005,5438000.0,68.01,Er,II,0.8461639999999999,7.5,4.958628,7.5,MC,2.0,16.0
22567,301.6839,4.108583,301100000.0,68.01,Er,II,1.816279,9.5,5.924821,9.5,MC,2.0,20.0
22594,301.7745,4.107349,24630000.0,68.01,Er,II,0.8461639999999999,7.5,4.9534720000000005,6.5,MC,2.0,14.0
22642,301.9763,4.104604,3473000.0,68.01,Er,II,0.0,6.5,4.104563,5.5,MC,2.0,12.0
22711,302.273,4.100576,184100000.0,68.01,Er,II,2.1547110000000003,6.5,6.255246,7.5,MC,2.0,16.0
22790,302.5954,4.096207,355700000.0,68.01,Er,II,1.701012,8.5,5.797178,7.5,MC,2.0,16.0
22843,302.8275,4.093068,7841000.0,68.01,Er,II,0.0,6.5,4.093026999999999,6.5,MC,2.0,14.0
22913,303.1309,4.088972,64050000.0,68.01,Er,II,0.8461639999999999,7.5,4.935095,7.5,MC,2.0,16.0
23022,303.6221,4.082357,166700000.0,68.01,Er,II,1.40216,7.5,5.484475,8.5,MC,2.0,18.0
23344,304.9185,4.0650010000000005,139100000.0,68.01,Er,II,2.430923,8.5,6.495883,8.5,MC,2.0,18.0
23361,304.9999,4.063916000000001,83610000.0,68.01,Er,II,1.816279,9.5,5.880154,9.5,MC,2.0,20.0
23384,305.0851,4.062781,82400000.0,68.01,Er,II,1.6537979999999999,6.5,5.716538,6.5,MC,2.0,14.0
23438,305.3783,4.05888,247800000.0,68.01,Er,II,2.1547110000000003,6.5,6.21355,6.5,MC,2.0,14.0
23606,306.1292,4.048925,38350000.0,68.01,Er,II,1.588866,9.5,5.63775,8.5,MC,2.0,18.0
23620,306.1682,4.0484089999999995,75310000.0,68.01,Er,II,1.322562,6.5,5.370931,6.5,MC,2.0,14.0
23698,306.483,4.04425,1845000.0,68.01,Er,II,0.0,6.5,4.04421,5.5,MC,2.0,12.0
23732,306.6221,4.042416,35950000.0,68.01,Er,II,0.636362,4.5,4.678738,4.5,MC,2.0,10.0
23805,306.9224,4.038461,3537000.0,68.01,Er,II,0.054607,5.5,4.093026999999999,6.5,MC,2.0,14.0
23835,307.0742,4.036465,206700000.0,68.01,Er,II,1.322562,6.5,5.358987,7.5,MC,2.0,16.0
23908,307.3344,4.033048,13850000.0,68.01,Er,II,0.0,6.5,4.033008000000001,6.5,ML,2.0,14.0
24033,307.8249,4.026622,188400000.0,68.01,Er,II,2.049386,5.5,6.0759669999999995,6.5,MC,2.0,14.0
24047,307.8872,4.025807,153800000.0,68.01,Er,II,1.588866,9.5,5.614633,8.5,MC,2.0,18.0
24107,308.1377,4.022533999999999,54090000.0,68.01,Er,II,1.615257,8.5,5.63775,8.5,MC,2.0,18.0
24250,308.7805,4.014161,15180000.0,68.01,Er,II,0.886441,5.5,4.900562,5.5,MC,2.0,12.0
24385,309.3136,4.007243,86680000.0,68.01,Er,II,1.322562,6.5,5.329765,5.5,MC,2.0,12.0
24542,309.9189,3.9994160000000005,273000000.0,68.01,Er,II,1.615257,8.5,5.614633,8.5,MC,2.0,18.0
24634,310.2686,3.994909,179600000.0,68.01,Er,II,1.6537979999999999,6.5,5.648666,5.5,MC,2.0,12.0
24727,310.6781,3.989643,4899000.0,68.01,Er,II,0.054607,5.5,4.04421,5.5,ML,2.0,12.0
24898,311.3537,3.9809870000000003,312800000.0,68.01,Er,II,1.816279,9.5,5.797226,9.5,MC,2.0,20.0
24933,311.5094,3.978997,16170000.0,68.01,Er,II,0.886441,5.5,4.865398,5.5,MC,2.0,12.0
24943,311.5529,3.9784410000000006,3394000.0,68.01,Er,II,0.054607,5.5,4.033008000000001,6.5,MC,2.0,14.0
24978,311.6948,3.97663,4020000.0,68.01,Er,II,0.0,6.5,3.9765900000000003,5.5,MC,2.0,12.0
25021,311.8833,3.9742269999999995,203200000.0,68.01,Er,II,1.9506330000000003,8.5,5.924821,9.5,MC,2.0,20.0
25105,312.2722,3.969278,86420000.0,68.01,Er,II,0.636362,4.5,4.605601,5.5,MC,2.0,12.0
25116,312.3089,3.968811,43910000.0,68.01,Er,II,1.40216,7.5,5.370931,6.5,MC,2.0,14.0
25228,312.7383,3.963362,6658000.0,68.01,Er,II,0.636362,4.5,4.599684,5.5,MC,2.0,12.0
25341,313.2517,3.956867,135800000.0,68.01,Er,II,1.40216,7.5,5.358987,7.5,MC,2.0,16.0
25429,313.5615,3.952957,191500000.0,68.01,Er,II,2.063498,6.5,6.016416,6.5,MC,2.0,14.0
25487,313.7853,3.950138,112600000.0,68.01,Er,II,1.619322,6.5,5.56942,6.5,MC,2.0,14.0
25504,313.8497,3.949328,288700000.0,68.01,Er,II,2.099776,9.5,6.0490639999999996,9.5,MC,2.0,20.0
25574,314.1095,3.9460610000000003,19000000.0,68.01,Er,II,0.054607,5.5,4.000629,4.5,ML,2.0,10.0
25636,314.3635,3.9428739999999998,1999000.0,68.01,Er,II,0.0,6.5,3.9428339999999995,5.5,MC,2.0,12.0
25658,314.4506,3.9417809999999998,105100000.0,68.01,Er,II,1.615257,8.5,5.556998999999999,8.5,MC,2.0,18.0
25790,315.0548,3.934222,13580000.0,68.01,Er,II,0.636362,4.5,4.570545,5.5,MC,2.0,12.0
26019,316.0348,3.922022,5155000.0,68.01,Er,II,0.054607,5.5,3.9765900000000003,5.5,MC,2.0,12.0
26172,316.7101,3.9136599999999997,143300000.0,68.01,Er,II,1.701012,8.5,5.614633,8.5,MC,2.0,18.0
26306,317.2615,3.906859,7922000.0,68.01,Er,II,0.636362,4.5,4.543182,5.5,MC,2.0,12.0
26469,317.9605,3.8982699999999997,103200000.0,68.01,Er,II,1.9506330000000003,8.5,5.848864,8.5,MC,2.0,18.0
26516,318.1613,3.895809,25090000.0,68.01,Er,II,0.669972,3.5,4.565742,3.5,MC,2.0,8.0
26522,318.1745,3.8956480000000004,90010000.0,68.01,Er,II,1.588866,9.5,5.484475,8.5,MC,2.0,18.0
26531,318.1925,3.895428,669000000.0,68.01,Er,II,1.369113,4.5,5.264501,3.5,MC,2.0,8.0
26578,318.3419,3.8936,12190000.0,68.01,Er,II,0.054607,5.5,3.948168,4.5,ML,2.0,10.0
26627,318.5247,3.8913660000000005,5629000.0,68.01,Er,II,0.0,6.5,3.8913269999999995,5.5,MC,2.0,12.0
26689,318.7786,3.8882660000000002,2078000.0,68.01,Er,II,0.054607,5.5,3.9428339999999995,5.5,ML,2.0,12.0
26987,320.0586,3.8727160000000005,199200000.0,68.01,Er,II,1.615257,8.5,5.487934,7.5,MC,2.0,16.0
27046,320.3448,3.869257,67980000.0,68.01,Er,II,1.615257,8.5,5.484475,8.5,MC,2.0,18.0
27059,320.3949,3.8686510000000003,51450000.0,68.01,Er,II,1.619322,6.5,5.487934,7.5,MC,2.0,16.0
27079,320.5147,3.8672050000000002,184900000.0,68.01,Er,II,1.770584,7.5,5.63775,8.5,MC,2.0,18.0
27146,320.805,3.863707,38050000.0,68.01,Er,II,1.588866,9.5,5.452534,9.5,MC,2.0,20.0
27298,321.444,3.8560260000000004,181300000.0,68.01,Er,II,1.701012,8.5,5.556998999999999,8.5,MC,2.0,18.0
27471,322.3305,3.845421,29520000.0,68.01,Er,II,0.636362,4.5,4.481745,5.5,ML,2.0,12.0
27634,323.0583,3.836758,52620000.0,68.01,Er,II,0.054607,5.5,3.8913269999999995,5.5,MC,2.0,12.0
27671,323.2029,3.8350419999999996,142200000.0,68.01,Er,II,1.535927,5.5,5.370931,6.5,MC,2.0,14.0
27819,323.7977,3.8279980000000005,25310000.0,68.01,Er,II,0.636362,4.5,4.464322,4.5,ML,2.0,10.0
27944,324.3474,3.82151,73210000.0,68.01,Er,II,1.816279,9.5,5.63775,8.5,MC,2.0,18.0
28063,324.9338,3.8146129999999996,16610000.0,68.01,Er,II,0.636362,4.5,4.450937000000001,4.5,ML,2.0,10.0
28375,326.2801,3.798875,162000000.0,68.01,Er,II,1.770584,7.5,5.56942,6.5,MC,2.0,14.0
28417,326.4781,3.7965709999999997,57550000.0,68.01,Er,II,0.0,6.5,3.796533,6.5,ML,2.0,14.0
28462,326.6659,3.7943879999999996,9197000.0,68.01,Er,II,0.669972,3.5,4.464322,4.5,MC,2.0,10.0
28479,326.71,3.793875,262000000.0,68.01,Er,II,1.535927,5.5,5.329765,5.5,MC,2.0,12.0
28482,326.7176,3.7937870000000005,177600000.0,68.01,Er,II,1.588866,9.5,5.382615,9.5,MC,2.0,20.0
28527,326.9411,3.7911940000000004,242000000.0,68.01,Er,II,1.619322,6.5,5.4104779999999995,5.5,MC,2.0,12.0
28632,327.3321,3.7866660000000003,14990000.0,68.01,Er,II,0.8921100000000001,4.5,4.678738,4.5,MC,2.0,10.0
28729,327.8223,3.7810029999999997,19620000.0,68.01,Er,II,0.669972,3.5,4.450937000000001,4.5,ML,2.0,10.0
28748,327.9325,3.7797330000000002,37940000.0,68.01,Er,II,0.636362,4.5,4.416057,5.5,ML,2.0,12.0
28771,328.0217,3.7787050000000004,13310000.0,68.01,Er,II,0.054607,5.5,3.833273,4.5,ML,2.0,10.0
28920,328.6179,3.77185,29140000.0,68.01,Er,II,0.8921100000000001,4.5,4.6639230000000005,4.5,MC,2.0,10.0
28935,328.6769,3.771172,57310000.0,68.01,Er,II,0.669972,3.5,4.4411059999999996,3.5,MC,2.0,8.0
29042,329.1267,3.7660190000000004,18580000.0,68.01,Er,II,1.350676,3.5,5.116657,4.5,ML,2.0,10.0
29275,330.1932,3.753855,39840000.0,68.01,Er,II,1.350676,3.5,5.104493,4.5,MC,2.0,10.0
29311,330.3876,3.751647,191700000.0,68.01,Er,II,1.619322,6.5,5.370931,6.5,MC,2.0,14.0
29314,330.3953,3.75156,161400000.0,68.01,Er,II,1.701012,8.5,5.452534,9.5,MC,2.0,20.0
29356,330.5566,3.749729,27250000.0,68.01,Er,II,0.8921100000000001,4.5,4.641801999999999,4.5,ML,2.0,10.0
29414,330.746,3.747581,17570000.0,68.01,Er,II,1.369113,4.5,5.116657,4.5,ML,2.0,10.0
29545,331.2426,3.7419629999999997,36510000.0,68.01,Er,II,0.054607,5.5,3.796533,6.5,ML,2.0,14.0
29580,331.3494,3.740758,62230000.0,68.01,Er,II,1.816279,9.5,5.556998999999999,8.5,MC,2.0,18.0
29609,331.4429,3.739702,89320000.0,68.01,Er,II,1.619322,6.5,5.358987,7.5,MC,2.0,16.0
29626,331.4944,3.739121,1327000.0,68.01,Er,II,0.0,6.5,3.7390830000000004,5.5,MC,2.0,12.0
29712,331.8231,3.735418,35650000.0,68.01,Er,II,1.369113,4.5,5.104493,4.5,MC,2.0,10.0
29725,331.8774,3.734806,2305000.0,68.01,Er,II,0.0,6.5,3.734768,5.5,ML,2.0,12.0
29845,332.3194,3.729839,37810000.0,68.01,Er,II,0.636362,4.5,4.366164,5.5,ML,2.0,12.0
30097,333.2703,3.7191970000000003,92280000.0,68.01,Er,II,0.886441,5.5,4.605601,5.5,MC,2.0,12.0
30209,333.6738,3.714699,11380000.0,68.01,Er,II,0.886441,5.5,4.601103,4.5,MC,2.0,10.0
30227,333.7248,3.7141319999999998,40180000.0,68.01,Er,II,0.669972,3.5,4.384067,3.5,MC,2.0,8.0
30240,333.7791,3.7135269999999996,34820000.0,68.01,Er,II,0.8921100000000001,4.5,4.605601,5.5,MC,2.0,12.0
30296,334.0026,3.711043,20020000.0,68.01,Er,II,0.636362,4.5,4.3473690000000005,4.5,MC,2.0,10.0
30301,334.0479,3.71054,73990000.0,68.01,Er,II,1.5622120000000002,2.5,5.272715,3.5,MC,2.0,8.0
30333,334.1839,3.7090300000000003,41390000.0,68.01,Er,II,0.8921100000000001,4.5,4.601103,4.5,MC,2.0,10.0
30410,334.4374,3.7062190000000004,1197000.0,68.01,Er,II,0.0,6.5,3.706182,6.5,MC,2.0,14.0
30452,334.6034,3.7043800000000005,27340000.0,68.01,Er,II,0.054607,5.5,3.75895,4.5,MC,2.0,10.0
30490,334.7638,3.702605,50050000.0,68.01,Er,II,1.369113,4.5,5.071681,4.5,MC,2.0,10.0
30491,334.7734,3.702499,28140000.0,68.01,Er,II,0.8921100000000001,4.5,4.594572,3.5,MC,2.0,8.0
30499,334.8141,3.7020489999999997,2774000.0,68.01,Er,II,0.0,6.5,3.7020120000000003,5.5,MC,2.0,12.0
30511,334.8762,3.701362,29920000.0,68.01,Er,II,1.350676,3.5,5.052001000000001,3.5,MC,2.0,8.0
30545,335.0064,3.6999239999999998,198900000.0,68.01,Er,II,1.6827279999999998,10.5,5.382615,9.5,MC,2.0,20.0
30549,335.0263,3.699704,22830000.0,68.01,Er,II,0.636362,4.5,4.33603,5.5,MC,2.0,12.0
30724,335.8153,3.691011,17280000.0,68.01,Er,II,0.636362,4.5,4.327337,3.5,MC,2.0,8.0
30787,336.1013,3.687872,54680000.0,68.01,Er,II,1.6810189999999998,2.5,5.368854,3.5,ML,2.0,8.0
30808,336.1666,3.687154,75940000.0,68.01,Er,II,1.9506330000000003,8.5,5.63775,8.5,MC,2.0,18.0
30878,336.4076,3.684514,15880000.0,68.01,Er,II,0.054607,5.5,3.7390830000000004,5.5,ML,2.0,12.0
30939,336.6685,3.681658,141700000.0,68.0,Er,I,0.9543010000000001,7.0,4.635922,7.0,MC,1.0,15.0
30975,336.802,3.6801980000000003,20560000.0,68.01,Er,II,0.054607,5.5,3.734768,5.5,ML,2.0,12.0
31045,337.0553,3.677433,24460000.0,68.01,Er,II,0.669972,3.5,4.3473690000000005,4.5,ML,2.0,10.0
31098,337.2752,3.675035,121300000.0,68.01,Er,II,0.0,6.5,3.6749989999999997,7.5,ML,2.0,16.0
31133,337.417,3.6734910000000003,11260000.0,68.01,Er,II,0.0,6.5,3.673454,6.5,ML,2.0,14.0
31179,337.6094,3.6713970000000002,11750000.0,68.01,Er,II,0.886441,5.5,4.557802,4.5,MC,2.0,10.0
31208,337.699,3.6704230000000004,105800000.0,68.01,Er,II,1.6810189999999998,2.5,5.351406,2.5,MC,2.0,6.0
31262,337.9007,3.6682330000000003,41880000.0,68.01,Er,II,1.816279,9.5,5.484475,8.5,MC,2.0,18.0
31323,338.1076,3.6659889999999997,1806000.0,68.01,Er,II,0.054607,5.5,3.7205589999999997,6.5,MC,2.0,14.0
31329,338.1316,3.665728,30250000.0,68.01,Er,II,0.8921100000000001,4.5,4.557802,4.5,ML,2.0,10.0
31348,338.2066,3.664915,143000000.0,68.0,Er,I,0.8897729999999999,6.0,4.554651,7.0,MC,1.0,15.0
31414,338.5074,3.6616589999999998,37900000.0,68.01,Er,II,0.054607,5.5,3.7162290000000002,6.5,ML,2.0,14.0
31541,338.9593,3.6567769999999995,15860000.0,68.01,Er,II,0.886441,5.5,4.543182,5.5,MC,2.0,12.0
31546,338.9739,3.656619,6329000.0,68.01,Er,II,0.0,6.5,3.6565830000000004,5.5,MC,2.0,12.0
31604,339.1987,3.654197,23490000.0,68.01,Er,II,0.0,6.5,3.65416,7.5,ML,2.0,16.0
31665,339.4093,3.651929,21790000.0,68.01,Er,II,1.322562,6.5,4.974455,6.5,MC,2.0,14.0
31674,339.4388,3.651611,1217000.0,68.01,Er,II,0.054607,5.5,3.706182,6.5,MC,2.0,14.0
31692,339.4856,3.6511080000000002,8186000.0,68.01,Er,II,0.8921100000000001,4.5,4.543182,5.5,ML,2.0,12.0
31741,339.6843,3.648972,10530000.0,68.01,Er,II,0.636362,4.5,4.285298,5.5,ML,2.0,12.0
31783,339.8269,3.647441,2973000.0,68.01,Er,II,0.054607,5.5,3.7020120000000003,5.5,MC,2.0,12.0
31834,340.1197,3.644301,9150000.0,68.01,Er,II,1.369113,4.5,5.013376999999999,5.5,ML,2.0,12.0
31976,340.6956,3.6381419999999998,1289000.0,68.01,Er,II,0.054607,5.5,3.692712,4.5,MC,2.0,10.0
32014,340.8689,3.6362910000000004,90920000.0,68.01,Er,II,1.816279,9.5,5.452534,9.5,MC,2.0,20.0
32044,340.9872,3.6350300000000004,143200000.0,68.0,Er,I,1.159265,8.0,4.794258999999999,8.0,MC,1.0,17.0
32270,342.0177,3.624078,108100000.0,68.01,Er,II,1.350676,3.5,4.974718,2.5,MC,2.0,6.0
32340,342.2897,3.621199,176500000.0,68.0,Er,I,1.159265,8.0,4.780428,8.0,MC,1.0,17.0
32387,342.5087,3.6188830000000003,2873000.0,68.01,Er,II,0.054607,5.5,3.673454,6.5,ML,2.0,14.0
32456,342.8388,3.6153989999999996,297600000.0,68.01,Er,II,0.8921100000000001,4.5,4.507473,0.0,ML,2.0,1.0
32493,342.988,3.613826,192000000.0,68.01,Er,II,1.369113,4.5,4.982903,0.0,ML,2.0,1.0
32518,343.1061,3.612582,114400000.0,68.0,Er,I,1.159265,8.0,4.7718110000000005,9.0,MC,1.0,19.0
32571,343.3128,3.610407,2429000.0,68.01,Er,II,0.0,6.5,3.6103709999999998,6.5,ML,2.0,14.0
32612,343.4634,3.608824,46360000.0,68.01,Er,II,1.350676,3.5,4.959464,4.5,MC,2.0,10.0
32694,343.7634,3.605675,15930000.0,68.01,Er,II,1.369113,4.5,4.974752,5.5,ML,2.0,12.0
32768,344.113,3.602012,10080000.0,68.01,Er,II,0.054607,5.5,3.6565830000000004,5.5,ML,2.0,12.0
32816,344.2683,3.6003870000000004,247200000.0,68.0,Er,I,0.9543010000000001,7.0,4.554651,7.0,MC,1.0,15.0
32847,344.375,3.599272,24540000.0,68.01,Er,II,1.560713,3.5,5.159949,4.5,ML,2.0,10.0
32948,344.7516,3.59534,9347000.0,68.01,Er,II,0.886441,5.5,4.481745,5.5,MC,2.0,12.0
32960,344.8066,3.5947660000000003,10960000.0,68.01,Er,II,0.669972,3.5,4.264702,4.5,MC,2.0,10.0
33091,345.3656,3.5889480000000002,85550000.0,68.0,Er,I,0.8897729999999999,6.0,4.478685,7.0,MC,1.0,15.0
33293,346.1386,3.5809339999999996,219900000.0,68.01,Er,II,2.1547110000000003,6.5,5.735608999999999,7.5,MC,2.0,16.0
33373,346.4528,3.577686,8043000.0,68.01,Er,II,0.636362,4.5,4.214012,5.5,ML,2.0,12.0
33492,346.951,3.572549,339200000.0,68.0,Er,I,0.9543010000000001,7.0,4.526814,6.0,MC,1.0,13.0
33502,346.9722,3.5723309999999997,66860000.0,68.01,Er,II,1.40216,7.5,4.974455,6.5,MC,2.0,14.0
33718,347.9414,3.562381,30750000.0,68.01,Er,II,0.8921100000000001,4.5,4.454455,3.5,ML,2.0,8.0
33749,348.0436,3.5613339999999996,24630000.0,68.01,Er,II,1.369113,4.5,4.930411,5.5,ML,2.0,12.0
33849,348.4553,3.5571269999999995,8778000.0,68.01,Er,II,0.8921100000000001,4.5,4.449202,5.5,MC,2.0,12.0
33865,348.5163,3.556504,39840000.0,68.01,Er,II,1.40216,7.5,4.958628,7.5,MC,2.0,16.0
33887,348.5853,3.5558,6857000.0,68.01,Er,II,0.054607,5.5,3.6103709999999998,6.5,ML,2.0,14.0
33903,348.6824,3.55481,22130000.0,68.01,Er,II,0.669972,3.5,4.224746,4.5,MC,2.0,10.0
33948,348.9348,3.552239,159100000.0,68.0,Er,I,1.068814,9.0,4.621017,9.0,MC,1.0,19.0
34010,349.2501,3.549032,18130000.0,68.01,Er,II,0.8921100000000001,4.5,4.4411059999999996,3.5,MC,2.0,8.0
34112,349.6856,3.5446120000000003,10410000.0,68.01,Er,II,0.636362,4.5,4.1809389999999995,5.5,ML,2.0,12.0
34168,349.9103,3.542336,74470000.0,68.01,Er,II,0.054607,5.5,3.596907,4.5,ML,2.0,10.0
34250,350.2779,3.538618,295100000.0,68.0,Er,I,0.8897729999999999,6.0,4.428356,7.0,MC,1.0,15.0
34294,350.5067,3.5363089999999997,8286000.0,68.01,Er,II,0.886441,5.5,4.422715,6.5,ML,2.0,14.0
34317,350.5682,3.535688,221600000.0,68.0,Er,I,1.197173,10.0,4.732825,9.0,MC,1.0,19.0
34373,350.8379,3.532971,78080000.0,68.01,Er,II,1.40216,7.5,4.935095,7.5,MC,2.0,16.0
34382,350.8807,3.532539,120300000.0,68.0,Er,I,1.309015,9.0,4.841519,8.0,MC,1.0,17.0
34384,350.8929,3.5324160000000004,44110000.0,68.0,Er,I,0.8897729999999999,6.0,4.422154,6.0,MC,1.0,13.0
34597,351.8176,3.523133,72960000.0,68.01,Er,II,1.322562,6.5,4.84566,6.5,MC,2.0,14.0
34689,352.2518,3.51879,112500000.0,68.0,Er,I,0.8897729999999999,6.0,4.408528,6.0,MC,1.0,13.0
34734,352.4913,3.516399,5826000.0,68.01,Er,II,0.0,6.5,3.516364,5.5,ML,2.0,12.0
35047,353.9471,3.501936,110100000.0,68.01,Er,II,1.9506330000000003,8.5,5.452534,9.5,MC,2.0,20.0
35119,354.3017,3.4984319999999998,67430000.0,68.01,Er,II,1.615257,8.5,5.113654,8.5,MC,2.0,18.0
35196,354.5857,3.495629,138200000.0,68.0,Er,I,0.8897729999999999,6.0,4.385367,6.0,MC,1.0,13.0
35261,354.8263,3.49326,7832000.0,68.01,Er,II,0.636362,4.5,4.129587,4.5,ML,2.0,10.0
35296,354.9618,3.4919260000000003,1395000000.0,68.0,Er,I,0.892066,0.0,4.383957,0.0,MC,1.0,1.0
35301,354.9844,3.491704,45760000.0,68.01,Er,II,0.669972,3.5,4.161641,4.5,MC,2.0,10.0
35346,355.179,3.4897910000000003,41770000.0,68.01,Er,II,1.615257,8.5,5.105013,7.5,MC,2.0,16.0
35386,355.3203,3.488403,21460000.0,68.01,Er,II,0.669972,3.5,4.15834,3.5,MC,2.0,8.0
35420,355.43,3.4873260000000004,13560000.0,68.01,Er,II,0.886441,5.5,4.373732,6.5,MC,2.0,14.0
35465,355.6387,3.4852800000000004,159400000.0,68.0,Er,I,1.309015,9.0,4.794258999999999,8.0,MC,1.0,17.0
35483,355.7072,3.484609,409500000.0,68.0,Er,I,1.413568,5.0,4.898142,5.0,MC,1.0,11.0
35524,355.8714,3.4830010000000002,237200000.0,68.0,Er,I,1.068814,9.0,4.55178,10.0,MC,1.0,21.0
35551,355.9894,3.481846,6853000.0,68.01,Er,II,0.0,6.5,3.481811,6.5,ML,2.0,14.0
35635,356.3544,3.4782800000000003,5250000.0,68.0,Er,I,0.0,6.0,3.478246,6.0,GK,1.0,13.0
35686,356.5172,3.476691,244700000.0,68.0,Er,I,1.159265,8.0,4.635922,7.0,MC,1.0,15.0
35809,356.9274,3.472697,121400000.0,68.0,Er,I,0.8897729999999999,6.0,4.362435,5.0,MC,1.0,11.0
35828,356.9934,3.472055,241400000.0,68.0,Er,I,1.432968,8.0,4.9049879999999995,9.0,MC,1.0,19.0
35844,357.0558,3.4714480000000005,154900000.0,68.0,Er,I,1.309015,9.0,4.780428,8.0,MC,1.0,17.0
35852,357.0753,3.471258,45640000.0,68.01,Er,II,0.636362,4.5,4.107586,4.5,MC,2.0,10.0
35928,357.3865,3.468236,4250000.0,68.01,Er,II,0.636362,4.5,4.104563,5.5,ML,2.0,12.0
36061,357.9443,3.4628309999999995,162000000.0,68.0,Er,I,1.309015,9.0,4.7718110000000005,9.0,MC,1.0,19.0
36084,358.0518,3.461792,7410000.0,68.01,Er,II,0.054607,5.5,3.516364,5.5,ML,2.0,12.0
36237,358.66,3.455921,180200000.0,68.0,Er,I,1.068814,9.0,4.5247,9.0,MC,1.0,19.0
36279,358.8323,3.4542610000000002,114900000.0,68.0,Er,I,0.9543010000000001,7.0,4.408528,6.0,MC,1.0,13.0
36553,359.9501,3.443535,116800000.0,68.01,Er,II,1.40216,7.5,4.84566,6.5,MC,2.0,14.0
36561,359.9825,3.443225,186300000.0,68.01,Er,II,1.322562,6.5,4.765753,5.5,MC,2.0,12.0
36681,360.4707,3.438562,53950000.0,68.01,Er,II,1.535927,5.5,4.974455,6.5,MC,2.0,14.0
36684,360.4897,3.4383800000000004,115000000.0,68.01,Er,II,1.588866,9.5,5.0272120000000005,8.5,MC,2.0,18.0
36711,360.5694,3.43762,81190000.0,68.0,Er,I,0.8627229999999999,5.0,4.3003089999999995,5.0,MC,1.0,11.0
36759,360.7423,3.435973,235400000.0,68.0,Er,I,1.159265,8.0,4.595204,9.0,MC,1.0,19.0
36997,361.6566,3.427287,19820000.0,68.01,Er,II,0.0,6.5,3.427253,5.5,ML,2.0,12.0
37033,361.7851,3.4260699999999997,100900000.0,68.01,Er,II,1.588866,9.5,5.014901999999999,9.5,MC,2.0,20.0
37058,361.8916,3.425061,12790000.0,68.01,Er,II,0.669972,3.5,4.094999,4.5,ML,2.0,10.0
37214,362.5281,3.4190480000000005,88530000.0,68.01,Er,II,2.1547110000000003,6.5,5.573725,7.5,MC,2.0,16.0
37282,362.8038,3.41645,203800000.0,68.0,Er,I,0.6242840000000001,4.0,4.0407,5.0,MC,1.0,11.0
37366,363.2086,3.412643,17160000.0,68.01,Er,II,0.886441,5.5,4.29905,4.5,MC,2.0,10.0
37381,363.2782,3.411989,22710000.0,68.01,Er,II,1.615257,8.5,5.0272120000000005,8.5,MC,2.0,18.0
37395,363.3263,3.411537,120400000.0,68.0,Er,I,1.068814,9.0,4.480316999999999,9.0,MC,1.0,19.0
37404,363.3536,3.41128,7279000.0,68.01,Er,II,0.0,6.5,3.411246,6.5,ML,2.0,14.0
37489,363.641,3.408584,238300000.0,68.0,Er,I,1.432968,8.0,4.841519,8.0,MC,1.0,17.0
37508,363.716,3.407882,4199000.0,68.01,Er,II,0.636362,4.5,4.04421,5.5,ML,2.0,12.0
37605,364.127,3.404035,82460000.0,68.01,Er,II,1.701012,8.5,5.105013,7.5,MC,2.0,16.0
37713,364.5936,3.399679,179600000.0,68.01,Er,II,1.615257,8.5,5.014901999999999,9.5,MC,2.0,20.0
37731,364.6782,3.3988910000000003,4110000.0,68.01,Er,II,0.886441,5.5,4.285298,5.5,MC,2.0,12.0
37836,365.0408,3.395514,15710000.0,68.01,Er,II,0.669972,3.5,4.065452,3.5,ML,2.0,8.0
37896,365.2585,3.3934900000000003,15300000.0,68.01,Er,II,0.636362,4.5,4.029819,4.5,MC,2.0,10.0
37901,365.2875,3.393221,31650000.0,68.01,Er,II,0.8921100000000001,4.5,4.285298,5.5,MC,2.0,12.0
38031,365.9576,3.3870080000000002,58070000.0,68.0,Er,I,0.9543010000000001,7.0,4.341275,7.0,MC,1.0,15.0
38055,366.0781,3.385893,151900000.0,68.01,Er,II,2.430923,8.5,5.816782,8.5,MC,2.0,18.0
38092,366.2035,3.3847339999999995,71310000.0,68.01,Er,II,2.099776,9.5,5.484475,8.5,MC,2.0,18.0
38118,366.2863,3.3839690000000004,65430000.0,68.0,Er,I,0.9543010000000001,7.0,4.338236,8.0,MC,1.0,17.0
38161,366.4444,3.382508,147200000.0,68.0,Er,I,0.8897729999999999,6.0,4.272247,6.0,MC,1.0,13.0
38263,366.9015,3.3782949999999996,10490000.0,68.01,Er,II,0.886441,5.5,4.264702,4.5,ML,2.0,10.0
38411,367.5182,3.3726260000000003,5839000.0,68.01,Er,II,0.8921100000000001,4.5,4.264702,4.5,MC,2.0,10.0
38444,367.6508,3.37141,11370000.0,68.01,Er,II,0.886441,5.5,4.257817,5.5,MC,2.0,12.0
38504,367.8952,3.3691699999999996,87090000.0,68.0,Er,I,1.068814,9.0,4.43795,8.0,MC,1.0,17.0
38527,368.0102,3.368117,47210000.0,68.01,Er,II,1.6810189999999998,2.5,5.049103,2.5,MC,2.0,6.0
38589,368.2701,3.36574,30020000.0,68.01,Er,II,0.8921100000000001,4.5,4.257817,5.5,MC,2.0,12.0
38612,368.4012,3.364543,126300000.0,68.0,Er,I,0.8897729999999999,6.0,4.254282,6.0,MC,1.0,13.0
38622,368.4278,3.3643,8302000.0,68.01,Er,II,0.636362,4.5,4.000629,4.5,ML,2.0,10.0
38733,368.9124,3.3598800000000004,2819000.0,68.01,Er,II,0.669972,3.5,4.029819,4.5,ML,2.0,10.0
38798,369.2649,3.3566730000000002,47870000.0,68.01,Er,II,0.054607,5.5,3.411246,6.5,ML,2.0,14.0
38891,369.6249,3.3534040000000003,13440000.0,68.01,Er,II,0.886441,5.5,4.239812000000001,4.5,ML,2.0,10.0
38905,369.6924,3.352792,87530000.0,68.01,Er,II,2.099776,9.5,5.452534,9.5,MC,2.0,20.0
38924,369.768,3.3521059999999996,146900000.0,68.0,Er,I,0.9543010000000001,7.0,4.306373000000001,7.0,MC,1.0,15.0
39000,370.072,3.349353,2496000.0,68.01,Er,II,0.054607,5.5,3.4039260000000002,4.5,ML,2.0,10.0
39025,370.1568,3.348586,16520000.0,68.01,Er,II,0.8921100000000001,4.5,4.240663,3.5,MC,2.0,8.0
39048,370.2508,3.3477349999999997,2432000.0,68.01,Er,II,0.8921100000000001,4.5,4.239812000000001,4.5,MC,2.0,10.0
39123,370.5772,3.344787,32890000.0,68.0,Er,I,0.8897729999999999,6.0,4.234527,7.0,MC,1.0,15.0
39134,370.652,3.3441120000000004,76590000.0,68.0,Er,I,1.159265,8.0,4.503343,9.0,MC,1.0,19.0
39173,370.7638,3.3431029999999997,146700000.0,68.01,Er,II,1.770584,7.5,5.113654,8.5,MC,2.0,18.0
39243,371.0793,3.340261,1116000.0,68.01,Er,II,0.636362,4.5,3.9765900000000003,5.5,MC,2.0,12.0
39273,371.1818,3.339339,22370000.0,68.01,Er,II,1.619322,6.5,4.958628,7.5,MC,2.0,16.0
39285,371.2392,3.338822,22830000.0,68.01,Er,II,0.8461639999999999,7.5,4.184953,6.5,MC,2.0,14.0
39384,371.5982,3.335597,60740000.0,68.0,Er,I,0.8627229999999999,5.0,4.198286,4.0,MC,1.0,9.0
39418,371.7247,3.3344620000000003,31210000.0,68.01,Er,II,1.770584,7.5,5.105013,7.5,MC,2.0,16.0
39466,371.9352,3.332575,118600000.0,68.0,Er,I,0.8897729999999999,6.0,4.222315,6.0,MC,1.0,13.0
39519,372.1457,3.33069,4050000.0,68.01,Er,II,0.669972,3.5,4.000629,4.5,MC,2.0,10.0
39576,372.3639,3.3287379999999995,33330000.0,68.01,Er,II,1.5622120000000002,2.5,4.890917,2.5,MC,2.0,6.0
39592,372.4358,3.328096,32270000.0,68.01,Er,II,1.350676,3.5,4.678738,4.5,MC,2.0,10.0
39606,372.4908,3.327604,12630000.0,68.01,Er,II,0.886441,5.5,4.214012,5.5,MC,2.0,12.0
39719,372.9524,3.323485,12630000.0,68.01,Er,II,0.0,6.5,3.3234519999999996,5.5,ML,2.0,12.0
39776,373.1265,3.321935,24770000.0,68.01,Er,II,0.8921100000000001,4.5,4.214012,5.5,MC,2.0,12.0
39801,373.222,3.321085,20620000.0,68.0,Er,I,1.159265,8.0,4.480316999999999,9.0,MC,1.0,19.0
39856,373.4453,3.3190989999999996,8716000.0,68.01,Er,II,0.636362,4.5,3.955428,3.5,MC,2.0,8.0
39860,373.4583,3.3189839999999995,2926000.0,68.01,Er,II,0.0,6.5,3.31895,6.5,ML,2.0,14.0
39882,373.5713,3.3179800000000004,27110000.0,68.0,Er,I,0.9543010000000001,7.0,4.272247,6.0,MC,1.0,13.0
39943,373.8162,3.315806,115200000.0,68.01,Er,II,1.619322,6.5,4.935095,7.5,MC,2.0,16.0
39995,374.0286,3.3139230000000004,36820000.0,68.01,Er,II,1.701012,8.5,5.014901999999999,9.5,MC,2.0,20.0
40010,374.1102,3.3132,12410000.0,68.01,Er,II,0.8461639999999999,7.5,4.159331,7.5,MC,2.0,16.0
40051,374.264,3.311839,15580000.0,68.01,Er,II,0.636362,4.5,3.948168,4.5,ML,2.0,10.0
40105,374.4984,3.309766,39800000.0,68.01,Er,II,1.535927,5.5,4.84566,6.5,MC,2.0,14.0
40109,374.5106,3.3096589999999995,26730000.0,68.01,Er,II,1.369113,4.5,4.678738,4.5,MC,2.0,10.0
40125,374.5712,3.3091230000000005,20260000.0,68.01,Er,II,1.560713,3.5,4.869802,3.5,MC,2.0,8.0
40162,374.743,3.307605,317300000.0,68.0,Er,I,0.8897729999999999,6.0,4.197344999999999,6.0,MC,1.0,13.0
40211,374.9019,3.306204,26630000.0,68.0,Er,I,1.197173,10.0,4.503343,9.0,MC,1.0,19.0
40243,375.054,3.3048629999999997,42910000.0,68.01,Er,II,1.6537979999999999,6.5,4.958628,7.5,MC,2.0,16.0
40286,375.1972,3.3036019999999997,30220000.0,68.01,Er,II,1.635161,1.5,4.9387300000000005,1.5,MC,2.0,4.0
40383,375.6051,3.300014,217500000.0,68.0,Er,I,0.9543010000000001,7.0,4.254282,6.0,MC,1.0,13.0
40389,375.64,3.2997080000000003,8937000.0,68.01,Er,II,1.6537979999999999,6.5,4.9534720000000005,6.5,MC,2.0,14.0
40556,376.1988,3.294807,79090000.0,68.0,Er,I,0.8897729999999999,6.0,4.184547,6.0,MC,1.0,13.0
40653,376.6157,3.2911589999999995,16680000.0,68.01,Er,II,1.350676,3.5,4.641801999999999,4.5,ML,2.0,10.0
40720,376.8788,3.2888610000000003,8247000.0,68.01,Er,II,0.8921100000000001,4.5,4.1809389999999995,5.5,MC,2.0,12.0
40777,377.1103,3.286842,13670000.0,68.01,Er,II,0.886441,5.5,4.1732510000000005,5.5,MC,2.0,12.0
40803,377.2466,3.285656,6678000.0,68.01,Er,II,0.886441,5.5,4.172064,4.5,MC,2.0,10.0
40864,377.4838,3.2835910000000004,48420000.0,68.0,Er,I,1.159265,8.0,4.442823000000001,7.0,MC,1.0,15.0
40871,377.5314,3.283177,50960000.0,68.0,Er,I,1.197173,10.0,4.480316999999999,9.0,MC,1.0,19.0
40879,377.5664,3.2828720000000002,109600000.0,68.01,Er,II,2.099776,9.5,5.382615,9.5,MC,2.0,20.0
40929,377.7619,3.2811730000000003,8114000.0,68.01,Er,II,0.8921100000000001,4.5,4.1732510000000005,5.5,MC,2.0,12.0
40944,377.8318,3.2805660000000003,20710000.0,68.01,Er,II,1.535927,5.5,4.816461,6.5,MC,2.0,14.0
40951,377.8673,3.2802580000000003,47000000.0,68.0,Er,I,0.9543010000000001,7.0,4.234527,7.0,MC,1.0,15.0
40996,378.101,3.278231,73560000.0,68.01,Er,II,1.369113,4.5,4.647311,4.5,MC,2.0,10.0
41075,378.3866,3.275757,49420000.0,68.01,Er,II,2.212211,8.5,5.487934,7.5,MC,2.0,16.0
41130,378.6836,3.273188,8875000.0,68.01,Er,II,0.0,6.5,3.273155,5.5,ML,2.0,12.0
41147,378.7375,3.272722,11540000.0,68.01,Er,II,1.369113,4.5,4.641801999999999,4.5,MC,2.0,10.0
41229,379.1159,3.269455,41390000.0,68.0,Er,I,1.068814,9.0,4.338236,8.0,MC,1.0,17.0
41243,379.1544,3.269123,47110000.0,68.0,Er,I,1.159265,8.0,4.428356,7.0,MC,1.0,15.0
41251,379.1829,3.268878,4246000.0,68.01,Er,II,0.054607,5.5,3.3234519999999996,5.5,ML,2.0,12.0
41273,379.2793,3.268046,189200000.0,68.0,Er,I,0.9543010000000001,7.0,4.222315,6.0,MC,1.0,13.0
41393,379.7058,3.264376,2716000.0,68.01,Er,II,0.054607,5.5,3.31895,6.5,ML,2.0,14.0
41424,379.8211,3.263385,35110000.0,68.0,Er,I,0.8627229999999999,5.0,4.126075,4.0,MC,1.0,9.0
41435,379.8629,3.263026,45960000.0,68.0,Er,I,0.6242840000000001,4.0,3.8872769999999996,4.0,MC,1.0,9.0
41548,380.3733,3.2586470000000003,29380000.0,68.0,Er,I,1.159265,8.0,4.41788,8.0,MC,1.0,17.0
41607,380.6054,3.2566610000000003,10710000.0,68.01,Er,II,1.770584,7.5,5.0272120000000005,8.5,MC,2.0,18.0
41638,380.7073,3.255788,41930000.0,68.01,Er,II,1.635161,1.5,4.890917,2.5,MC,2.0,6.0
41714,381.0329,3.253006,26610000.0,68.0,Er,I,0.0,6.0,3.252974,6.0,GK,1.0,13.0
41906,381.7751,3.246683,38930000.0,68.01,Er,II,0.669972,3.5,3.9166220000000003,0.0,ML,2.0,1.0
41933,381.8712,3.245866,3572000.0,68.01,Er,II,0.636362,4.5,3.882196,3.5,MC,2.0,8.0
42151,382.7316,3.238569,15810000.0,68.0,Er,I,0.6242840000000001,4.0,3.862821,4.0,MC,1.0,9.0
42233,383.0482,3.235893,14000000.0,68.01,Er,II,0.0,6.5,3.2358599999999997,6.5,ML,2.0,14.0
42283,383.2528,3.234165,174000000.0,68.0,Er,I,1.870068,8.0,5.1042,8.0,MC,1.0,17.0
42367,383.5649,3.231534,25300000.0,68.01,Er,II,1.560713,3.5,4.7922139999999995,3.5,MC,2.0,8.0
42410,383.7639,3.229858,39680000.0,68.01,Er,II,1.535927,5.5,4.765753,5.5,MC,2.0,12.0
42427,383.8495,3.2291369999999997,53270000.0,68.0,Er,I,1.159265,8.0,4.38837,7.0,MC,1.0,15.0
42448,383.9266,3.2284889999999997,64450000.0,68.01,Er,II,2.101309,5.5,5.329765,5.5,MC,2.0,12.0
42669,384.8306,3.220905,2614000.0,68.01,Er,II,0.669972,3.5,3.8908449999999997,4.5,MC,2.0,10.0
42686,384.9286,3.2200849999999996,532000.0,68.01,Er,II,0.0,6.5,3.220053,5.5,MC,2.0,12.0
42701,384.9915,3.219559,164900000.0,68.0,Er,I,1.068814,9.0,4.288341,9.0,MC,1.0,19.0
42731,385.1596,3.218154,6508000.0,68.01,Er,II,0.886441,5.5,4.104563,5.5,ML,2.0,12.0
42827,385.5898,3.2145639999999998,157900000.0,68.0,Er,I,0.6242840000000001,4.0,3.8388160000000005,4.0,MC,1.0,9.0
42892,385.8393,3.212485,14860000.0,68.01,Er,II,0.8921100000000001,4.5,4.104563,5.5,ML,2.0,12.0
42985,386.2852,3.208777,116200000.0,68.0,Er,I,0.0,6.0,3.208745,6.0,GK,1.0,13.0
43042,386.4802,3.207158,16580000.0,68.01,Er,II,1.350676,3.5,4.557802,4.5,ML,2.0,10.0
43124,386.8227,3.204318,9285000.0,68.01,Er,II,1.350676,3.5,4.554962000000001,3.5,MC,2.0,8.0
43208,387.1753,3.2014,37720000.0,68.0,Er,I,1.432968,8.0,4.634336,8.0,MC,1.0,17.0
43286,387.4825,3.198862,33740000.0,68.0,Er,I,0.6242840000000001,4.0,3.823114,4.0,MC,1.0,9.0
43432,388.0611,3.194093,53830000.0,68.01,Er,II,0.636362,4.5,3.830423,3.5,MC,2.0,8.0
43477,388.2886,3.192221,26890000.0,68.01,Er,II,0.886441,5.5,4.07863,4.5,ML,2.0,10.0
43511,388.4119,3.191208,276800000.0,68.0,Er,I,1.623933,2.0,4.815109,3.0,MC,1.0,7.0
43546,388.5382,3.190171,14590000.0,68.01,Er,II,1.560713,3.5,4.750852,3.5,MC,2.0,8.0
43588,388.7149,3.1887209999999997,22570000.0,68.01,Er,II,1.369113,4.5,4.557802,4.5,MC,2.0,10.0
43661,388.9795,3.186552,7586000.0,68.01,Er,II,0.8921100000000001,4.5,4.07863,4.5,MC,2.0,10.0
43688,389.0613,3.185881,33170000.0,68.01,Er,II,1.369113,4.5,4.554962000000001,3.5,ML,2.0,8.0
43747,389.2685,3.184186,72780000.0,68.0,Er,I,0.0,6.0,3.184154,5.0,GK,1.0,11.0
43829,389.5803,3.181637,6599000.0,68.01,Er,II,0.886441,5.5,4.068046,5.5,MC,2.0,12.0
43838,389.6234,3.181285,17930000.0,68.01,Er,II,0.054607,5.5,3.2358599999999997,6.5,ML,2.0,14.0
43904,389.9032,3.179002,96720000.0,68.0,Er,I,1.159265,8.0,4.338236,8.0,MC,1.0,17.0
43989,390.2758,3.175968,6486000.0,68.01,Er,II,0.8921100000000001,4.5,4.068046,5.5,ML,2.0,12.0
44008,390.3842,3.175086,36450000.0,68.01,Er,II,2.1547110000000003,6.5,5.329765,5.5,MC,2.0,12.0
44015,390.3984,3.17497,53660000.0,68.0,Er,I,0.6242840000000001,4.0,3.7992230000000005,4.0,MC,1.0,9.0
44036,390.4558,3.174503,12180000.0,68.01,Er,II,0.886441,5.5,4.060912,4.5,MC,2.0,10.0
44054,390.5405,3.1738150000000003,15540000.0,68.0,Er,I,0.0,6.0,3.1737830000000002,7.0,GK,1.0,15.0
44069,390.6312,3.173078,32300000.0,68.01,Er,II,0.0,6.5,3.173046,5.5,ML,2.0,12.0
44120,390.8441,3.17135,67590000.0,68.01,Er,II,1.635161,1.5,4.806479,0.0,ML,2.0,1.0
44170,391.0495,3.169684,19100000.0,68.0,Er,I,0.6242840000000001,4.0,3.793936,5.0,MC,1.0,11.0
44197,391.1544,3.168834,5373000.0,68.01,Er,II,0.8921100000000001,4.5,4.060912,4.5,MC,2.0,10.0
44205,391.1907,3.16854,363200.0,68.01,Er,II,0.054607,5.5,3.223115,4.5,MC,2.0,10.0
44227,391.2422,3.168123,12100000.0,68.01,Er,II,1.40216,7.5,4.570251,8.5,MC,2.0,18.0
44312,391.5998,3.1652299999999998,89730000.0,68.0,Er,I,1.3329520000000001,4.0,4.49815,4.0,MC,1.0,9.0
44370,391.8044,3.163577,466100000.0,68.0,Er,I,1.534619,3.0,4.698164,4.0,MC,1.0,9.0
44382,391.8346,3.163333,6119000.0,68.01,Er,II,0.669972,3.5,3.833273,4.5,MC,2.0,10.0
44471,392.188,3.160483,10130000.0,68.01,Er,II,0.669972,3.5,3.830423,3.5,MC,2.0,8.0
44752,393.2271,3.1521310000000002,10360000.0,68.01,Er,II,0.8921100000000001,4.5,4.04421,5.5,ML,2.0,12.0
44870,393.7013,3.148335,29210000.0,68.0,Er,I,0.0,6.0,3.148303,6.0,GK,1.0,13.0
44922,393.8626,3.147045,10760000.0,68.01,Er,II,0.0,6.5,3.147014,5.5,MC,2.0,12.0
44928,393.8923,3.146808,50120000.0,68.01,Er,II,2.212211,8.5,5.358987,7.5,MC,2.0,16.0
44939,393.9356,3.146462,10180000.0,68.01,Er,II,1.619322,6.5,4.765753,5.5,MC,2.0,12.0
45036,394.3182,3.143409,6889000.0,68.01,Er,II,0.886441,5.5,4.029819,4.5,MC,2.0,10.0
45151,394.806,3.139525,129700000.0,68.0,Er,I,1.068814,9.0,4.208308000000001,10.0,MC,1.0,21.0
45215,395.0982,3.137204,384100000.0,68.0,Er,I,1.623933,2.0,4.761106,2.0,MC,1.0,5.0
45337,395.6415,3.132896,3787000.0,68.0,Er,I,0.0,6.0,3.1328650000000002,6.0,GK,1.0,13.0
45415,395.9899,3.1301400000000004,7005000.0,68.01,Er,II,1.535927,5.5,4.666036,6.5,MC,2.0,14.0
45443,396.1206,3.129107,50170000.0,68.0,Er,I,1.159265,8.0,4.288341,9.0,MC,1.0,19.0
45494,396.3361,3.127406,2790000.0,68.01,Er,II,0.8461639999999999,7.5,3.9735379999999996,7.5,MC,2.0,16.0
45524,396.4505,3.126503,13590000.0,68.0,Er,I,0.6242840000000001,4.0,3.750756,5.0,MC,1.0,11.0
45572,396.6352,3.125047,273400000.0,68.0,Er,I,1.3329520000000001,4.0,4.457968,4.0,MC,1.0,9.0
45639,396.9437,3.122619,3985000.0,68.01,Er,II,0.636362,4.5,3.75895,4.5,MC,2.0,10.0
45717,397.3036,3.11979,47890000.0,68.0,Er,I,0.0,6.0,3.119759,5.0,GK,1.0,11.0
45732,397.3574,3.119367,36600000.0,68.0,Er,I,0.0,6.0,3.119336,7.0,GK,1.0,15.0
45758,397.4717,3.118471,4131000.0,68.01,Er,II,0.054607,5.5,3.173046,5.5,ML,2.0,12.0
45815,397.6731,3.116891,220000000.0,68.0,Er,I,1.3329520000000001,4.0,4.4498120000000005,5.0,MC,1.0,11.0
45826,397.7017,3.1166669999999996,199400000.0,68.0,Er,I,0.6242840000000001,4.0,3.7409199999999996,3.0,MC,1.0,7.0
45869,397.9131,3.115011,16760000.0,68.01,Er,II,1.560713,3.5,4.675693,2.5,MC,2.0,6.0
45899,398.0144,3.114219,6936000.0,68.01,Er,II,0.886441,5.5,4.000629,4.5,MC,2.0,10.0
45906,398.0604,3.113859,311100000.0,68.0,Er,I,1.534619,3.0,4.648446,3.0,MC,1.0,7.0
45948,398.2328,3.11251,293900000.0,68.0,Er,I,0.8627229999999999,5.0,3.9752019999999995,5.0,MC,1.0,11.0
45965,398.3139,3.1118770000000002,27630000.0,68.01,Er,II,1.5622120000000002,2.5,4.6740580000000005,3.5,MC,2.0,8.0
46060,398.7655,3.1083529999999997,152500000.0,68.0,Er,I,0.6242840000000001,4.0,3.7326059999999996,4.0,MC,1.0,9.0
46222,399.4853,3.102752,999300.0,68.01,Er,II,0.636362,4.5,3.7390830000000004,5.5,MC,2.0,12.0
46230,399.5261,3.102436,25800000.0,68.01,Er,II,1.6810189999999998,2.5,4.783424,2.5,MC,2.0,6.0
46320,399.9067,3.099483,13080000.0,68.0,Er,I,1.068814,9.0,4.168266,10.0,MC,1.0,21.0
46323,399.9165,3.099407,2977000.0,68.01,Er,II,0.636362,4.5,3.7357379999999996,3.5,MC,2.0,8.0
46429,400.4047,3.095628,50340000.0,68.0,Er,I,0.8627229999999999,5.0,3.9583199999999996,6.0,MC,1.0,13.0
46517,400.7964,3.092603,172600000.0,68.0,Er,I,0.0,6.0,3.092572,7.0,GK,1.0,15.0
46523,400.8177,3.092438,1199000.0,68.01,Er,II,0.054607,5.5,3.147014,5.5,MC,2.0,12.0
46540,400.9156,3.091683,1153000.0,68.01,Er,II,0.0,6.5,3.091652,6.5,ML,2.0,14.0
46551,400.9784,3.091199,47630000.0,68.0,Er,I,1.197173,10.0,4.288341,9.0,MC,1.0,19.0
46614,401.2535,3.089079,281000000.0,68.0,Er,I,0.8627229999999999,5.0,3.951771,5.0,MC,1.0,11.0
46671,401.5573,3.0867430000000002,2795000.0,68.01,Er,II,0.636362,4.5,3.723074,4.5,ML,2.0,10.0
46683,401.6365,3.086134,347700000.0,68.0,Er,I,1.623933,2.0,4.710036,2.0,MC,1.0,5.0
46786,402.155,3.0821549999999998,65870000.0,68.0,Er,I,0.6242840000000001,4.0,3.706409,5.0,MC,1.0,11.0
46792,402.2015,3.081799,77780000.0,68.01,Er,II,2.2891630000000003,7.5,5.370931,6.5,MC,2.0,14.0
47108,403.6111,3.071036,33240000.0,68.0,Er,I,0.6242840000000001,4.0,3.695289,4.0,MC,1.0,9.0
47144,403.7685,3.0698380000000003,25720000.0,68.0,Er,I,0.6242840000000001,4.0,3.694092,5.0,MC,1.0,11.0
47187,403.9643,3.068351,133400000.0,68.0,Er,I,1.534619,3.0,4.602939,3.0,MC,1.0,7.0
47254,404.3008,3.0657970000000003,6924000.0,68.01,Er,II,0.669972,3.5,3.7357379999999996,3.5,MC,2.0,8.0
47370,404.8342,3.061758,10950000.0,68.01,Er,II,0.886441,5.5,3.948168,4.5,MC,2.0,10.0
47404,404.9485,3.060893,866800.0,68.01,Er,II,0.0,6.5,3.060863,5.5,MC,2.0,12.0
47529,405.5465,3.056381,20600000.0,68.01,Er,II,0.636362,4.5,3.692712,4.5,MC,2.0,10.0
47613,405.9779,3.0531330000000003,16210000.0,68.01,Er,II,0.669972,3.5,3.723074,4.5,MC,2.0,10.0
47904,407.4003,3.0424729999999998,40800000.0,68.01,Er,II,1.560713,3.5,4.603155,2.5,MC,2.0,6.0
47996,407.7882,3.0395790000000003,56570000.0,68.0,Er,I,0.6242840000000001,4.0,3.6638330000000003,5.0,MC,1.0,11.0
48059,408.1243,3.037076,1277000.0,68.01,Er,II,0.054607,5.5,3.091652,6.5,ML,2.0,14.0
48094,408.3048,3.035734,32250000.0,68.0,Er,I,0.8627229999999999,5.0,3.898426,5.0,MC,1.0,11.0
48213,408.7632,3.0323290000000003,30340000.0,68.0,Er,I,0.0,6.0,3.032299,6.0,GK,1.0,13.0
48292,409.1785,3.029252,30450000.0,68.0,Er,I,1.309015,9.0,4.338236,8.0,MC,1.0,17.0
48318,409.2898,3.028428,43520000.0,68.0,Er,I,0.6242840000000001,4.0,3.652682,3.0,MC,1.0,7.0
48354,409.4643,3.0271369999999997,567900.0,68.01,Er,II,0.0,6.5,3.027107,5.5,MC,2.0,12.0
48430,409.8098,3.0245849999999996,303000000.0,68.0,Er,I,0.8627229999999999,5.0,3.8872769999999996,4.0,MC,1.0,9.0
48491,410.0558,3.022771,3298000.0,68.01,Er,II,0.669972,3.5,3.692712,4.5,ML,2.0,10.0
48545,410.3979,3.020251,1407000.0,68.01,Er,II,0.636362,4.5,3.6565830000000004,5.5,ML,2.0,12.0
48603,410.6583,3.018336,16660000.0,68.01,Er,II,1.560713,3.5,4.579018,2.5,MC,2.0,6.0
48660,410.9325,3.016322,35240000.0,68.0,Er,I,0.8627229999999999,5.0,3.8790139999999997,4.0,MC,1.0,9.0
48732,411.2615,3.0139080000000003,43790000.0,68.01,Er,II,2.099776,9.5,5.113654,8.5,MC,2.0,18.0
48799,411.6362,3.011165,78820000.0,68.0,Er,I,1.197173,10.0,4.208308000000001,10.0,MC,1.0,21.0
48833,411.8545,3.00957,249500000.0,68.0,Er,I,1.3329520000000001,4.0,4.342491000000001,4.0,MC,1.0,9.0
48966,412.4757,3.0050369999999997,17650000.0,68.0,Er,I,0.6242840000000001,4.0,3.6292910000000003,5.0,MC,1.0,11.0
49099,413.1506,3.0001279999999997,157600000.0,68.0,Er,I,0.8627229999999999,5.0,3.862821,4.0,MC,1.0,9.0
49341,414.2914,2.9918669999999996,13280000.0,68.01,Er,II,0.636362,4.5,3.628199,3.5,MC,2.0,8.0
49501,415.1107,2.985962,95980000.0,68.0,Er,I,0.0,6.0,2.985932,5.0,GK,1.0,11.0
49674,416.0312,2.979356,19760000.0,68.0,Er,I,1.309015,9.0,4.288341,9.0,MC,1.0,19.0
49758,416.4831,2.976123,47580000.0,68.0,Er,I,0.8627229999999999,5.0,3.8388160000000005,4.0,MC,1.0,9.0
49890,417.1543,2.971335,120800000.0,68.0,Er,I,1.3329520000000001,4.0,4.304257,3.0,MC,1.0,7.0
49909,417.2217,2.970855,25940000.0,68.0,Er,I,0.6242840000000001,4.0,3.5951089999999994,3.0,MC,1.0,7.0
50164,418.5477,2.961443,1560000.0,68.0,Er,I,0.0,6.0,2.9614130000000003,5.0,MC',1.0,11.0
50253,418.9984,2.958257,6845000.0,68.01,Er,II,0.669972,3.5,3.628199,3.5,MC,2.0,8.0
50270,419.0697,2.957754,6728000.0,68.0,Er,I,0.0,6.0,2.9577240000000002,5.0,GK,1.0,11.0
50342,419.4724,2.954914,244600000.0,68.0,Er,I,1.623933,2.0,4.578818,3.0,MC,1.0,7.0
50384,419.7426,2.9530119999999997,34830000.0,68.0,Er,I,1.413568,5.0,4.366551,6.0,MC,1.0,13.0
50562,420.5318,2.9474709999999997,313600000.0,68.0,Er,I,1.623933,2.0,4.571374,2.0,MC,1.0,5.0
50865,422.0987,2.936529,46430000.0,68.0,Er,I,0.8627229999999999,5.0,3.7992230000000005,4.0,MC,1.0,9.0
51137,423.4781,2.926965,2578000.0,68.01,Er,II,0.669972,3.5,3.596907,4.5,MC,2.0,10.0
51143,423.5183,2.926687,9929000.0,68.0,Er,I,0.6242840000000001,4.0,3.550942,4.0,MC,1.0,9.0
51184,423.7026,2.9254130000000003,32040000.0,68.0,Er,I,1.4629860000000001,6.0,4.38837,7.0,MC,1.0,15.0
51476,425.1936,2.915155,46520000.0,68.01,Er,II,2.099776,9.5,5.014901999999999,9.5,MC,2.0,20.0
51683,426.3723,2.907096,601100.0,68.0,Er,I,0.0,6.0,2.9070669999999996,5.0,MC',1.0,11.0
51708,426.4866,2.906318,77980000.0,68.0,Er,I,1.534619,3.0,4.440907,3.0,MC,1.0,7.0
51814,426.9946,2.90286,27770000.0,68.0,Er,I,1.473863,7.0,4.376693,8.0,MC,1.0,17.0
51944,427.648,2.898425,9855000.0,68.01,Er,II,1.588866,9.5,4.487262,9.5,MC,2.0,20.0
52163,428.6556,2.891612,85390000.0,68.0,Er,I,0.6242840000000001,4.0,3.5158669999999996,4.0,MC,1.0,9.0
52197,428.8507,2.8902959999999998,492400.0,68.0,Er,I,0.0,6.0,2.8902669999999997,6.0,MC',1.0,13.0
52459,430.1259,2.881728,103900000.0,68.0,Er,I,1.534619,3.0,4.416316999999999,2.0,MC,1.0,5.0
52465,430.1596,2.8815020000000002,978200.0,68.01,Er,II,0.0,6.5,2.881473,5.5,MC,2.0,12.0
52500,430.3794,2.88003,1816000.0,68.01,Er,II,0.636362,4.5,3.516364,5.5,MC,2.0,12.0
52560,430.6355,2.878318,29280000.0,68.0,Er,I,1.4629860000000001,6.0,4.341275,7.0,MC,1.0,15.0
52826,431.9937,2.869268,10510000.0,68.01,Er,II,1.701012,8.5,4.570251,8.5,MC,2.0,18.0
53006,432.8814,2.863385,98190000.0,68.0,Er,I,1.3329520000000001,4.0,4.196308,3.0,MC,1.0,7.0
53034,433.0274,2.862419,2563000.0,68.01,Er,II,1.322562,6.5,4.184953,6.5,MC,2.0,14.0
53058,433.1359,2.861702,740500.0,68.0,Er,I,0.0,6.0,2.861673,7.0,MC',1.0,15.0
53116,433.5028,2.85928,14180000.0,68.0,Er,I,1.309015,9.0,4.168266,10.0,MC,1.0,21.0
53196,433.9,2.856662,6137000.0,68.01,Er,II,1.770584,7.5,4.627218,7.5,MC,2.0,16.0
53222,434.0917,2.8554009999999996,48190000.0,68.0,Er,I,1.432968,8.0,4.288341,9.0,MC,1.0,19.0
53363,434.8334,2.850531,17780000.0,68.0,Er,I,0.6242840000000001,4.0,3.474787,5.0,MC,1.0,11.0
53420,435.1627,2.848373,8515000.0,68.0,Er,I,0.8897729999999999,6.0,3.738118,5.0,MC,1.0,11.0
53749,436.9386,2.8367970000000002,4698000.0,68.01,Er,II,1.322562,6.5,4.159331,7.5,MC,2.0,16.0
53920,437.8345,2.8309919999999997,1521000.0,68.01,Er,II,0.8921100000000001,4.5,3.723074,4.5,MC,2.0,10.0
53956,438.0651,2.829502,5388000.0,68.0,Er,I,0.6242840000000001,4.0,3.453758,5.0,MC,1.0,11.0
53990,438.2169,2.828522,22210000.0,68.0,Er,I,0.8897729999999999,6.0,3.7182660000000003,6.0,MC,1.0,13.0
54031,438.4692,2.826895,742700.0,68.01,Er,II,0.054607,5.5,2.881473,5.5,ML,2.0,12.0
54062,438.6394,2.825798,35860000.0,68.0,Er,I,0.8897729999999999,6.0,3.7155419999999997,7.0,MC,1.0,15.0
54096,438.838,2.824519,20040000.0,68.01,Er,II,2.2891630000000003,7.5,5.113654,8.5,MC,2.0,18.0
54269,439.7417,2.818714,33040000.0,68.0,Er,I,1.3329520000000001,4.0,4.151638,5.0,MC,1.0,11.0
54364,440.3173,2.81503,27550000.0,68.01,Er,II,2.212211,8.5,5.0272120000000005,8.5,MC,2.0,18.0
54479,440.9339,2.811093,5672000.0,68.0,Er,I,0.0,6.0,2.811065,5.0,GK,1.0,11.0
54554,441.3738,2.808291,9312000.0,68.0,Er,I,1.068814,9.0,3.877077,10.0,MC,1.0,21.0
54568,441.4352,2.8079009999999998,50110000.0,68.0,Er,I,1.534619,3.0,4.342491000000001,4.0,MC,1.0,9.0
54640,441.8703,2.805136,23900000.0,68.0,Er,I,0.8897729999999999,6.0,3.6948809999999996,6.0,MC,1.0,13.0
54659,441.9608,2.8045619999999998,41500000.0,68.01,Er,II,1.6827279999999998,10.5,4.487262,9.5,MC,2.0,20.0
54714,442.2514,2.8027189999999997,26640000.0,68.01,Er,II,2.212211,8.5,5.014901999999999,9.5,MC,2.0,20.0
54756,442.457,2.801417,33260000.0,68.0,Er,I,0.6242840000000001,4.0,3.425673,4.0,MC,1.0,9.0
54787,442.6768,2.800026,2721000.0,68.0,Er,I,0.0,6.0,2.799998,6.0,GK,1.0,13.0
54896,443.2224,2.796579,8859000.0,68.0,Er,I,0.8627229999999999,5.0,3.659274,4.0,MC,1.0,9.0
54997,443.7663,2.793151,56410000.0,68.0,Er,I,1.3329520000000001,4.0,4.126075,4.0,MC,1.0,9.0
55191,444.861,2.786278,3668000.0,68.01,Er,II,1.701012,8.5,4.487262,9.5,MC,2.0,20.0
55380,445.9236,2.779639,243900.0,68.01,Er,II,0.054607,5.5,2.834218,6.5,MC,2.0,14.0
55792,448.4478,2.763993,12060000.0,68.0,Er,I,0.9543010000000001,7.0,3.7182660000000003,6.0,MC,1.0,13.0
55870,448.8902,2.761269,3669000.0,68.0,Er,I,0.9543010000000001,7.0,3.7155419999999997,7.0,MC,1.0,15.0
56008,449.6391,2.75667,13920000.0,68.0,Er,I,0.9543010000000001,7.0,3.710944,8.0,MC,1.0,17.0
56088,450.0751,2.754,19910000.0,68.01,Er,II,1.816279,9.5,4.570251,8.5,MC,2.0,18.0
56339,451.8656,2.743087,256100.0,68.0,Er,I,0.0,6.0,2.74306,5.0,MC',1.0,11.0
56403,452.2744,2.7406080000000004,17670000.0,68.0,Er,I,0.9543010000000001,7.0,3.6948809999999996,6.0,MC,1.0,13.0
56471,452.6926,2.738076,9908000.0,68.01,Er,II,2.2891630000000003,7.5,5.0272120000000005,8.5,MC,2.0,18.0
56537,453.1082,2.7355650000000002,3598000.0,68.0,Er,I,0.9543010000000001,7.0,3.689838,8.0,MC,1.0,17.0
56861,455.1994,2.7229970000000003,3968000.0,68.0,Er,I,0.8897729999999999,6.0,3.612743,6.0,MC,1.0,13.0
56864,455.2138,2.722911,19470000.0,68.01,Er,II,2.212211,8.5,4.935095,7.5,MC,2.0,16.0
56927,455.5697,2.720785,28750000.0,68.0,Er,I,1.3329520000000001,4.0,4.053709,3.0,MC,1.0,7.0
57048,456.3259,2.716275,5768000.0,68.01,Er,II,1.40216,7.5,4.1184080000000005,8.5,MC,2.0,18.0
57143,456.9287,2.7126919999999997,40900000.0,68.0,Er,I,2.0413919999999997,7.0,4.7540569999999995,8.0,MC,1.0,17.0
57543,459.6745,2.696489,5611000.0,68.0,Er,I,0.9543010000000001,7.0,3.6507620000000003,6.0,MC,1.0,13.0
57561,459.8118,2.695684,6992000.0,68.0,Er,I,0.8897729999999999,6.0,3.585429,7.0,MC,1.0,15.0
57623,460.2066,2.693371,90970000.0,68.0,Er,I,2.1168810000000002,6.0,4.810225,7.0,MC,1.0,15.0
57699,460.6604,2.690718,7537000.0,68.0,Er,I,0.0,6.0,2.690691,6.0,GK,1.0,13.0
58015,463.0882,2.676612,20960000.0,68.01,Er,II,1.9506330000000003,8.5,4.627218,7.5,MC,2.0,16.0
58134,464.0595,2.67101,8408000.0,68.01,Er,II,1.816279,9.5,4.487262,9.5,MC,2.0,20.0
58330,465.6692,2.661777,8121000.0,68.01,Er,II,2.1547110000000003,6.5,4.816461,6.5,MC,2.0,14.0
58548,467.3158,2.652398,3022000.0,68.0,Er,I,0.0,6.0,2.652371,5.0,MC',1.0,11.0
58578,467.5618,2.651002,17060000.0,68.01,Er,II,1.322562,6.5,3.9735379999999996,7.5,MC,2.0,16.0
58606,467.9061,2.649052,8307000.0,68.01,Er,II,1.535927,5.5,4.184953,6.5,MC,2.0,14.0
59127,471.8692,2.6268029999999998,42250000.0,68.0,Er,I,2.1272349999999998,7.0,4.754012,8.0,MC,1.0,17.0
59184,472.2695,2.624577,1561000.0,68.0,Er,I,0.0,6.0,2.624551,7.0,MC',1.0,15.0
59281,472.9049,2.621051,16100000.0,68.0,Er,I,1.068814,9.0,3.689838,8.0,MC,1.0,17.0
59315,473.1588,2.619644,8884000.0,68.01,Er,II,1.9506330000000003,8.5,4.570251,8.5,MC,2.0,18.0
59393,473.6956,2.616676,6695000.0,68.01,Er,II,2.049386,5.5,4.666036,6.5,MC,2.0,14.0
59509,474.5272,2.6120900000000002,6123000.0,68.0,Er,I,0.8627229999999999,5.0,3.474787,5.0,MC,1.0,11.0
59702,475.9653,2.604198,262200.0,68.01,Er,II,0.0,6.5,2.604172,6.5,MC,2.0,14.0
59742,476.2642,2.602563,10090000.0,68.01,Er,II,2.063498,6.5,4.666036,6.5,MC,2.0,14.0
60448,482.0354,2.571405,5856000.0,68.01,Er,II,1.40216,7.5,3.9735379999999996,7.5,MC,2.0,16.0
60552,482.9526,2.566521,1565000.0,68.0,Er,I,0.9543010000000001,7.0,3.520796,8.0,MC,1.0,17.0
60569,483.1154,2.565656,4860000.0,68.01,Er,II,1.619322,6.5,4.184953,6.5,MC,2.0,14.0
60621,483.4755,2.563745,2877000.0,68.01,Er,II,2.063498,6.5,4.627218,7.5,MC,2.0,16.0
60732,484.2027,2.559895,3224000.0,68.0,Er,I,0.6242840000000001,4.0,3.184154,5.0,MC,1.0,11.0
60837,484.8832,2.5563029999999998,11230000.0,68.0,Er,I,1.159265,8.0,3.7155419999999997,7.0,MC,1.0,15.0
60874,485.1641,2.554822,6066000.0,68.01,Er,II,2.1156330000000003,5.5,4.6704300000000005,5.5,MC,2.0,12.0
60940,485.7435,2.551775,11780000.0,68.0,Er,I,1.068814,9.0,3.6205629999999998,9.0,MC,1.0,19.0
60954,485.847,2.551231,16510000.0,68.01,Er,II,2.402266,7.5,4.9534720000000005,6.5,MC,2.0,14.0
60987,486.1598,2.5495900000000002,55110.0,68.01,Er,II,0.054607,5.5,2.604172,6.5,MC,2.0,14.0
61107,487.209,2.5441,7134000.0,68.01,Er,II,1.615257,8.5,4.159331,7.5,MC,2.0,16.0
61112,487.2476,2.543898,36160.0,68.01,Er,II,0.0,6.5,2.543873,7.5,MC,2.0,16.0
61183,487.8346,2.540837,359900.0,68.01,Er,II,0.886441,5.5,3.427253,5.5,MC,2.0,12.0
61196,487.9888,2.540034,1239000.0,68.01,Er,II,1.619322,6.5,4.159331,7.5,MC,2.0,16.0
61279,488.6284,2.536709,202200.0,68.01,Er,II,0.636362,4.5,3.173046,5.5,MC,2.0,12.0
61319,488.884,2.5353830000000004,1859000.0,68.0,Er,I,0.8897729999999999,6.0,3.425131,7.0,MC,1.0,15.0
61419,489.6957,2.53118,1563000.0,68.01,Er,II,1.6537979999999999,6.5,4.184953,6.5,MC,2.0,14.0
61426,489.8146,2.530566,44810000.0,68.0,Er,I,1.870068,8.0,4.400608,8.0,MC,1.0,17.0
61451,490.008,2.5295669999999997,8132000.0,68.01,Er,II,1.588866,9.5,4.1184080000000005,8.5,MC,2.0,18.0
61498,490.3641,2.52773,16250000.0,68.01,Er,II,2.430923,8.5,4.958628,7.5,MC,2.0,16.0
61510,490.4432,2.527323,6585000.0,68.01,Er,II,2.2891630000000003,7.5,4.816461,6.5,MC,2.0,14.0
61656,491.7082,2.5208209999999998,64350000.0,68.0,Er,I,2.3961930000000002,6.0,4.916989,6.0,MC,1.0,13.0
61779,492.7005,2.5157439999999998,3694000.0,68.01,Er,II,2.1547110000000003,6.5,4.6704300000000005,5.5,MC,2.0,12.0
61781,492.7331,2.515578,21750000.0,68.01,Er,II,2.972382,7.5,5.487934,7.5,MC,2.0,16.0
61798,492.8877,2.5147880000000002,4638000.0,68.0,Er,I,0.8897729999999999,6.0,3.4045360000000002,7.0,MC,1.0,15.0
61980,494.4363,2.506912,10070000.0,68.0,Er,I,1.068814,9.0,3.575701,9.0,MC,1.0,19.0
62064,495.1743,2.503176,7048000.0,68.01,Er,II,1.615257,8.5,4.1184080000000005,8.5,MC,2.0,18.0
62228,496.6623,2.495677,12410000.0,68.01,Er,II,2.478803,5.5,4.974455,6.5,MC,2.0,14.0
62231,496.6975,2.4955,2860000.0,68.0,Er,I,0.6242840000000001,4.0,3.119759,5.0,MC,1.0,11.0
62508,499.0307,2.483832,24190000.0,68.0,Er,I,1.882744,5.0,4.366551,6.0,MC,1.0,13.0
62611,500.0382,2.478828,127800.0,68.01,Er,II,0.0,6.5,2.478803,5.5,MC,2.0,12.0
62698,500.7234,2.475436,14010000.0,68.0,Er,I,0.6242840000000001,4.0,3.099695,4.0,MC,1.0,9.0
62963,502.8326,2.465052,8641000.0,68.0,Er,I,0.9543010000000001,7.0,3.4193290000000003,8.0,MC,1.0,17.0
62970,502.8905,2.464769,161400.0,68.01,Er,II,0.054607,5.5,2.519351,6.5,MC,2.0,14.0
63047,503.5946,2.461322,17460000.0,68.0,Er,I,1.159265,8.0,3.6205629999999998,9.0,MC,1.0,19.0
63118,504.2047,2.458344,10340000.0,68.01,Er,II,1.701012,8.5,4.159331,7.5,MC,2.0,16.0
63138,504.3868,2.457457,102900000.0,68.0,Er,I,1.964722,7.0,4.422154,6.0,MC,1.0,13.0
63149,504.4652,2.457075,12880000.0,68.0,Er,I,0.8897729999999999,6.0,3.346823,4.0,MC,1.0,9.0
63229,505.2655,2.453183,33070000.0,68.0,Er,I,1.964722,7.0,4.41788,8.0,MC,1.0,17.0
63509,508.052,2.4397290000000003,4720000.0,68.0,Er,I,0.6242840000000001,4.0,3.063988,3.0,MC,1.0,7.0
63949,512.4561,2.418762,639200.0,68.0,Er,I,0.0,6.0,2.4187369999999997,6.0,MC',1.0,13.0
63988,512.7403,2.41742,5270000.0,68.01,Er,II,1.701012,8.5,4.1184080000000005,8.5,MC,2.0,18.0
64029,513.1528,2.415477,6744000.0,68.0,Er,I,0.9543010000000001,7.0,3.369754,8.0,MC,1.0,17.0
64046,513.3833,2.414393,7886000.0,68.01,Er,II,1.770584,7.5,4.184953,6.5,MC,2.0,14.0
64446,517.2776,2.396217,663000.0,68.0,Er,I,0.0,6.0,2.3961930000000002,6.0,MC',1.0,13.0
64516,517.9491,2.39311,53970000.0,68.01,Er,II,3.3234519999999996,5.5,5.716538,6.5,MC,2.0,14.0
64629,518.8899,2.3887709999999998,8102000.0,68.01,Er,II,1.770584,7.5,4.159331,7.5,MC,2.0,16.0
64835,520.6519,2.380687,877800.0,68.0,Er,I,0.0,6.0,2.380663,5.0,MC',1.0,11.0
65066,522.9319,2.370307,16780000.0,68.01,Er,II,2.604172,6.5,4.974455,6.5,MC,2.0,14.0
65358,525.5933,2.358305,4704000.0,68.01,Er,II,1.615257,8.5,3.9735379999999996,7.5,MC,2.0,16.0
65361,525.647,2.358064,2554000.0,68.01,Er,II,2.212211,8.5,4.570251,8.5,MC,2.0,18.0
65606,527.7715,2.3485720000000003,3844000.0,68.0,Er,I,1.197173,10.0,3.545721,10.0,MC,1.0,21.0
65624,527.9344,2.3478470000000002,1128000.0,68.01,Er,II,1.770584,7.5,4.1184080000000005,8.5,MC,2.0,18.0
65878,530.2303,2.3376810000000003,11880000.0,68.01,Er,II,2.478803,5.5,4.816461,6.5,MC,2.0,14.0
66202,533.3037,2.324209,40550000.0,68.0,Er,I,2.042365,4.0,4.366551,6.0,MC,1.0,13.0
66357,534.8061,2.3176799999999997,6022000.0,68.0,Er,I,1.159265,8.0,3.476922,9.0,MC,1.0,19.0
66399,535.0476,2.316634,2061000.0,68.0,Er,I,0.8897729999999999,6.0,3.206384,7.0,MC,1.0,15.0
66596,536.885,2.308706,48050000.0,68.0,Er,I,2.445374,8.0,4.7540569999999995,8.0,MC,1.0,17.0
66875,539.5898,2.297133,9389000.0,68.01,Er,II,2.519351,6.5,4.816461,6.5,MC,2.0,14.0
67051,541.4631,2.289186,45040.0,68.01,Er,II,0.0,6.5,2.2891630000000003,7.5,MC,2.0,16.0
67451,545.427,2.27255,1220000.0,68.01,Er,II,1.701012,8.5,3.9735379999999996,7.5,MC,2.0,16.0
67476,545.6617,2.271572,10910000.0,68.0,Er,I,1.197173,10.0,3.468722,10.0,MC,1.0,21.0
67521,546.2434,2.2691529999999998,13650000.0,68.01,Er,II,2.705325,5.5,4.974455,6.5,MC,2.0,14.0
67574,546.8324,2.266709,7699000.0,68.0,Er,I,1.309015,9.0,3.575701,9.0,MC,1.0,19.0
68071,551.6016,2.247111,3746000.0,68.0,Er,I,1.432968,8.0,3.680057,7.0,MC,1.0,15.0
68850,559.3463,2.215998,10160000.0,68.0,Er,I,1.473863,7.0,3.689838,8.0,MC,1.0,17.0
68914,560.1143,2.212959,3496000.0,68.0,Er,I,1.309015,9.0,3.5219519999999997,9.0,MC,1.0,19.0
68918,560.1323,2.212888,2486000.0,68.0,Er,I,1.159265,8.0,3.372132,9.0,MC,1.0,19.0
69014,561.1821,2.208749,3078000.0,68.0,Er,I,0.8897729999999999,6.0,3.0984990000000003,5.0,MC,1.0,11.0
69109,562.2013,2.204745,3493000.0,68.0,Er,I,0.9543010000000001,7.0,3.159023,6.0,MC,1.0,13.0
69157,562.6525,2.202977,2879000.0,68.01,Er,II,1.770584,7.5,3.9735379999999996,7.5,MC,2.0,16.0
69242,563.6195,2.1991970000000003,4207000.0,68.0,Er,I,1.413568,5.0,3.612743,6.0,MC,1.0,13.0
69295,564.0355,2.197575,4765000.0,68.0,Er,I,1.197173,10.0,3.3947260000000004,10.0,MC,1.0,21.0
69301,564.1427,2.1971580000000004,41960000.0,68.0,Er,I,2.400595,5.0,4.597731,4.0,MC,1.0,9.0
69528,566.4949,2.188034,3358000.0,68.0,Er,I,1.068814,9.0,3.2568259999999998,8.0,MC,1.0,17.0
69622,567.5476,2.183976,1802000.0,68.0,Er,I,0.6242840000000001,4.0,2.808239,4.0,MC,1.0,9.0
70013,571.7486,2.167929,3933000.0,68.0,Er,I,1.309015,9.0,3.476922,9.0,MC,1.0,19.0
70037,571.9553,2.167146,2893000.0,68.0,Er,I,1.068814,9.0,3.235938,9.0,MC,1.0,19.0
70102,572.6975,2.1643369999999997,183300.0,68.0,Er,I,0.0,6.0,2.164316,6.0,MC',1.0,13.0
70185,573.6556,2.160723,10400000.0,68.0,Er,I,2.144637,8.0,4.305338,9.0,MC,1.0,19.0
70211,573.9196,2.159729,6382000.0,68.0,Er,I,1.309015,9.0,3.468722,10.0,MC,1.0,21.0
70229,574.0611,2.159196,896600.0,68.0,Er,I,0.6242840000000001,4.0,2.783459,5.0,MC,1.0,11.0
70321,574.8645,2.1561790000000003,3210000.0,68.0,Er,I,0.8627229999999999,5.0,3.01888,4.0,MC,1.0,9.0
70364,575.2535,2.154721,7011000.0,68.0,Er,I,1.3329520000000001,4.0,3.487651,5.0,MC,1.0,11.0
70467,576.2801,2.150882,1115000.0,68.0,Er,I,0.0,6.0,2.1508599999999998,5.0,GK,1.0,11.0
70539,576.992,2.148229,2149000.0,68.0,Er,I,0.6242840000000001,4.0,2.772491,4.0,MC,1.0,9.0
70665,578.2817,2.143438,1628000.0,68.0,Er,I,0.8627229999999999,5.0,3.006139,6.0,MC,1.0,13.0
70682,578.4661,2.142754,6347000.0,68.0,Er,I,1.432968,8.0,3.575701,9.0,MC,1.0,19.0
70751,579.114,2.140357,6780000.0,68.01,Er,II,2.705325,5.5,4.84566,6.5,MC,2.0,14.0
70843,580.0786,2.1367979999999998,2703000.0,68.0,Er,I,0.6242840000000001,4.0,2.761061,3.0,MC,1.0,7.0
70891,580.6101,2.134842,5313000.0,68.0,Er,I,1.870068,8.0,4.004887999999999,9.0,MC,1.0,19.0
70972,581.4338,2.131817,7506000.0,68.0,Er,I,2.20644,7.0,4.338236,8.0,MC,1.0,17.0
71096,582.6805,2.127256,1037000.0,68.0,Er,I,0.0,6.0,2.1272349999999998,7.0,GK,1.0,15.0
71206,583.9959,2.122465,1659000.0,68.0,Er,I,1.4629860000000001,6.0,3.585429,7.0,MC,1.0,15.0
71212,584.1161,2.122028,2597000.0,68.0,Er,I,1.413568,5.0,3.535575,5.0,MC,1.0,11.0
71304,585.007,2.118796,2378000.0,68.0,Er,I,0.6242840000000001,4.0,2.74306,5.0,MC,1.0,11.0
71349,585.5304,2.1169029999999998,367100.0,68.0,Er,I,0.0,6.0,2.1168810000000002,6.0,MC',1.0,13.0
71484,587.1628,2.111017,2014000.0,68.0,Er,I,1.3329520000000001,4.0,3.4439480000000002,4.0,MC,1.0,9.0
71486,587.2351,2.110758,4506000.0,68.0,Er,I,0.9543010000000001,7.0,3.065037,8.0,MC,1.0,17.0
71495,587.3527,2.110335,1296000.0,68.0,Er,I,1.309015,9.0,3.4193290000000003,8.0,MC,1.0,17.0
71571,588.1147,2.1076,4034000.0,68.0,Er,I,1.068814,9.0,3.176393,10.0,MC,1.0,21.0
71736,590.2081,2.100125,18570.0,68.01,Er,II,0.054607,5.5,2.1547110000000003,6.5,MC,2.0,14.0
71772,590.6058,2.098711,2172000.0,68.0,Er,I,0.8627229999999999,5.0,2.9614130000000003,5.0,MC,1.0,11.0
71796,590.9237,2.097582,2251000.0,68.0,Er,I,1.159265,8.0,3.2568259999999998,8.0,MC,1.0,17.0
71842,591.6457,2.095022,706900.0,68.0,Er,I,0.8627229999999999,5.0,2.9577240000000002,5.0,MC,1.0,11.0
71985,593.3501,2.089004,2881000.0,68.0,Er,I,1.432968,8.0,3.5219519999999997,9.0,MC,1.0,19.0
72086,594.6362,2.084486,2203000.0,68.0,Er,I,1.473863,7.0,3.558328,8.0,MC,1.0,17.0
72235,596.8676,2.076693,2373000.0,68.0,Er,I,1.159265,8.0,3.235938,9.0,MC,1.0,19.0
72289,597.5487,2.0743259999999997,2742000.0,68.0,Er,I,1.432968,8.0,3.507274,7.0,MC,1.0,15.0
72558,600.6783,2.063519,19930.0,68.01,Er,II,0.0,6.5,2.063498,6.5,MC,2.0,14.0
72568,600.7894,2.0631369999999998,829300.0,68.0,Er,I,1.309015,9.0,3.372132,9.0,MC,1.0,19.0
72631,601.4826,2.0607599999999997,3622000.0,68.0,Er,I,1.309015,9.0,3.369754,8.0,MC,1.0,17.0
72641,601.5733,2.060449,10890000.0,68.01,Er,II,2.705325,5.5,4.765753,5.5,MC,2.0,12.0
72696,602.2563,2.058112,2380000.0,68.0,Er,I,1.068814,9.0,3.126906,9.0,MC,1.0,19.0
72759,603.2123,2.0548509999999998,8292000.0,68.01,Er,II,2.972382,7.5,5.0272120000000005,8.5,MC,2.0,18.0
72910,605.4846,2.047139,2331000.0,68.0,Er,I,1.159265,8.0,3.206384,7.0,MC,1.0,15.0
73228,610.5179,2.030262,1010000.0,68.01,Er,II,2.1547110000000003,6.5,4.184953,6.5,MC,2.0,14.0
73302,611.6008,2.0266669999999998,4252000.0,68.0,Er,I,1.413568,5.0,3.4402150000000002,5.0,MC,1.0,11.0
73364,612.5339,2.02358,90510.0,68.0,Er,I,0.0,6.0,2.02356,6.0,MC',1.0,13.0
73695,617.0064,2.008912,17550.0,68.01,Er,II,0.054607,5.5,2.063498,6.5,MC,2.0,14.0
73789,618.3212,2.00464,1631000.0,68.01,Er,II,2.1547110000000003,6.5,4.159331,7.5,MC,2.0,16.0
73997,622.1017,1.9924580000000003,843800.0,68.0,Er,I,0.0,6.0,1.9924380000000002,6.0,GK,1.0,13.0
74048,623.0928,1.9892889999999999,3862000.0,68.0,Er,I,1.473863,7.0,3.4631309999999997,6.0,MC,1.0,13.0
74253,626.2562,1.97924,1969000.0,68.0,Er,I,1.197173,10.0,3.176393,10.0,MC,1.0,21.0
74292,626.887,1.9772490000000003,7484000.0,68.0,Er,I,1.4629860000000001,6.0,3.4402150000000002,5.0,MC,1.0,11.0
74336,627.4948,1.975334,1001000.0,68.0,Er,I,0.9543010000000001,7.0,2.929615,7.0,MC,1.0,15.0
74400,628.6871,1.9715880000000001,2535000.0,68.0,Er,I,1.432968,8.0,3.4045360000000002,7.0,MC,1.0,15.0
74410,628.8567,1.9710560000000001,7950000.0,68.0,Er,I,2.02356,6.0,3.994596,5.0,MC,1.0,11.0
74475,629.942,1.96766,1598000.0,68.0,Er,I,1.159265,8.0,3.126906,9.0,MC,1.0,19.0
74550,630.8778,1.964741,262400.0,68.0,Er,I,0.0,6.0,1.964722,7.0,MC',1.0,15.0
74654,632.6128,1.959353,1523000.0,68.0,Er,I,0.8897729999999999,6.0,2.849106,6.0,MC,1.0,13.0
74997,638.8186,1.940319,12850000.0,68.0,Er,I,1.9924380000000002,6.0,3.9327370000000004,7.0,MC,1.0,15.0
75056,639.8106,1.937311,4930000.0,68.0,Er,I,2.02356,6.0,3.9608510000000003,6.0,MC,1.0,13.0
75208,642.3165,1.9297520000000001,326300.0,68.0,Er,I,1.197173,10.0,3.126906,9.0,MC,1.0,19.0
75209,642.3165,1.9297520000000001,326300.0,68.0,Er,I,1.197173,10.0,3.126906,9.0,MC,1.0,19.0
75276,643.2531,1.926943,1022000.0,68.0,Er,I,1.309015,9.0,3.235938,9.0,MC,1.0,19.0
75338,644.1316,1.9243150000000002,884600.0,68.01,Er,II,2.052294,4.5,3.9765900000000003,5.5,MC,2.0,12.0
75408,645.1564,1.9212580000000001,1934000.0,68.0,Er,I,1.9924380000000002,6.0,3.913676,7.0,MC,1.0,15.0
75579,648.1741,1.9123130000000002,35200000.0,68.0,Er,I,2.9070669999999996,5.0,4.819361,6.0,MC,1.0,13.0
75642,649.2322,1.909196,15960000.0,68.0,Er,I,2.02356,6.0,3.9327370000000004,7.0,MC,1.0,15.0
75812,652.0519,1.900941,20460000.0,68.0,Er,I,2.672097,4.0,4.573019,5.0,MC,1.0,11.0
75948,654.1567,1.894824,630300.0,68.0,Er,I,0.9543010000000001,7.0,2.849106,6.0,MC,1.0,13.0
76043,655.6327,1.890559,573300.0,68.01,Er,II,2.052294,4.5,3.9428339999999995,5.5,MC,2.0,12.0
76055,655.7794,1.890136,5050000.0,68.0,Er,I,2.02356,6.0,3.913676,7.0,MC,1.0,15.0
76222,658.3475,1.8827630000000002,143100.0,68.0,Er,I,0.0,6.0,1.882744,5.0,MC',1.0,11.0
76323,660.1108,1.877733,32450000.0,68.0,Er,I,2.1168810000000002,6.0,3.994596,5.0,MC,1.0,11.0
76425,661.6741,1.8732970000000002,4222000.0,68.01,Er,II,2.972382,7.5,4.84566,6.5,MC,2.0,14.0
76577,663.7646,1.8673970000000002,530400.0,68.0,Er,I,1.309015,9.0,3.176393,10.0,MC,1.0,21.0
76643,664.8967,1.864218,22650000.0,68.0,Er,I,2.9614130000000003,5.0,4.8256120000000005,4.0,MC,1.0,9.0
76645,664.9065,1.8641900000000002,1001000.0,68.0,Er,I,1.9924380000000002,6.0,3.8566089999999997,7.0,MC,1.0,15.0
76747,666.3515,1.8601470000000002,1014000.0,68.0,Er,I,1.3329520000000001,4.0,3.1930810000000003,4.0,MC,1.0,9.0
76897,668.7133,1.853578,5768000.0,68.0,Er,I,2.1168810000000002,6.0,3.9704410000000006,5.0,MC,1.0,11.0
76913,669.0004,1.852782,950400.0,68.01,Er,II,2.5699509999999997,6.5,4.422715,6.5,MC,2.0,14.0
76975,670.1749,1.849535,2580000.0,68.0,Er,I,2.111334,5.0,3.9608510000000003,6.0,MC,1.0,13.0
77097,672.0999,1.844238,32730000.0,68.0,Er,I,2.761061,3.0,4.6052800000000005,3.0,MC,1.0,7.0
77102,672.1911,1.8439880000000002,9976000.0,68.0,Er,I,2.1168810000000002,6.0,3.9608510000000003,6.0,MC,1.0,13.0
77105,672.2764,1.8437540000000001,6129000.0,68.0,Er,I,2.1508599999999998,5.0,3.994596,5.0,MC,1.0,11.0
77361,675.9866,1.833634,26010000.0,68.0,Er,I,2.1272349999999998,7.0,3.9608510000000003,6.0,MC,1.0,13.0
77376,676.2938,1.832802,54530000.0,68.0,Er,I,2.9614130000000003,5.0,4.794196,6.0,MC,1.0,13.0
77386,676.455,1.8323650000000002,4710000.0,68.0,Er,I,2.1168810000000002,6.0,3.9492279999999997,5.0,MC,1.0,11.0
77401,676.6622,1.831804,19580000.0,68.0,Er,I,2.74306,5.0,4.574845,5.0,MC,1.0,11.0
77411,676.8413,1.831319,818000.0,68.01,Er,II,2.34195,5.5,4.1732510000000005,5.5,MC,2.0,12.0
77443,677.3374,1.8299779999999999,47850000.0,68.0,Er,I,2.74306,5.0,4.573019,5.0,MC,1.0,11.0
77488,678.0019,1.828184,31490000.0,68.0,Er,I,2.761061,3.0,4.589226,4.0,MC,1.0,9.0
77499,678.0753,1.827986,372700.0,68.0,Er,I,0.8627229999999999,5.0,2.690691,6.0,MC,1.0,13.0
77552,678.7906,1.8260599999999998,17910000.0,68.0,Er,I,2.761061,3.0,4.587102,4.0,MC,1.0,9.0
77582,679.0921,1.8252490000000001,12830000.0,68.0,Er,I,2.1272349999999998,7.0,3.9524660000000003,6.0,MC,1.0,13.0
77620,679.697,1.823625,31340.0,68.01,Er,II,0.8461639999999999,7.5,2.669771,7.5,MC,2.0,16.0
77801,682.5441,1.8160180000000001,69220000.0,68.0,Er,I,3.006139,6.0,4.822139,5.0,MC,1.0,11.0
77806,682.5983,1.8158740000000002,6706000.0,68.0,Er,I,2.1168810000000002,6.0,3.9327370000000004,7.0,MC,1.0,15.0
77886,683.5896,1.8132400000000002,31790000.0,68.0,Er,I,3.006139,6.0,4.819361,6.0,MC,1.0,13.0
77977,684.8102,1.810009,26350000.0,68.0,Er,I,2.1508599999999998,5.0,3.9608510000000003,6.0,MC,1.0,13.0
78036,685.7239,1.8075970000000001,570800.0,68.0,Er,I,1.432968,8.0,3.2405470000000003,7.0,MC,1.0,15.0
78087,686.5126,1.80552,16880000.0,68.0,Er,I,2.1272349999999998,7.0,3.9327370000000004,7.0,MC,1.0,15.0
78128,687.3667,1.803277,57030000.0,68.0,Er,I,3.01888,4.0,4.822139,5.0,MC,1.0,11.0
78139,687.4769,1.802988,795500.0,68.0,Er,I,1.432968,8.0,3.235938,9.0,MC,1.0,19.0
78173,687.9975,1.8016240000000001,10020000.0,68.0,Er,I,2.1508599999999998,5.0,3.9524660000000003,6.0,MC,1.0,13.0
78201,688.4093,1.800546,19810000.0,68.0,Er,I,2.772491,4.0,4.573019,5.0,MC,1.0,11.0
78246,689.2363,1.798385,3053000.0,68.0,Er,I,2.1508599999999998,5.0,3.9492279999999997,5.0,MC,1.0,11.0
78270,689.7487,1.7970490000000001,1916000.0,68.01,Er,II,2.4676709999999997,3.5,4.264702,4.5,MC,2.0,10.0
78342,690.8236,1.7942529999999999,689000.0,68.0,Er,I,1.4629860000000001,6.0,3.257221,6.0,MC,1.0,13.0
78448,692.5942,1.789666,275100.0,68.0,Er,I,0.8627229999999999,5.0,2.652371,5.0,MC,1.0,11.0
78452,692.6284,1.789578,10880000.0,68.0,Er,I,2.783459,5.0,4.573019,5.0,MC,1.0,11.0
78516,693.8375,1.786459,5349000.0,68.0,Er,I,2.1272349999999998,7.0,3.913676,7.0,MC,1.0,15.0
78553,694.4942,1.78477,399400.0,68.01,Er,II,2.308275,7.5,4.093026999999999,6.5,MC,2.0,14.0
78593,695.1908,1.782982,1060000.0,68.0,Er,I,1.473863,7.0,3.2568259999999998,8.0,MC,1.0,17.0
78695,697.3037,1.777579,580700.0,68.0,Er,I,1.4629860000000001,6.0,3.2405470000000003,7.0,MC,1.0,15.0
78795,698.9338,1.7734330000000003,418700.0,68.0,Er,I,1.432968,8.0,3.206384,7.0,MC,1.0,15.0
78875,700.1444,1.7703669999999998,702100.0,68.0,Er,I,1.159265,8.0,2.929615,7.0,MC,1.0,15.0
79173,705.8567,1.75604,463500.0,68.0,Er,I,1.309015,9.0,3.065037,8.0,MC,1.0,17.0
79210,706.5051,1.7544279999999999,4664000.0,68.0,Er,I,2.20644,7.0,3.9608510000000003,6.0,MC,1.0,13.0
79241,707.0963,1.752961,1581000.0,68.01,Er,II,2.669771,7.5,4.422715,6.5,MC,2.0,14.0
79422,710.1301,1.745473,1133000.0,68.0,Er,I,1.413568,5.0,3.159023,6.0,MC,1.0,13.0
79473,710.968,1.743416,486500.0,68.0,Er,I,1.4629860000000001,6.0,3.206384,7.0,MC,1.0,15.0
79773,716.189,1.730706,103600.0,68.0,Er,I,0.8627229999999999,5.0,2.593412,5.0,MC,1.0,11.0
80728,732.9735,1.691075,858200.0,68.01,Er,II,2.34195,5.5,4.033008000000001,6.5,MC,2.0,14.0
80852,735.5383,1.6851779999999998,1174000.0,68.0,Er,I,1.473863,7.0,3.159023,6.0,MC,1.0,13.0
80861,735.6386,1.684948,739900.0,68.0,Er,I,1.413568,5.0,3.0984990000000003,5.0,MC,1.0,11.0
81210,742.8663,1.668555,76000000.0,68.0,Er,I,3.157074,3.0,4.8256120000000005,4.0,MC,1.0,9.0
81364,745.9538,1.6616490000000002,28780000.0,68.0,Er,I,2.332964,4.0,3.994596,5.0,MC,1.0,11.0
81370,746.0402,1.661456,3326000.0,68.0,Er,I,2.371229,7.0,4.032669,8.0,MC,1.0,17.0
81409,746.9457,1.6594419999999999,40110000.0,68.0,Er,I,2.2733119999999998,8.0,3.9327370000000004,7.0,MC,1.0,15.0
81729,753.2311,1.6455950000000001,64280000.0,68.0,Er,I,3.1737830000000002,7.0,4.819361,6.0,MC,1.0,13.0
81764,754.0149,1.6438840000000001,20000000.0,68.0,Er,I,2.9614130000000003,5.0,4.6052800000000005,3.0,MC,1.0,7.0
81837,755.6251,1.640381,8733000.0,68.0,Er,I,2.2733119999999998,8.0,3.913676,7.0,MC,1.0,15.0
82017,759.0479,1.632984,2660000.0,68.0,Er,I,2.361628,4.0,3.994596,5.0,MC,1.0,11.0
82053,759.7297,1.631519,27750000.0,68.0,Er,I,2.9577240000000002,5.0,4.589226,4.0,MC,1.0,9.0
82111,760.7201,1.629394,15070000.0,68.0,Er,I,2.9577240000000002,5.0,4.587102,4.0,MC,1.0,9.0
82221,762.3431,1.625926,15110000.0,68.0,Er,I,2.961193,4.0,4.587102,4.0,MC,1.0,9.0
82322,764.565,1.6212010000000001,54200000.0,68.0,Er,I,2.984096,3.0,4.6052800000000005,3.0,MC,1.0,7.0
82407,765.9243,1.618323,44070000.0,68.0,Er,I,2.954712,6.0,4.573019,5.0,MC,1.0,11.0
82522,768.0003,1.613949,18870000.0,68.0,Er,I,2.380663,5.0,3.994596,5.0,MC,1.0,11.0
82743,772.2163,1.605137,46080000.0,68.0,Er,I,3.449596,7.0,5.054717,6.0,MC,1.0,13.0
82779,772.6173,1.6043040000000002,256300.0,68.01,Er,II,2.052294,4.5,3.6565830000000004,5.5,MC,2.0,12.0
82899,774.7417,1.599905,48450000.0,68.0,Er,I,3.225723,4.0,4.8256120000000005,4.0,MC,1.0,9.0
82941,775.462,1.598419,11980000.0,68.0,Er,I,2.3961930000000002,6.0,3.994596,5.0,MC,1.0,11.0
82983,776.216,1.596867,7736000.0,68.0,Er,I,2.954712,6.0,4.5515620000000006,5.0,MC,1.0,11.0
83126,779.6694,1.589793,4663000.0,68.0,Er,I,2.380663,5.0,3.9704410000000006,5.0,MC,1.0,11.0
83129,779.7458,1.5896379999999999,15000000.0,68.0,Er,I,2.371229,7.0,3.9608510000000003,6.0,MC,1.0,13.0
83339,783.8807,1.581253,3806000.0,68.0,Er,I,2.371229,7.0,3.9524660000000003,6.0,MC,1.0,13.0
83372,784.401,1.5802040000000002,4741000.0,68.0,Er,I,2.380663,5.0,3.9608510000000003,6.0,MC,1.0,13.0
83393,784.7574,1.5794860000000002,201100.0,68.0,Er,I,0.8897729999999999,6.0,2.469243,7.0,MC,1.0,15.0
83505,787.5363,1.573913,18150000.0,68.0,Er,I,3.248242,5.0,4.822139,5.0,MC,1.0,11.0
83520,787.9381,1.57311,983900.0,68.0,Er,I,2.0413919999999997,7.0,3.614486,6.0,MC,1.0,13.0
83606,789.9547,1.569094,9984000.0,68.0,Er,I,2.4255169999999997,5.0,3.994596,5.0,MC,1.0,11.0
83663,791.3119,1.566403,24560000.0,68.0,Er,I,3.252974,6.0,4.819361,6.0,MC,1.0,13.0
83704,792.1865,1.564674,15250000.0,68.0,Er,I,2.3961930000000002,6.0,3.9608510000000003,6.0,MC,1.0,13.0
83785,793.7846,1.561524,10650000.0,68.0,Er,I,2.371229,7.0,3.9327370000000004,7.0,MC,1.0,15.0
83910,796.4547,1.556289,5160000.0,68.0,Er,I,2.3961930000000002,6.0,3.9524660000000003,6.0,MC,1.0,13.0
