,Wl/nm,E_Photon,A-Value,Elem. num,Element,ion state,E_lower_lev.,J_lower,E_upper_lev.,J_upper,Ref.,ion state num,g_j
379,202.6844,6.115197,162300000.0,44.01,Ru,II,0.188878,3.5,6.304014,4.5,GUES,2.0,10.0
644,204.9116,6.048741000000001,793800000.0,44.01,Ru,II,1.051064,1.5,7.099744,0.5,GUES,2.0,2.0
924,207.4578,5.974511,387200000.0,44.01,Ru,II,1.051064,1.5,7.0255149999999995,1.5,GUES,2.0,4.0
945,207.6441,5.9691529999999995,17990000.0,44.0,Ru,I,0.0,5.0,5.969093,4.0,CB',1.0,9.0
1031,208.3781,5.948128,27660000.0,44.0,Ru,I,0.147621,4.0,6.095689,4.0,CB',1.0,9.0
1075,208.7459,5.93765,764900000.0,44.01,Ru,II,1.162153,0.5,7.099744,0.5,GUES,2.0,2.0
1352,210.7338,5.881646,250200000.0,44.01,Ru,II,1.0237,2.5,6.9052869999999995,2.5,GUES,2.0,6.0
1470,211.3889,5.86342,372900000.0,44.01,Ru,II,1.162153,0.5,7.0255149999999995,1.5,GUES,2.0,4.0
2603,219.2889,5.652211,231000000.0,44.01,Ru,II,1.051064,1.5,6.703218,2.5,GUES,2.0,6.0
2786,220.7314,5.615276000000001,342000000.0,44.01,Ru,II,1.162153,0.5,6.777373,1.5,GUES,2.0,4.0
2948,221.8563,5.586809,169300000.0,44.01,Ru,II,1.0237,2.5,6.610453,3.5,GUES,2.0,8.0
3478,225.5527,5.495259,12760000.0,44.0,Ru,I,0.0,5.0,5.495204,5.0,CB',1.0,11.0
3550,225.952,5.485549,6786000.0,44.0,Ru,I,0.0,5.0,5.485494,4.0,CB',1.0,9.0
3758,227.2097,5.455186,13090000.0,44.0,Ru,I,0.0,5.0,5.455131,6.0,CB',1.0,13.0
3867,227.82,5.440575,11060000.0,44.0,Ru,I,0.147621,4.0,5.588141,3.0,CB',1.0,7.0
3978,228.5385,5.423472,3669000.0,44.0,Ru,I,0.0,5.0,5.423417,5.0,CB',1.0,11.0
4257,230.2538,5.383072,13340000.0,44.0,Ru,I,0.147621,4.0,5.530639,4.0,CB',1.0,9.0
4508,231.7797,5.347637000000001,18720000.0,44.0,Ru,I,0.147621,4.0,5.495204,5.0,CB',1.0,11.0
4600,232.2013,5.337927,6885000.0,44.0,Ru,I,0.147621,4.0,5.485494,4.0,CB',1.0,9.0
4807,233.3916,5.310706,305900000.0,44.01,Ru,II,1.345452,2.5,6.656103999999999,1.5,GUES,2.0,4.0
4843,233.4985,5.308275,267500000.0,44.01,Ru,II,1.258514,3.5,6.566736,4.5,CB,2.0,10.0
4932,234.0695,5.295328,20900000.0,44.0,Ru,I,0.259318,3.0,5.5545919999999995,3.0,CB',1.0,7.0
4967,234.2866,5.290422,769500000.0,44.01,Ru,II,1.258514,3.5,6.548883,2.5,CB,2.0,6.0
5093,234.9337,5.27585,8721000.0,44.0,Ru,I,0.147621,4.0,5.423417,5.0,CB',1.0,11.0
5117,235.1332,5.271374,23280000.0,44.0,Ru,I,0.259318,3.0,5.530639,4.0,CB',1.0,9.0
5250,235.792,5.256648,485000000.0,44.01,Ru,II,1.134641,4.5,6.391237,3.5,CB,2.0,8.0
5264,235.8799,5.254689,299500000.0,44.01,Ru,II,1.401468,1.5,6.656103999999999,1.5,GUES,2.0,4.0
5305,236.0551,5.25079,14550000.0,44.0,Ru,I,0.259318,3.0,5.510055,3.0,CB',1.0,7.0
5486,237.0171,5.229478,30570000.0,44.0,Ru,I,0.336399,2.0,5.565824,2.0,CB',1.0,5.0
5606,237.5273,5.218246,32160000.0,44.0,Ru,I,0.336399,2.0,5.5545919999999995,3.0,CB',1.0,7.0
5615,237.5644,5.2174309999999995,741700000.0,44.01,Ru,II,1.438725,0.5,6.656103999999999,1.5,CB,2.0,4.0
5749,238.2013,5.203483,195800000.0,44.01,Ru,II,1.345452,2.5,6.548883,2.5,GUES,2.0,6.0
5946,239.2422,5.1808440000000004,38660000.0,44.0,Ru,I,0.38503200000000004,1.0,5.565824,2.0,CB',1.0,5.0
6029,239.6719,5.171557,372900000.0,44.01,Ru,II,1.134641,4.5,6.306146,3.5,CB,2.0,8.0
6046,239.7708,5.169423999999999,115900000.0,44.01,Ru,II,1.134641,4.5,6.304014,4.5,GUES,2.0,10.0
6287,240.7937,5.1474660000000005,1128000000.0,44.01,Ru,II,1.401468,1.5,6.548883,2.5,CB,2.0,6.0
6436,241.483,5.1327739999999995,278600000.0,44.01,Ru,II,1.258514,3.5,6.391237,3.5,CB,2.0,8.0
6800,242.9588,5.101599,28740000.0,44.0,Ru,I,1.063217,3.0,6.164765,4.0,CB',1.0,9.0
6890,243.2926,5.094599,36020000.0,44.0,Ru,I,0.81148,4.0,5.906028,3.0,CB',1.0,7.0
7219,244.7442,5.064386,84980000.0,44.0,Ru,I,1.1769040000000002,0.0,6.241239,1.0,CB',1.0,3.0
7292,245.0581,5.057898000000001,19510000.0,44.0,Ru,I,0.81148,4.0,5.869328,3.0,CB',1.0,7.0
7389,245.492,5.048959,54790000.0,44.0,Ru,I,0.99729,2.0,6.046198,3.0,CB',1.0,7.0
7404,245.5541,5.047683,1290000000.0,44.01,Ru,II,1.258514,3.5,6.306146,3.5,CB,2.0,8.0
7420,245.644,5.045835,1122000000.0,44.01,Ru,II,1.345452,2.5,6.391237,3.5,CB,2.0,8.0
7461,245.8621,5.041361,37000000.0,44.0,Ru,I,0.927782,4.0,5.969093,4.0,CB',1.0,9.0
7572,246.2938,5.032523,39510000.0,44.0,Ru,I,1.063217,3.0,6.095689,4.0,CB',1.0,9.0
7612,246.4698,5.02893,159700000.0,44.0,Ru,I,0.99729,2.0,6.02617,1.0,CB',1.0,3.0
7745,247.0537,5.017046,273000000.0,44.01,Ru,II,1.345452,2.5,6.362447,1.5,GUES,2.0,4.0
7827,247.403,5.009963,48760000.0,44.0,Ru,I,1.192764,1.0,6.202676,2.0,CB',1.0,5.0
7858,247.5402,5.007187,77890000.0,44.0,Ru,I,0.927782,4.0,5.934919,3.0,CB',1.0,7.0
7897,247.6867,5.004226,79610000.0,44.0,Ru,I,0.99729,2.0,6.001466000000001,3.0,CB',1.0,7.0
7999,248.1096,4.995696,122600000.0,44.01,Ru,II,3.5978480000000004,5.5,8.593494,6.5,MC,2.0,14.0
8212,248.9909,4.978014,13400000.0,44.0,Ru,I,0.81148,4.0,5.789445,4.0,CB',1.0,9.0
8264,249.1757,4.974323,17610000.0,44.0,Ru,I,1.1386290000000001,2.0,6.112902,3.0,CB',1.0,7.0
8309,249.3679,4.970489,278000000.0,44.01,Ru,II,3.237165,5.5,8.207605000000001,6.5,MC,2.0,14.0
8319,249.4022,4.969805,76730000.0,44.0,Ru,I,1.1230040000000001,2.0,6.09276,3.0,CB',1.0,7.0
8329,249.4494,4.968865,1244000000.0,44.01,Ru,II,1.401468,1.5,6.370283000000001,0.5,MC,2.0,2.0
8355,249.5684,4.966497,429800000.0,44.01,Ru,II,3.4150949999999995,4.5,8.381542999999999,5.5,MC,2.0,12.0
8385,249.6561,4.964751000000001,42080000.0,44.0,Ru,I,0.927782,4.0,5.892484,3.0,CB',1.0,7.0
8436,249.8435,4.961029,1934000000.0,44.01,Ru,II,1.401468,1.5,6.362447,1.5,MC,2.0,4.0
8438,249.8578,4.960744,966900000.0,44.01,Ru,II,1.345452,2.5,6.306146,3.5,MC,2.0,8.0
8488,250.0833,4.956272,67700000.0,44.0,Ru,I,1.124906,1.0,6.081129,1.0,CB',1.0,3.0
8507,250.1475,4.955,93000000.0,44.0,Ru,I,1.124906,1.0,6.0798559999999995,2.0,CB',1.0,5.0
8518,250.1889,4.95418,51550000.0,44.0,Ru,I,1.1386290000000001,2.0,6.09276,3.0,CB',1.0,7.0
8710,250.8261,4.9415949999999995,81290000.0,44.0,Ru,I,0.927782,4.0,5.869328,3.0,CB',1.0,7.0
8726,250.907,4.940002,699600000.0,44.0,Ru,I,1.130814,4.0,6.070766000000001,0.0,CB',1.0,1.0
8829,251.2802,4.932665,79150000.0,44.0,Ru,I,1.0023030000000002,3.0,5.934919,3.0,CB',1.0,7.0
8844,251.3341,4.931608,3064000000.0,44.01,Ru,II,1.438725,0.5,6.370283000000001,0.5,MC,2.0,2.0
8894,251.5281,4.927805,45460000.0,44.0,Ru,I,0.99729,2.0,5.925046,3.0,CB',1.0,7.0
8943,251.7341,4.9237720000000005,1534000000.0,44.01,Ru,II,1.438725,0.5,6.362447,1.5,MC,2.0,4.0
8957,251.7611,4.923244,47510000.0,44.0,Ru,I,1.1230040000000001,2.0,6.046198,3.0,CB',1.0,7.0
9091,252.1612,4.915433999999999,47360000.0,44.0,Ru,I,1.130814,4.0,6.046198,3.0,CB',1.0,7.0
9211,252.5171,4.908505,29530000.0,44.0,Ru,I,1.063217,3.0,5.971673,2.0,CB',1.0,5.0
9260,252.6824,4.9052940000000005,43010000.0,44.0,Ru,I,0.927782,4.0,5.833028,3.0,CB',1.0,7.0
9317,252.8877,4.901313,107400000.0,44.0,Ru,I,1.124906,1.0,6.02617,1.0,CB',1.0,3.0
9358,253.0652,4.897876,51100000.0,44.0,Ru,I,0.99729,2.0,5.895118,2.0,CB',1.0,5.0
9427,253.3225,4.892901,26390000.0,44.0,Ru,I,0.927782,4.0,5.820634,3.0,CB',1.0,7.0
9496,253.5597,4.888324,1150000000.0,44.01,Ru,II,3.336588,2.5,8.224864,3.5,MC,2.0,8.0
9652,254.1283,4.877388,26890000.0,44.0,Ru,I,1.087457,3.0,5.964795,4.0,CB',1.0,9.0
9711,254.3274,4.87357,248300000.0,44.01,Ru,II,3.217663,6.5,8.091184,7.5,MC,2.0,16.0
9748,254.4223,4.871751000000001,198500000.0,44.0,Ru,I,1.063217,3.0,5.934919,3.0,CB',1.0,7.0
9830,254.6669,4.867073,75300000.0,44.0,Ru,I,1.0023030000000002,3.0,5.869328,3.0,CB',1.0,7.0
9932,254.9478,4.861711,116600000.0,44.0,Ru,I,0.927782,4.0,5.789445,4.0,CB',1.0,9.0
9938,254.9571,4.861534,176500000.0,44.0,Ru,I,0.81148,4.0,5.6729650000000005,4.0,CB',1.0,9.0
10125,255.5995,4.849315,63330000.0,44.0,Ru,I,1.1769040000000002,0.0,6.02617,1.0,CB',1.0,3.0
10133,255.631,4.848717,39780000.0,44.0,Ru,I,1.1230040000000001,2.0,5.971673,2.0,CB',1.0,5.0
10206,255.8534,4.844503,22060000.0,44.0,Ru,I,1.0023030000000002,3.0,5.846758,4.0,CB',1.0,9.0
10256,256.0254,4.841248,71290000.0,44.0,Ru,I,1.087457,3.0,5.928657,4.0,CB',1.0,9.0
10334,256.3147,4.835786,66260000.0,44.0,Ru,I,0.99729,2.0,5.833028,3.0,CB',1.0,7.0
10377,256.4575,4.833093,29980000.0,44.0,Ru,I,1.1386290000000001,2.0,5.971673,2.0,CB',1.0,5.0
10429,256.6581,4.829316,37160000.0,44.0,Ru,I,1.063217,3.0,5.892484,3.0,CB',1.0,7.0
10488,256.8768,4.825205,61680000.0,44.0,Ru,I,0.927782,4.0,5.752939,4.0,CB',1.0,9.0
10519,256.9733,4.823392,16180000.0,44.0,Ru,I,0.99729,2.0,5.820634,3.0,CB',1.0,7.0
10591,257.2278,4.81862,18970000.0,44.0,Ru,I,1.087457,3.0,5.906028,3.0,CB',1.0,7.0
10595,257.2407,4.818379,32220000.0,44.0,Ru,I,1.0023030000000002,3.0,5.820634,3.0,CB',1.0,7.0
10669,257.5241,4.813076000000001,7907000.0,44.0,Ru,I,0.81148,4.0,5.6245080000000005,4.0,CB',1.0,9.0
10765,257.8563,4.806876,91650000.0,44.0,Ru,I,1.063217,3.0,5.870044,2.0,CB',1.0,5.0
10779,257.8948,4.806159,35150000.0,44.0,Ru,I,1.063217,3.0,5.869328,3.0,CB',1.0,7.0
10789,257.9213,4.805664,36470000.0,44.0,Ru,I,0.99729,2.0,5.802907,2.0,CB',1.0,5.0
10800,257.9529,4.805076000000001,68500000.0,44.0,Ru,I,1.087457,3.0,5.892484,3.0,CB',1.0,7.0
10840,258.0797,4.802716,156000000.0,44.0,Ru,I,1.124906,1.0,5.927574,1.0,CB',1.0,3.0
10851,258.1133,4.80209,53110000.0,44.0,Ru,I,1.1230040000000001,2.0,5.925046,3.0,CB',1.0,7.0
10867,258.1907,4.8006519999999995,51410000.0,44.0,Ru,I,1.0023030000000002,3.0,5.802907,2.0,CB',1.0,5.0
10896,258.3029,4.798566,42720000.0,44.0,Ru,I,0.99729,2.0,5.795808999999999,2.0,CB',1.0,5.0
10923,258.4134,4.796513,35890000.0,44.0,Ru,I,1.063217,3.0,5.859682,4.0,CB',1.0,9.0
10963,258.573,4.793554,36290000.0,44.0,Ru,I,1.0023030000000002,3.0,5.795808999999999,2.0,CB',1.0,5.0
11066,258.9559,4.786465,72830000.0,44.0,Ru,I,1.1386290000000001,2.0,5.925046,3.0,CB',1.0,7.0
11097,259.0962,4.783875,23590000.0,44.0,Ru,I,0.927782,4.0,5.71161,4.0,CB',1.0,9.0
11102,259.1117,4.783589,79920000.0,44.0,Ru,I,1.063217,3.0,5.846758,4.0,CB',1.0,9.0
11113,259.1633,4.782635,33710000.0,44.0,Ru,I,1.087457,3.0,5.870044,2.0,CB',1.0,5.0
11124,259.2022,4.781919,77890000.0,44.0,Ru,I,1.087457,3.0,5.869328,3.0,CB',1.0,7.0
11173,259.3694,4.778835,112700000.0,44.0,Ru,I,1.589067,4.0,6.367854,4.0,CB',1.0,9.0
11205,259.4849,4.776708999999999,38070000.0,44.0,Ru,I,0.81148,4.0,5.588141,3.0,CB',1.0,7.0
11272,259.7322,4.772161,44240000.0,44.0,Ru,I,1.1230040000000001,2.0,5.895118,2.0,CB',1.0,5.0
11494,260.5346,4.757465,43350000.0,44.0,Ru,I,1.063217,3.0,5.820634,3.0,CB',1.0,7.0
11506,260.5854,4.756537000000001,62090000.0,44.0,Ru,I,1.1386290000000001,2.0,5.895118,2.0,CB',1.0,5.0
11608,260.9065,4.750683,146800000.0,44.0,Ru,I,1.0023030000000002,3.0,5.752939,4.0,CB',1.0,9.0
11617,260.9478,4.749932,42230000.0,44.0,Ru,I,1.31715,2.0,6.067034,3.0,CB',1.0,7.0
11661,261.1041,4.747088,76080000.0,44.0,Ru,I,1.1230040000000001,2.0,5.870044,2.0,CB',1.0,5.0
11696,261.2064,4.74523,266500000.0,44.0,Ru,I,0.927782,4.0,5.6729650000000005,4.0,CB',1.0,9.0
11753,261.4073,4.741583,2158000.0,44.0,Ru,I,0.147621,4.0,4.889156,3.0,BG,1.0,7.0
11770,261.4596,4.740634,5942000.0,44.0,Ru,I,0.336399,2.0,5.076986,3.0,CB',1.0,7.0
11784,261.5091,4.739738,81270000.0,44.0,Ru,I,1.063217,3.0,5.802907,2.0,CB',1.0,5.0
11863,261.7786,4.734858,126100000.0,44.0,Ru,I,1.192764,1.0,5.927574,1.0,CB',1.0,3.0
11905,261.9664,4.731463,84800000.0,44.0,Ru,I,1.1386290000000001,2.0,5.870044,2.0,CB',1.0,5.0
11936,262.0607,4.729761,93310000.0,44.0,Ru,I,0.99729,2.0,5.727004,1.0,CB',1.0,3.0
12015,262.3824,4.723962,57660000.0,44.0,Ru,I,2.00738,3.0,6.731294,3.0,CB',1.0,7.0
12119,262.7645,4.717093,17000000.0,44.0,Ru,I,0.927782,4.0,5.6448279999999995,4.0,CB',1.0,9.0
12210,263.13,4.710542,86780000.0,44.0,Ru,I,0.927782,4.0,5.6382769999999995,3.0,CB',1.0,7.0
12219,263.1563,4.71007,33760000.0,44.0,Ru,I,1.1230040000000001,2.0,5.833028,3.0,CB',1.0,7.0
12230,263.2124,4.709067,94650000.0,44.0,Ru,I,1.31715,2.0,6.02617,1.0,CB',1.0,3.0
12240,263.2497,4.708399,36660000.0,44.0,Ru,I,1.087457,3.0,5.795808999999999,2.0,CB',1.0,5.0
12268,263.3452,4.7066930000000005,65420000.0,44.0,Ru,I,1.419286,2.0,6.125931,1.0,CB',1.0,3.0
12323,263.5856,4.702401,215300000.0,44.0,Ru,I,1.192764,1.0,5.895118,2.0,CB',1.0,5.0
12347,263.6668,4.700953,123100000.0,44.0,Ru,I,1.5134809999999999,5.0,6.214387,5.0,CB',1.0,11.0
12387,263.8506,4.697677,54460000.0,44.0,Ru,I,1.1230040000000001,2.0,5.820634,3.0,CB',1.0,7.0
12409,263.9112,4.696599,118500000.0,44.0,Ru,I,1.192764,1.0,5.889316,1.0,CB',1.0,3.0
12441,264.0322,4.694446,68460000.0,44.0,Ru,I,1.1386290000000001,2.0,5.833028,3.0,CB',1.0,7.0
12511,264.2956,4.689769,184300000.0,44.0,Ru,I,1.063217,3.0,5.752939,4.0,CB',1.0,9.0
12576,264.6006,4.684362999999999,23100000.0,44.0,Ru,I,1.31715,2.0,6.001466000000001,3.0,CB',1.0,7.0
12614,264.7312,4.682052,66550000.0,44.0,Ru,I,1.1386290000000001,2.0,5.820634,3.0,CB',1.0,7.0
12637,264.8448,4.6800440000000005,19450000.0,44.0,Ru,I,0.99729,2.0,5.677287000000001,2.0,CB',1.0,5.0
12651,264.8765,4.679483,24750000.0,44.0,Ru,I,1.5134809999999999,5.0,6.192918,4.0,CB',1.0,9.0
12675,264.951,4.678168,87180000.0,44.0,Ru,I,1.1230040000000001,2.0,5.801125,1.0,CB',1.0,3.0
12721,265.1288,4.675031,65760000.0,44.0,Ru,I,1.0023030000000002,3.0,5.677287000000001,2.0,CB',1.0,5.0
12730,265.1839,4.67406,71210000.0,44.0,Ru,I,0.81148,4.0,5.485494,4.0,CB',1.0,9.0
12830,265.6233,4.666328,126200000.0,44.01,Ru,II,3.217663,6.5,7.8839440000000005,6.5,MC,2.0,14.0
12842,265.6688,4.665529,5259000.0,44.0,Ru,I,1.087457,3.0,5.752939,4.0,CB',1.0,9.0
12881,265.839,4.662543,62730000.0,44.0,Ru,I,1.1386290000000001,2.0,5.801125,1.0,CB',1.0,3.0
12917,265.9609,4.660406,141000000.0,44.0,Ru,I,0.927782,4.0,5.588141,3.0,CB',1.0,7.0
12948,266.1169,4.657674,121500000.0,44.01,Ru,II,3.217663,6.5,7.87529,5.5,MC,2.0,12.0
12965,266.1622,4.656880999999999,956100000.0,44.01,Ru,II,1.134641,4.5,5.791475,3.5,MC,2.0,8.0
13045,266.4757,4.651403,11950000.0,44.0,Ru,I,0.147621,4.0,4.798977,3.0,CB',1.0,7.0
13128,266.7382,4.646826,136000000.0,44.01,Ru,II,3.237165,5.5,7.8839440000000005,6.5,MC,2.0,14.0
13143,266.7964,4.645811,46170000.0,44.0,Ru,I,1.1230040000000001,2.0,5.768769,1.0,CB',1.0,3.0
13286,267.3476,4.636233,208800000.0,44.0,Ru,I,1.124906,1.0,5.761093,0.0,CB',1.0,1.0
13290,267.3599,4.636019999999999,18390000.0,44.0,Ru,I,1.0023030000000002,3.0,5.6382769999999995,3.0,CB',1.0,7.0
13636,268.6292,4.614117,133800000.0,44.0,Ru,I,1.063217,3.0,5.677287000000001,2.0,CB',1.0,5.0
13664,268.7497,4.612048000000001,148900000.0,44.01,Ru,II,3.237165,5.5,7.849167,5.5,MC,2.0,12.0
13680,268.811,4.610996,901500000.0,44.0,Ru,I,3.238219,0.0,7.849169,0.0,CB',1.0,1.0
13730,268.9891,4.6079419999999995,13780000.0,44.0,Ru,I,1.31715,2.0,5.925046,3.0,CB',1.0,7.0
13782,269.2129,4.604113,1512000000.0,44.01,Ru,II,1.258514,3.5,5.86258,2.5,MC,2.0,6.0
13825,269.3281,4.602144,43270000.0,44.0,Ru,I,1.124906,1.0,5.727004,1.0,CB',1.0,3.0
14022,269.9879,4.590897,32820000.0,44.0,Ru,I,0.99729,2.0,5.588141,3.0,CB',1.0,7.0
14071,270.1336,4.588421,129900000.0,44.0,Ru,I,1.1386290000000001,2.0,5.727004,1.0,CB',1.0,3.0
14109,270.283,4.585884,39370000.0,44.0,Ru,I,1.0023030000000002,3.0,5.588141,3.0,CB',1.0,7.0
14231,270.797,4.57718,3308000.0,44.0,Ru,I,0.259318,3.0,4.8364519999999995,2.0,CB',1.0,5.0
14266,270.9198,4.575106,66540000.0,44.0,Ru,I,1.063217,3.0,5.6382769999999995,3.0,CB',1.0,7.0
14350,271.2414,4.569682,1567000000.0,44.01,Ru,II,1.345452,2.5,5.915088,1.5,MC,2.0,4.0
14366,271.319,4.568375,279800000.0,44.0,Ru,I,1.192764,1.0,5.761093,0.0,CB',1.0,1.0
14469,271.7398,4.5613019999999995,26640000.0,44.0,Ru,I,0.38503200000000004,1.0,4.946288,0.0,CB',1.0,1.0
14537,271.9511,4.557757,151600000.0,44.0,Ru,I,0.927782,4.0,5.485494,4.0,CB',1.0,9.0
14587,272.1559,4.554329,56920000.0,44.0,Ru,I,1.1230040000000001,2.0,5.677287000000001,2.0,CB',1.0,5.0
14627,272.2696,4.552427,78510000.0,44.0,Ru,I,1.124906,1.0,5.677287000000001,2.0,CB',1.0,5.0
14664,272.4061,4.550145,86360000.0,44.0,Ru,I,1.1769040000000002,0.0,5.727004,1.0,CB',1.0,3.0
14698,272.5467,4.547798,2355000000.0,44.01,Ru,II,1.401468,1.5,5.949221,0.5,MC,2.0,2.0
14790,272.8828,4.542197,18950000.0,44.0,Ru,I,1.130814,4.0,5.6729650000000005,4.0,CB',1.0,9.0
14810,272.9451,4.54116,8642000.0,44.0,Ru,I,1.063217,3.0,5.604331,3.0,CB',1.0,7.0
14833,273.0326,4.5397050000000005,3284000.0,44.0,Ru,I,0.259318,3.0,4.798977,3.0,CB',1.0,7.0
14845,273.0928,4.538704,56530000.0,44.0,Ru,I,1.1386290000000001,2.0,5.677287000000001,2.0,CB',1.0,5.0
14918,273.359,4.534285,54110000.0,44.0,Ru,I,1.192764,1.0,5.727004,1.0,CB',1.0,3.0
14944,273.4361,4.533007,927000000.0,44.01,Ru,II,1.258514,3.5,5.791475,3.5,MC,2.0,8.0
14982,273.5721,4.530753,46290000.0,44.0,Ru,I,0.0,5.0,4.530707,4.0,CB',1.0,9.0
15077,273.9217,4.52497,59360000.0,44.0,Ru,I,1.063217,3.0,5.588141,3.0,CB',1.0,7.0
15216,274.3934,4.517193,9456000.0,44.0,Ru,I,0.81148,4.0,5.328628,5.0,CB',1.0,11.0
15227,274.4447,4.516348000000001,67300000.0,44.0,Ru,I,1.087457,3.0,5.60376,2.0,CB',1.0,5.0
15334,274.7981,4.510541,595400000.0,44.01,Ru,II,1.438725,0.5,5.949221,0.5,MC,2.0,2.0
15450,275.2468,4.503188,167700000.0,44.01,Ru,II,1.258514,3.5,5.761657,4.5,MC,2.0,10.0
15455,275.2778,4.502680000000001,787400000.0,44.01,Ru,II,2.402653,3.5,6.9052869999999995,2.5,MC,2.0,6.0
15731,276.2303,4.487156,14870000.0,44.0,Ru,I,0.99729,2.0,5.484401,2.0,CB',1.0,5.0
15774,276.3418,4.485344,11110000.0,44.0,Ru,I,0.147621,4.0,4.6329199999999995,3.0,SL,1.0,7.0
15836,276.5458,4.482036,552400000.0,44.01,Ru,II,2.543523,2.5,7.0255149999999995,1.5,MC,2.0,4.0
15956,276.8935,4.476408,719800000.0,44.01,Ru,II,1.438725,0.5,5.915088,1.5,MC,2.0,4.0
16247,277.8401,4.461157,476600000.0,44.01,Ru,II,1.401468,1.5,5.86258,2.5,MC,2.0,6.0
16479,278.5645,4.4495569999999995,20370000.0,44.0,Ru,I,1.1386290000000001,2.0,5.588141,3.0,CB',1.0,7.0
16542,278.7831,4.446068,331300000.0,44.01,Ru,II,1.345452,2.5,5.791475,3.5,MC,2.0,8.0
16673,279.2641,4.438411,22630000.0,44.0,Ru,I,0.99729,2.0,5.435657,1.0,CB',1.0,3.0
16950,280.2802,4.422321,31220000.0,44.0,Ru,I,1.063217,3.0,5.485494,4.0,CB',1.0,9.0
17059,280.6758,4.416089,1126000000.0,44.01,Ru,II,2.6837,0.5,7.099744,0.5,MC,2.0,2.0
17172,281.0031,4.410946,19390000.0,44.0,Ru,I,0.259318,3.0,4.670219,2.0,SL,1.0,5.0
17188,281.0554,4.410125,67790000.0,44.0,Ru,I,0.147621,4.0,4.557701,3.0,SL,1.0,7.0
17410,281.7091,4.399891,8075000.0,44.0,Ru,I,0.336399,2.0,4.7362459999999995,1.0,SL,1.0,3.0
17454,281.8363,4.397906,7407000.0,44.0,Ru,I,0.0,5.0,4.397862,4.0,SL,1.0,9.0
17472,281.8951,4.396989,15300000.0,44.0,Ru,I,1.087457,3.0,5.484401,2.0,CB',1.0,5.0
17553,282.2031,4.39219,37480000.0,44.0,Ru,I,1.0023030000000002,3.0,5.39445,2.0,CB',1.0,5.0
17575,282.256,4.3913660000000005,209200000.0,44.01,Ru,II,2.6341930000000002,1.5,7.0255149999999995,1.5,GUES,2.0,4.0
17706,282.7864,4.383131,5330000.0,44.0,Ru,I,0.147621,4.0,4.530707,4.0,CB',1.0,9.0
17748,282.9157,4.381126999999999,61020000.0,44.0,Ru,I,0.81148,4.0,5.192564,3.0,CB',1.0,7.0
17861,283.3997,4.373646,5807000.0,44.0,Ru,I,0.259318,3.0,4.6329199999999995,3.0,SL,1.0,7.0
17942,283.6568,4.369681,25770000.0,44.0,Ru,I,1.1230040000000001,2.0,5.492641000000001,1.0,CB',1.0,3.0
18057,284.0536,4.363576999999999,13670000.0,44.0,Ru,I,0.81148,4.0,5.175014,5.0,CB',1.0,11.0
18083,284.1689,4.361808,376300000.0,44.01,Ru,II,2.543523,2.5,6.9052869999999995,2.5,MC,2.0,6.0
18123,284.3168,4.359539,30710000.0,44.0,Ru,I,1.124906,1.0,5.484401,2.0,CB',1.0,5.0
18202,284.6312,4.354723,8532000.0,44.0,Ru,I,1.130814,4.0,5.485494,4.0,CB',1.0,9.0
18259,284.8579,4.3512580000000005,9068000.0,44.0,Ru,I,0.38503200000000004,1.0,4.7362459999999995,1.0,SL,1.0,3.0
18404,285.4073,4.3428830000000005,33420000.0,44.0,Ru,I,0.259318,3.0,4.602157,2.0,SL,1.0,5.0
18561,286.0012,4.333864,10520000.0,44.0,Ru,I,0.336399,2.0,4.670219,2.0,SL,1.0,5.0
18600,286.1403,4.331757,58290000.0,44.0,Ru,I,0.81148,4.0,5.143194,3.0,CB',1.0,7.0
18715,286.6646,4.323836,28190000.0,44.0,Ru,I,0.259318,3.0,4.583111,2.0,SL,1.0,5.0
18752,286.8174,4.321532,23100000.0,44.0,Ru,I,1.130814,4.0,5.452303,3.0,CB',1.0,7.0
18920,287.4988,4.3112900000000005,35910000.0,44.0,Ru,I,0.0,5.0,4.311247,5.0,SL,1.0,11.0
19047,287.9754,4.304156,28840000.0,44.0,Ru,I,0.81148,4.0,5.115593,3.0,CB',1.0,7.0
19088,288.127,4.301891,15660000.0,44.0,Ru,I,0.38503200000000004,1.0,4.686879,0.0,CB',1.0,1.0
19106,288.2129,4.300609,594700000.0,44.01,Ru,II,2.402653,3.5,6.703218,2.5,MC,2.0,6.0
19134,288.3592,4.298426,5116000.0,44.0,Ru,I,0.259318,3.0,4.557701,3.0,SL,1.0,7.0
19155,288.4502,4.297071,40420000.0,44.0,Ru,I,1.1386290000000001,2.0,5.435657,1.0,CB',1.0,3.0
19203,288.6531,4.29405,73450000.0,44.0,Ru,I,0.336399,2.0,4.630406,1.0,CB',1.0,3.0
19241,288.7992,4.291878,2556000.0,44.0,Ru,I,0.147621,4.0,4.439455000000001,3.0,SL,1.0,7.0
19329,289.1645,4.286455999999999,30210000.0,44.0,Ru,I,1.927974,6.0,6.214387,5.0,CB',1.0,11.0
19463,289.6523,4.279237,7998000.0,44.0,Ru,I,0.38503200000000004,1.0,4.664226,1.0,CB',1.0,3.0
19522,289.8532,4.276273000000001,14470000.0,44.0,Ru,I,0.99729,2.0,5.2735199999999995,2.0,CB',1.0,5.0
19596,290.1933,4.27126,28810000.0,44.0,Ru,I,1.0023030000000002,3.0,5.2735199999999995,2.0,CB',1.0,5.0
19604,290.2087,4.271033999999999,21050000.0,44.0,Ru,I,1.31715,2.0,5.588141,3.0,CB',1.0,7.0
19629,290.3071,4.269586,6298000.0,44.0,Ru,I,1.124906,1.0,5.39445,2.0,CB',1.0,5.0
19693,290.5647,4.265801000000001,7386000.0,44.0,Ru,I,0.336399,2.0,4.602157,2.0,SL,1.0,5.0
19697,290.582,4.265548,7803000.0,44.0,Ru,I,0.81148,4.0,5.076986,3.0,CB',1.0,7.0
19708,290.6313,4.264824,11540000.0,44.0,Ru,I,0.927782,4.0,5.192564,3.0,CB',1.0,7.0
19767,290.8883,4.261056,116500000.0,44.0,Ru,I,0.38503200000000004,1.0,4.646045,0.0,CB',1.0,1.0
19779,290.9195,4.260598,5273000.0,44.0,Ru,I,1.063217,3.0,5.323772,4.0,CB',1.0,9.0
19879,291.3165,4.254793,136500000.0,44.0,Ru,I,1.461284,1.0,5.716035,0.0,CB',1.0,1.0
19908,291.4292,4.253148,44430000.0,44.0,Ru,I,1.457139,0.0,5.710245,1.0,CB',1.0,3.0
19963,291.6256,4.250284,23990000.0,44.0,Ru,I,0.147621,4.0,4.397862,4.0,SL,1.0,9.0
20003,291.7765,4.248086,3798000.0,44.0,Ru,I,1.0023030000000002,3.0,5.2503459999999995,4.0,CB',1.0,9.0
20058,291.9599,4.2454160000000005,15000000.0,44.0,Ru,I,0.38503200000000004,1.0,4.630406,1.0,CB',1.0,3.0
20256,292.7112,4.234521,21710000.0,44.0,Ru,I,1.8226069999999999,4.0,6.057086,4.0,CB',1.0,9.0
20264,292.7547,4.233892,577800000.0,44.01,Ru,II,2.543523,2.5,6.777373,1.5,MC,2.0,4.0
20574,293.994,4.2160459999999995,24450000.0,44.0,Ru,I,1.461284,1.0,5.677287000000001,2.0,CB',1.0,5.0
20584,294.0352,4.215454,7798000.0,44.0,Ru,I,0.927782,4.0,5.143194,3.0,CB',1.0,7.0
20694,294.392,4.2103459999999995,19370000.0,44.0,Ru,I,1.063217,3.0,5.2735199999999995,2.0,CB',1.0,5.0
20775,294.6979,4.205975,42280000.0,44.0,Ru,I,1.0023030000000002,3.0,5.208236,2.0,CB',1.0,5.0
20849,294.9493,4.20239,30210000.0,44.0,Ru,I,0.81148,4.0,5.013828,4.0,CB',1.0,9.0
20935,295.2493,4.1981209999999995,1970000.0,44.0,Ru,I,0.38503200000000004,1.0,4.583111,2.0,SL,1.0,5.0
20968,295.4467,4.195315,23320000.0,44.0,Ru,I,0.99729,2.0,5.192564,3.0,CB',1.0,7.0
21065,295.8002,4.190302,11660000.0,44.0,Ru,I,1.0023030000000002,3.0,5.192564,3.0,CB',1.0,7.0
21104,295.9733,4.1878519999999995,3684000.0,44.0,Ru,I,0.927782,4.0,5.115593,3.0,CB',1.0,7.0
21152,296.1688,4.1850879999999995,29900000.0,44.0,Ru,I,1.419286,2.0,5.604331,3.0,CB',1.0,7.0
21200,296.3415,4.182649,601500000.0,44.01,Ru,II,2.6341930000000002,1.5,6.8168,0.5,MC,2.0,2.0
21212,296.3715,4.182225,4325000.0,44.0,Ru,I,0.81148,4.0,4.993663,4.0,CB',1.0,9.0
21256,296.5166,4.180179,19260000.0,44.0,Ru,I,0.259318,3.0,4.439455000000001,3.0,SL,1.0,7.0
21342,296.8465,4.175533000000001,40900000.0,44.0,Ru,I,1.31715,2.0,5.492641000000001,1.0,CB',1.0,3.0
21358,296.8957,4.174841000000001,17770000.0,44.0,Ru,I,1.0023030000000002,3.0,5.177103,2.0,CB',1.0,5.0
21483,297.3981,4.167789,19500000.0,44.0,Ru,I,1.1769040000000002,0.0,5.344651,1.0,CB',1.0,3.0
21495,297.4335,4.167293,11970000.0,44.0,Ru,I,1.31715,2.0,5.484401,2.0,CB',1.0,5.0
21560,297.6925,4.163668,11090000.0,44.0,Ru,I,0.147621,4.0,4.311247,5.0,SL,1.0,11.0
21567,297.7236,4.163233,758900000.0,44.01,Ru,II,2.6837,0.5,6.846891,1.5,MC,2.0,4.0
21638,297.9732,4.159745,169200000.0,44.0,Ru,I,1.8664669999999999,2.0,6.02617,1.0,CB',1.0,3.0
21640,297.9739,4.159736,838200000.0,44.01,Ru,II,2.543523,2.5,6.703218,2.5,MC,2.0,6.0
21645,297.9934,4.159464,842000000.0,44.01,Ru,II,2.6341930000000002,1.5,6.793614999999999,2.5,MC,2.0,6.0
21699,298.1931,4.156678,5343000.0,44.0,Ru,I,0.336399,2.0,4.493035,1.0,CB',1.0,3.0
21885,298.8947,4.146921,18560000.0,44.0,Ru,I,0.0,5.0,4.14688,4.0,BG,1.0,9.0
21907,298.9651,4.145944999999999,5218000.0,44.0,Ru,I,0.99729,2.0,5.143194,3.0,CB',1.0,7.0
21952,299.1616,4.143221,588800000.0,44.01,Ru,II,2.6341930000000002,1.5,6.777373,1.5,MC,2.0,4.0
21993,299.327,4.140933,15720000.0,44.0,Ru,I,1.0023030000000002,3.0,5.143194,3.0,CB',1.0,7.0
22038,299.4968,4.138586,10400000.0,44.0,Ru,I,0.259318,3.0,4.397862,4.0,SL,1.0,9.0
22086,299.6893,4.135927,24180000.0,44.0,Ru,I,1.1230040000000001,2.0,5.25889,1.0,CB',1.0,3.0
22098,299.7424,4.1351949999999995,8040000.0,44.0,Ru,I,1.31715,2.0,5.452303,3.0,CB',1.0,7.0
22128,299.8913,4.133141,2685000000.0,44.01,Ru,II,2.6837,0.5,6.8168,0.5,GUES,2.0,2.0
22199,300.1638,4.129388,8791000.0,44.0,Ru,I,1.063217,3.0,5.192564,3.0,CB',1.0,7.0
22326,300.6586,4.122594,27460000.0,44.0,Ru,I,0.336399,2.0,4.458952,2.0,SL,1.0,5.0
22359,300.8258,4.120303,16220000.0,44.0,Ru,I,1.1386290000000001,2.0,5.25889,1.0,CB',1.0,3.0
22372,300.879,4.119574,7996000.0,44.0,Ru,I,1.130814,4.0,5.2503459999999995,4.0,CB',1.0,9.0
22470,301.292,4.1139269999999994,11940000.0,44.0,Ru,I,1.063217,3.0,5.177103,2.0,CB',1.0,5.0
22482,301.3356,4.113331,7425000.0,44.0,Ru,I,1.0023030000000002,3.0,5.115593,3.0,CB',1.0,7.0
22577,301.7235,4.1080440000000005,32180000.0,44.0,Ru,I,0.38503200000000004,1.0,4.493035,1.0,CB',1.0,3.0
22630,301.9363,4.105148000000001,3013000.0,44.0,Ru,I,1.087457,3.0,5.192564,3.0,CB',1.0,7.0
22674,302.0873,4.103097,11180000.0,44.0,Ru,I,0.336399,2.0,4.439455000000001,3.0,SL,1.0,7.0
22958,303.3449,4.086086,20220000.0,44.0,Ru,I,0.927782,4.0,5.013828,4.0,CB',1.0,9.0
22979,303.4053,4.085273,15170000.0,44.0,Ru,I,1.1230040000000001,2.0,5.208236,2.0,CB',1.0,5.0
23012,303.5466,4.083371,12900000.0,44.0,Ru,I,1.124906,1.0,5.208236,2.0,CB',1.0,5.0
23066,303.8171,4.0797360000000005,6975000.0,44.0,Ru,I,0.99729,2.0,5.076986,3.0,CB',1.0,7.0
23126,304.0314,4.076861,3184000.0,44.0,Ru,I,0.147621,4.0,4.22444,3.0,SL,1.0,7.0
23174,304.2478,4.073961,12540000.0,44.0,Ru,I,0.38503200000000004,1.0,4.458952,2.0,SL,1.0,5.0
23183,304.2833,4.073486,19880000.0,44.0,Ru,I,1.321005,3.0,5.39445,2.0,CB',1.0,5.0
23253,304.5702,4.069648,23850000.0,44.0,Ru,I,1.1386290000000001,2.0,5.208236,2.0,CB',1.0,5.0
23326,304.8494,4.065921,4482000.0,44.0,Ru,I,0.927782,4.0,4.993663,4.0,CB',1.0,9.0
23331,304.8788,4.06553,3521000.0,44.0,Ru,I,0.259318,3.0,4.324807,2.0,SL,1.0,5.0
23461,305.493,4.057357,16550000.0,44.0,Ru,I,0.99729,2.0,5.054606,3.0,CB',1.0,7.0
23578,306.0247,4.050307,88980000.0,44.01,Ru,II,2.672827,2.5,6.7230929999999995,3.5,GUES,2.0,8.0
23699,306.4838,4.04424,37120000.0,44.0,Ru,I,1.130814,4.0,5.175014,5.0,CB',1.0,11.0
23907,307.3336,4.0330580000000005,24750000.0,44.0,Ru,I,1.419286,2.0,5.452303,3.0,CB',1.0,7.0
23953,307.5339,4.030432,117500000.0,44.01,Ru,II,2.672827,2.5,6.703218,2.5,GUES,2.0,6.0
24096,308.0899,4.0231580000000005,36940000.0,44.0,Ru,I,1.461284,1.0,5.484401,2.0,CB',1.0,5.0
24211,308.6074,4.016412,36980000.0,44.0,Ru,I,1.419286,2.0,5.435657,1.0,CB',1.0,3.0
24283,308.9144,4.012421,23390000.0,44.0,Ru,I,1.130814,4.0,5.143194,3.0,CB',1.0,7.0
24300,308.9803,4.011565,9545000.0,44.0,Ru,I,1.0023030000000002,3.0,5.013828,4.0,CB',1.0,9.0
24317,309.023,4.011011,52440000.0,44.0,Ru,I,2.119742,4.0,6.130712,4.0,CB',1.0,9.0
24355,309.1867,4.0088870000000005,1804000.0,44.0,Ru,I,0.336399,2.0,4.3452459999999995,1.0,SL,1.0,3.0
24423,309.4559,4.005399,116000000.0,44.01,Ru,II,2.543523,2.5,6.548883,2.5,GUES,2.0,6.0
24483,309.6563,4.002808,84700000.0,44.0,Ru,I,1.321005,3.0,5.323772,4.0,CB',1.0,9.0
24515,309.7599,4.001469,34110000.0,44.0,Ru,I,1.31715,2.0,5.318579,2.0,CB',1.0,5.0
24548,309.928,3.9992989999999997,10890000.0,44.0,Ru,I,0.147621,4.0,4.14688,4.0,BG,1.0,9.0
24589,310.0836,3.997292,8238000.0,44.0,Ru,I,0.147621,4.0,4.144872,3.0,SL,1.0,7.0
24750,310.7575,3.9886239999999997,86290000.0,44.01,Ru,II,2.402653,3.5,6.391237,3.5,GUES,2.0,8.0
24822,311.0543,3.9848190000000003,11560000.0,44.0,Ru,I,1.130814,4.0,5.115593,3.0,CB',1.0,7.0
25139,312.4141,3.967475,2439000.0,44.0,Ru,I,0.259318,3.0,4.2267529999999995,1.0,SL,1.0,3.0
25193,312.5963,3.9651620000000003,1945000.0,44.0,Ru,I,0.259318,3.0,4.22444,3.0,SL,1.0,7.0
25354,313.2878,3.95641,23610000.0,44.0,Ru,I,1.31715,2.0,5.2735199999999995,2.0,CB',1.0,5.0
25448,313.6558,3.951769,18790000.0,44.0,Ru,I,0.99729,2.0,4.94902,1.0,CB',1.0,3.0
25571,314.0976,3.946211,10830000.0,44.0,Ru,I,1.130814,4.0,5.076986,3.0,CB',1.0,7.0
25639,314.3674,3.942824,112400000.0,44.01,Ru,II,2.402653,3.5,6.345437,2.5,GUES,2.0,6.0
25651,314.4265,3.9420839999999995,33690000.0,44.0,Ru,I,1.8226069999999999,4.0,5.764651000000001,5.0,CB',1.0,11.0
25796,315.0699,3.9340330000000003,12020000.0,44.0,Ru,I,0.99729,2.0,4.931284,1.0,CB',1.0,3.0
25856,315.3826,3.930133,14360000.0,44.0,Ru,I,0.99729,2.0,4.927384,2.0,CB',1.0,5.0
25979,315.8891,3.923832,6914000.0,44.0,Ru,I,1.130814,4.0,5.054606,3.0,CB',1.0,7.0
26007,315.9929,3.922542,5696000.0,44.0,Ru,I,0.259318,3.0,4.181821,2.0,SL,1.0,5.0
26219,316.8555,3.911865,43360000.0,44.0,Ru,I,1.419286,2.0,5.331111,3.0,CB',1.0,7.0
26309,317.2688,3.906769,110400000.0,44.01,Ru,II,4.182595,1.5,8.089324000000001,2.5,GUES,2.0,6.0
26376,317.5318,3.9035330000000004,82640000.0,44.01,Ru,II,2.402653,3.5,6.306146,3.5,GUES,2.0,8.0
26406,317.7054,3.9014,420600000.0,44.01,Ru,II,2.402653,3.5,6.304014,4.5,MC,2.0,10.0
26643,318.6043,3.890393,7590000.0,44.0,Ru,I,0.336399,2.0,4.2267529999999995,1.0,SL,1.0,3.0
26702,318.8332,3.887601,3181000.0,44.0,Ru,I,0.259318,3.0,4.14688,4.0,BG,1.0,9.0
26740,318.9979,3.885593,2699000.0,44.0,Ru,I,0.259318,3.0,4.144872,3.0,SL,1.0,7.0
26868,319.5169,3.8792809999999998,65300000.0,44.01,Ru,II,4.220224,3.5,8.099466,4.5,GUES,2.0,10.0
26905,319.6605,3.877539,24240000.0,44.0,Ru,I,0.38503200000000004,1.0,4.262532,0.0,CB',1.0,1.0
27258,321.2981,3.8577769999999996,5956000.0,44.0,Ru,I,1.130814,4.0,4.988553,3.0,CB',1.0,7.0
27339,321.6525,3.8535269999999997,1122000.0,44.0,Ru,I,0.259318,3.0,4.112806,2.0,SL,1.0,5.0
27436,322.1352,3.847752,80300000.0,44.01,Ru,II,2.543523,2.5,6.391237,3.5,GUES,2.0,8.0
27449,322.1975,3.847008,80270000.0,44.01,Ru,II,2.763484,3.5,6.610453,3.5,GUES,2.0,8.0
27469,322.3272,3.8454599999999997,3534000.0,44.0,Ru,I,0.336399,2.0,4.181821,2.0,SL,1.0,5.0
27535,322.6377,3.84176,4670000.0,44.0,Ru,I,0.38503200000000004,1.0,4.2267529999999995,1.0,SL,1.0,3.0
27567,322.7885,3.8399650000000003,12220000.0,44.0,Ru,I,1.087457,3.0,4.927384,2.0,CB',1.0,5.0
27582,322.8489,3.8392459999999997,45680000.0,44.01,Ru,II,4.044736,5.5,7.8839440000000005,6.5,GUES,2.0,14.0
27585,322.8528,3.8392,21720000.0,44.0,Ru,I,0.99729,2.0,4.8364519999999995,2.0,CB',1.0,5.0
27830,323.8531,3.827343,152800000.0,44.0,Ru,I,1.8664669999999999,2.0,5.693771,2.0,CB',1.0,5.0
27899,324.1233,3.8241519999999998,26020000.0,44.0,Ru,I,1.124906,1.0,4.94902,1.0,CB',1.0,3.0
27945,324.3501,3.821478,5581000.0,44.0,Ru,I,0.81148,4.0,4.6329199999999995,3.0,SL,1.0,7.0
28185,325.4544,3.8085120000000003,920000.0,44.0,Ru,I,0.336399,2.0,4.144872,3.0,SL,1.0,7.0
28187,325.4709,3.808318,12350000.0,44.0,Ru,I,1.1230040000000001,2.0,4.931284,1.0,CB',1.0,3.0
28278,325.9012,3.803291,62760000.0,44.01,Ru,II,2.763484,3.5,6.566736,4.5,GUES,2.0,10.0
28316,326.0398,3.8016739999999998,2768000.0,44.0,Ru,I,0.147621,4.0,3.9492559999999997,3.0,SL,1.0,7.0
28410,326.456,3.7968269999999995,2384000.0,44.0,Ru,I,0.38503200000000004,1.0,4.181821,2.0,SL,1.0,5.0
28456,326.6453,3.794626,16240000.0,44.0,Ru,I,1.321005,3.0,5.115593,3.0,CB',1.0,7.0
28501,326.8214,3.792582,88370000.0,44.0,Ru,I,1.691857,2.0,5.484401,2.0,CB',1.0,5.0
28626,327.3081,3.786943,29980000.0,44.0,Ru,I,0.99729,2.0,4.784196,1.0,CB',1.0,3.0
28659,327.4703,3.7850669999999997,37550000.0,44.0,Ru,I,1.321005,3.0,5.106033999999999,2.0,CB',1.0,5.0
28713,327.7566,3.781762,41460000.0,44.0,Ru,I,1.8226069999999999,4.0,5.604331,3.0,CB',1.0,7.0
29104,329.4112,3.7627660000000005,2781000.0,44.0,Ru,I,0.0,5.0,3.762728,4.0,BG,1.0,9.0
29105,329.4205,3.762661,76790000.0,44.01,Ru,II,2.543523,2.5,6.306146,3.5,GUES,2.0,8.0
29148,329.6112,3.7604830000000002,17490000.0,44.0,Ru,I,1.691857,2.0,5.452303,3.0,CB',1.0,7.0
29189,329.7957,3.758379,1630000.0,44.0,Ru,I,1.130814,4.0,4.889156,3.0,BG,1.0,7.0
29264,330.1594,3.754239,2786000.0,44.0,Ru,I,0.0,5.0,3.754202,5.0,BG,1.0,11.0
29372,330.6179,3.7490330000000003,22190000.0,44.0,Ru,I,1.087457,3.0,4.8364519999999995,2.0,CB',1.0,5.0
29629,331.5058,3.7389930000000002,7011000.0,44.0,Ru,I,0.99729,2.0,4.7362459999999995,1.0,SL,1.0,3.0
29635,331.5229,3.7388,2391000.0,44.0,Ru,I,0.147621,4.0,3.8863830000000004,4.0,SL,1.0,9.0
29664,331.6387,3.7374940000000003,36100000.0,44.0,Ru,I,1.31715,2.0,5.054606,3.0,CB',1.0,7.0
29702,331.7893,3.7357980000000004,4046000.0,44.0,Ru,I,1.063217,3.0,4.798977,3.0,CB',1.0,7.0
29727,331.883,3.734743,17690000.0,44.0,Ru,I,1.589067,4.0,5.323772,4.0,CB',1.0,9.0
29898,332.5001,3.727812,1911000.0,44.0,Ru,I,0.38503200000000004,1.0,4.112806,2.0,SL,1.0,5.0
30096,333.2643,3.719264,1675000.0,44.0,Ru,I,0.81148,4.0,4.530707,4.0,GUES,1.0,9.0
30176,333.57,3.7158559999999996,26820000.0,44.0,Ru,I,1.461284,1.0,5.177103,2.0,CB',1.0,5.0
30284,333.9563,3.711557,63300000.0,44.0,Ru,I,1.087457,3.0,4.798977,3.0,CB',1.0,7.0
30292,333.9812,3.7112809999999996,99600000.0,44.01,Ru,II,2.6341930000000002,1.5,6.345437,2.5,GUES,2.0,6.0
30331,334.1671,3.7092169999999998,13860000.0,44.0,Ru,I,1.130814,4.0,4.839993,4.0,CB',1.0,9.0
30413,334.4537,3.706038,372400.0,44.0,Ru,I,0.0,5.0,3.706,4.0,BG,1.0,9.0
30792,336.114,3.687731,311700000.0,44.0,Ru,I,2.1134310000000003,2.0,5.801125,1.0,CB',1.0,3.0
30821,336.2003,3.686785,11530000.0,44.0,Ru,I,1.419286,2.0,5.106033999999999,2.0,CB',1.0,5.0
30984,336.8451,3.679728,4405000.0,44.0,Ru,I,0.336399,2.0,4.01609,3.0,SL,1.0,7.0
31016,336.9315,3.678784,146800000.0,44.01,Ru,II,2.6837,0.5,6.362447,1.5,GUES,2.0,4.0
31075,337.1858,3.6760099999999998,6808000.0,44.0,Ru,I,1.1230040000000001,2.0,4.798977,3.0,CB',1.0,7.0
31147,337.4653,3.672966,8099000.0,44.0,Ru,I,0.99729,2.0,4.670219,2.0,SL,1.0,5.0
31234,337.8029,3.6692949999999995,836200.0,44.0,Ru,I,0.0,5.0,3.669258,4.0,SL,1.0,9.0
31280,337.9604,3.667585,10500000.0,44.0,Ru,I,1.321005,3.0,4.988553,3.0,CB',1.0,7.0
31298,338.0169,3.666972,15100000.0,44.0,Ru,I,0.99729,2.0,4.664226,1.0,CB',1.0,3.0
31416,338.5157,3.661569,13280000.0,44.0,Ru,I,1.5134809999999999,5.0,5.175014,5.0,CB',1.0,11.0
31516,338.8704,3.6577370000000005,16550000.0,44.0,Ru,I,1.419286,2.0,5.076986,3.0,CB',1.0,7.0
31539,338.95,3.6568769999999997,1639000.0,44.0,Ru,I,0.336399,2.0,3.99324,2.0,SL,1.0,5.0
31601,339.1889,3.6543019999999995,46330000.0,44.0,Ru,I,1.8383759999999998,0.0,5.492641000000001,1.0,CB',1.0,3.0
31623,339.2533,3.653608,1665000.0,44.0,Ru,I,0.0,5.0,3.653571,5.0,SL,1.0,11.0
31848,340.1735,3.643725,33230000.0,44.0,Ru,I,1.192764,1.0,4.8364519999999995,2.0,CB',1.0,5.0
32033,340.9276,3.6356660000000005,6974000.0,44.0,Ru,I,0.99729,2.0,4.6329199999999995,3.0,SL,1.0,7.0
32071,341.1635,3.6331519999999995,20930000.0,44.0,Ru,I,0.99729,2.0,4.630406,1.0,CB',1.0,3.0
32197,341.7327,3.627101,26440000.0,44.0,Ru,I,0.259318,3.0,3.8863830000000004,4.0,SL,1.0,9.0
32261,342.0092,3.624169,21810000.0,44.0,Ru,I,1.461284,1.0,5.085416,1.0,CB',1.0,3.0
32454,342.8318,3.615472,19940000.0,44.0,Ru,I,0.0,5.0,3.615436,6.0,CB',1.0,13.0
32462,342.863,3.6151440000000004,757500.0,44.0,Ru,I,0.147621,4.0,3.762728,4.0,BG,1.0,9.0
32485,342.9553,3.614171,41330000.0,44.0,Ru,I,1.31715,2.0,4.931284,1.0,CB',1.0,3.0
32511,343.0765,3.6128940000000003,5224000.0,44.0,Ru,I,0.336399,2.0,3.9492559999999997,3.0,SL,1.0,7.0
32546,343.2207,3.6113760000000004,12180000.0,44.0,Ru,I,1.124906,1.0,4.7362459999999995,1.0,SL,1.0,3.0
32558,343.2758,3.6107970000000003,15080000.0,44.0,Ru,I,1.130814,4.0,4.741575,4.0,CB',1.0,9.0
32572,343.3259,3.61027,24750000.0,44.0,Ru,I,1.31715,2.0,4.927384,2.0,CB',1.0,5.0
32628,343.5186,3.6082440000000005,2649000.0,44.0,Ru,I,0.38503200000000004,1.0,3.99324,2.0,SL,1.0,5.0
32668,343.6736,3.606617,49000000.0,44.0,Ru,I,0.147621,4.0,3.754202,5.0,BG,1.0,11.0
32710,343.8371,3.6049029999999997,15210000.0,44.0,Ru,I,0.99729,2.0,4.602157,2.0,SL,1.0,5.0
32747,344.0224,3.602961,6404000.0,44.0,Ru,I,0.927782,4.0,4.530707,4.0,CB',1.0,9.0
32976,344.8963,3.593832,25090000.0,44.0,Ru,I,1.419286,2.0,5.013082,2.0,CB',1.0,5.0
33066,345.2907,3.589727,896200.0,44.0,Ru,I,0.259318,3.0,3.8490089999999997,3.0,SL,1.0,7.0
33162,345.6619,3.585872,21450000.0,44.0,Ru,I,1.8664669999999999,2.0,5.452303,3.0,CB',1.0,7.0
33333,346.314,3.5791199999999996,862900.0,44.0,Ru,I,0.259318,3.0,3.838402,2.0,BG,1.0,5.0
33589,347.3752,3.5681870000000004,7365000.0,44.0,Ru,I,1.321005,3.0,4.889156,3.0,BG,1.0,7.0
33768,348.1304,3.5604459999999998,10600000.0,44.0,Ru,I,0.99729,2.0,4.557701,3.0,SL,1.0,7.0
33815,348.3171,3.5585379999999995,1303000.0,44.0,Ru,I,0.147621,4.0,3.7061230000000003,3.0,SL,1.0,7.0
33816,348.329,3.5584160000000002,842700.0,44.0,Ru,I,0.147621,4.0,3.706,4.0,BG,1.0,9.0
34046,349.4255,3.547251,8283000.0,44.0,Ru,I,1.1230040000000001,2.0,4.670219,2.0,SL,1.0,5.0
34085,349.5981,3.545499,6632000.0,44.0,Ru,I,1.087457,3.0,4.6329199999999995,3.0,SL,1.0,7.0
34160,349.8942,3.542498,89550000.0,44.0,Ru,I,0.0,5.0,3.5424629999999997,6.0,SL,1.0,13.0
34240,350.2425,3.5389760000000003,4132000.0,44.0,Ru,I,1.063217,3.0,4.602157,2.0,SL,1.0,5.0
34520,351.4487,3.5268300000000004,7195000.0,44.0,Ru,I,0.259318,3.0,3.786113,3.0,BG,1.0,7.0
34632,351.9634,3.5216730000000003,2493000.0,44.0,Ru,I,0.147621,4.0,3.669258,4.0,SL,1.0,9.0
34819,352.868,3.5126449999999996,1835000.0,44.0,Ru,I,0.336399,2.0,3.8490089999999997,3.0,SL,1.0,7.0
34874,353.1389,3.509951,6651000.0,44.0,Ru,I,1.1230040000000001,2.0,4.6329199999999995,3.0,SL,1.0,7.0
34905,353.281,3.508539,57880000.0,44.0,Ru,I,1.8226069999999999,4.0,5.331111,3.0,CB',1.0,7.0
34957,353.5383,3.505986,452500.0,44.0,Ru,I,0.147621,4.0,3.653571,5.0,SL,1.0,11.0
34968,353.5838,3.505535,14780000.0,44.0,Ru,I,1.124906,1.0,4.630406,1.0,CB',1.0,3.0
35012,353.7946,3.5034449999999997,2411000.0,44.0,Ru,I,0.259318,3.0,3.762728,4.0,BG,1.0,9.0
35043,353.9368,3.5020379999999998,10160000.0,44.0,Ru,I,0.336399,2.0,3.838402,2.0,BG,1.0,5.0
35084,354.163,3.499801,4406000.0,44.0,Ru,I,0.81148,4.0,4.311247,5.0,SL,1.0,11.0
35314,355.0266,3.491289,811200.0,44.0,Ru,I,0.259318,3.0,3.750572,4.0,SL,1.0,9.0
35406,355.3846,3.487771,30570000.0,44.0,Ru,I,1.461284,1.0,4.94902,1.0,CB',1.0,3.0
35469,355.6633,3.485039,69470000.0,44.0,Ru,I,1.461284,1.0,4.946288,0.0,CB',1.0,1.0
35669,356.4563,3.477286,7778000.0,44.0,Ru,I,1.124906,1.0,4.602157,2.0,SL,1.0,5.0
35749,356.7149,3.474765,33130000.0,44.0,Ru,I,1.7335060000000002,1.0,5.208236,2.0,CB',1.0,5.0
35846,357.0599,3.4714080000000003,105800000.0,44.0,Ru,I,1.927974,6.0,5.399347,6.0,CB',1.0,13.0
35948,357.4597,3.4675260000000003,6070000.0,44.0,Ru,I,1.063217,3.0,4.530707,4.0,CB',1.0,9.0
36068,357.9768,3.4625169999999996,1040000.0,44.0,Ru,I,0.259318,3.0,3.7218,2.0,CB',1.0,5.0
36246,358.7156,3.4553849999999997,83750000.0,44.0,Ru,I,2.013519,5.0,5.46887,5.0,CB',1.0,11.0
36299,358.9213,3.4534050000000005,82210000.0,44.0,Ru,I,0.38503200000000004,1.0,3.838402,2.0,BG,1.0,5.0
36399,359.3018,3.4497489999999997,79040000.0,44.0,Ru,I,0.336399,2.0,3.786113,3.0,BG,1.0,7.0
36475,359.6178,3.446717,43450000.0,44.0,Ru,I,0.259318,3.0,3.706,4.0,BG,1.0,9.0
36560,359.9762,3.443285,39540000.0,44.0,Ru,I,1.087457,3.0,4.530707,4.0,CB',1.0,9.0
36706,360.5636,3.437676,14890000.0,44.0,Ru,I,1.192764,1.0,4.630406,1.0,CB',1.0,3.0
36782,360.8727,3.4347309999999998,4614000.0,44.0,Ru,I,1.1230040000000001,2.0,4.557701,3.0,SL,1.0,7.0
37006,361.6952,3.4269220000000002,2768000.0,44.0,Ru,I,1.130814,4.0,4.557701,3.0,SL,1.0,7.0
37062,361.9197,3.4247949999999996,9171000.0,44.0,Ru,I,1.589067,4.0,5.013828,4.0,CB',1.0,9.0
37097,362.0281,3.4237699999999998,8939000.0,44.0,Ru,I,1.691857,2.0,5.115593,3.0,CB',1.0,7.0
37172,362.3631,3.420605,2960000.0,44.0,Ru,I,1.321005,3.0,4.741575,4.0,CB',1.0,9.0
37210,362.5194,3.4191300000000004,43460000.0,44.0,Ru,I,1.31715,2.0,4.7362459999999995,1.0,SL,1.0,3.0
37251,362.6736,3.417676,109800000.0,44.0,Ru,I,2.119742,4.0,5.537383,4.0,CB',1.0,9.0
37262,362.7285,3.417159,6020000.0,44.0,Ru,I,1.698468,3.0,5.115593,3.0,CB',1.0,7.0
37358,363.1711,3.4129940000000003,3225000.0,44.0,Ru,I,0.81148,4.0,4.22444,3.0,SL,1.0,7.0
37414,363.3908,3.4109309999999997,23930000.0,44.0,Ru,I,2.119742,4.0,5.530639,4.0,CB',1.0,9.0
37442,363.4928,3.4099739999999996,22840000.0,44.0,Ru,I,0.259318,3.0,3.669258,4.0,SL,1.0,9.0
37468,363.5511,3.4094269999999995,7308000.0,44.0,Ru,I,1.192764,1.0,4.602157,2.0,SL,1.0,5.0
37516,363.7461,3.4076,41050000.0,44.0,Ru,I,1.698468,3.0,5.106033999999999,2.0,CB',1.0,5.0
37533,363.8008,3.407088,12110000.0,44.0,Ru,I,1.8664669999999999,2.0,5.2735199999999995,2.0,CB',1.0,5.0
37593,364.0634,3.4046300000000005,16880000.0,44.0,Ru,I,1.589067,4.0,4.993663,4.0,CB',1.0,9.0
37717,364.6107,3.39952,17990000.0,44.0,Ru,I,1.589067,4.0,4.988553,3.0,CB',1.0,7.0
37833,365.0323,3.395593,6998000.0,44.0,Ru,I,1.0023030000000002,3.0,4.397862,4.0,SL,1.0,9.0
37883,365.2309,3.3937470000000003,1519000.0,44.0,Ru,I,0.336399,2.0,3.730112,1.0,SL,1.0,3.0
37929,365.4404,3.391801,55830000.0,44.0,Ru,I,2.013519,5.0,5.405287,5.0,CB',1.0,11.0
37997,365.7579,3.388857,62290000.0,44.01,Ru,II,2.402653,3.5,5.791475,3.5,GUES,2.0,8.0
38056,366.0815,3.3858610000000002,7812000.0,44.0,Ru,I,2.013519,5.0,5.399347,6.0,CB',1.0,13.0
38069,366.1362,3.385355,37600000.0,44.0,Ru,I,0.147621,4.0,3.532942,5.0,BG,1.0,11.0
38135,366.3372,3.3834980000000003,18400000.0,44.0,Ru,I,0.927782,4.0,4.311247,5.0,SL,1.0,11.0
38275,366.954,3.377811,34940000.0,44.0,Ru,I,1.5134809999999999,5.0,4.8912580000000005,5.0,CB',1.0,11.0
38489,367.831,3.369758,2331000.0,44.0,Ru,I,0.336399,2.0,3.7061230000000003,3.0,SL,1.0,7.0
38652,368.594,3.3627830000000003,5317000.0,44.0,Ru,I,1.691857,2.0,5.054606,3.0,CB',1.0,7.0
38751,369.0049,3.3590379999999995,48960000.0,44.01,Ru,II,2.402653,3.5,5.761657,4.5,GUES,2.0,10.0
38897,369.6581,3.353103,16190000.0,44.0,Ru,I,1.31715,2.0,4.670219,2.0,SL,1.0,5.0
38927,369.7762,3.352032,4008000.0,44.0,Ru,I,1.087457,3.0,4.439455000000001,3.0,SL,1.0,7.0
39007,370.0931,3.349162,26050000.0,44.0,Ru,I,2.119742,4.0,5.46887,5.0,CB',1.0,11.0
39037,370.2228,3.347989,890900.0,44.0,Ru,I,0.99729,2.0,4.3452459999999995,1.0,SL,1.0,3.0
39283,371.23,3.3389059999999997,33070000.0,44.0,Ru,I,2.1134310000000003,2.0,5.452303,3.0,CB',1.0,7.0
39369,371.5554,3.335981,3506000.0,44.0,Ru,I,1.1230040000000001,2.0,4.458952,2.0,SL,1.0,5.0
39387,371.6165,3.335433,1547000.0,44.0,Ru,I,0.81148,4.0,4.14688,4.0,BG,1.0,9.0
39409,371.7005,3.334679,9756000.0,44.0,Ru,I,1.063217,3.0,4.397862,4.0,SL,1.0,9.0
39465,371.933,3.3325949999999995,79040000.0,44.0,Ru,I,2.119742,4.0,5.452303,3.0,CB',1.0,7.0
39609,372.4969,3.32755,6204000.0,44.0,Ru,I,0.99729,2.0,4.324807,2.0,SL,1.0,5.0
39623,372.5484,3.32709,8402000.0,44.0,Ru,I,1.457139,0.0,4.784196,1.0,CB',1.0,3.0
39634,372.6093,3.326545,32150000.0,44.0,Ru,I,1.5134809999999999,5.0,4.839993,4.0,CB',1.0,9.0
39652,372.6924,3.325804,70300000.0,44.0,Ru,I,0.147621,4.0,3.4733910000000003,4.0,SL,1.0,9.0
39682,372.8025,3.324822,79350000.0,44.0,Ru,I,0.0,5.0,3.324789,5.0,BG,1.0,11.0
39742,373.0431,3.3226769999999997,65350000.0,44.0,Ru,I,0.259318,3.0,3.5819620000000003,3.0,SL,1.0,7.0
39796,373.2026,3.321257,13840000.0,44.0,Ru,I,1.691857,2.0,5.013082,2.0,CB',1.0,5.0
39826,373.3039,3.320356,5634000.0,44.0,Ru,I,1.1386290000000001,2.0,4.458952,2.0,SL,1.0,5.0
39857,373.4463,3.31909,79670000.0,44.01,Ru,II,2.543523,2.5,5.86258,2.5,GUES,2.0,6.0
39921,373.7398,3.3164839999999995,10560000.0,44.0,Ru,I,1.1230040000000001,2.0,4.439455000000001,3.0,SL,1.0,7.0
39933,373.7758,3.316164,5515000.0,44.0,Ru,I,1.1769040000000002,0.0,4.493035,1.0,CB',1.0,3.0
39956,373.8628,3.315393,3839000.0,44.0,Ru,I,1.698468,3.0,5.013828,4.0,CB',1.0,9.0
39962,373.8912,3.3151410000000006,16110000.0,44.0,Ru,I,2.013519,5.0,5.328628,5.0,CB',1.0,11.0
39974,373.947,3.314647,65960000.0,44.0,Ru,I,1.698468,3.0,5.013082,2.0,CB',1.0,5.0
40041,374.228,3.312157,56060000.0,44.0,Ru,I,0.336399,2.0,3.6485230000000004,2.0,BG,1.0,5.0
40055,374.28,3.311697,76100000.0,44.0,Ru,I,1.927974,6.0,5.239637999999999,7.0,CB',1.0,15.0
40092,374.4223,3.310439,6651000.0,44.0,Ru,I,1.087457,3.0,4.397862,4.0,SL,1.0,9.0
40095,374.4396,3.310286,72920000.0,44.0,Ru,I,2.013519,5.0,5.323772,4.0,CB',1.0,9.0
40123,374.5594,3.3092269999999995,110400000.0,44.0,Ru,I,1.5134809999999999,5.0,4.822675,6.0,CB',1.0,13.0
40324,375.3537,3.302224,42030000.0,44.0,Ru,I,1.589067,4.0,4.8912580000000005,5.0,CB',1.0,11.0
40352,375.5089,3.3008589999999995,11470000.0,44.0,Ru,I,1.1386290000000001,2.0,4.439455000000001,3.0,SL,1.0,7.0
40381,375.5929,3.300122,24510000.0,44.0,Ru,I,1.589067,4.0,4.889156,3.0,BG,1.0,7.0
40492,375.9837,3.2966910000000005,21300000.0,44.0,Ru,I,0.927782,4.0,4.22444,3.0,SL,1.0,7.0
40496,376.0015,3.296535,38580000.0,44.0,Ru,I,0.38503200000000004,1.0,3.6815330000000004,1.0,SL,1.0,3.0
40540,376.1507,3.295228,49990000.0,44.0,Ru,I,1.698468,3.0,4.993663,4.0,CB',1.0,9.0
40673,376.735,3.290117,64080000.0,44.0,Ru,I,1.698468,3.0,4.988553,3.0,CB',1.0,7.0
40821,377.3172,3.28504,3173000.0,44.0,Ru,I,1.31715,2.0,4.602157,2.0,SL,1.0,5.0
40928,377.7587,3.2812019999999995,56160000.0,44.0,Ru,I,0.38503200000000004,1.0,3.6662,0.0,SL,1.0,1.0
40935,377.7902,3.280928,116800000.0,44.01,Ru,II,2.6341930000000002,1.5,5.915088,1.5,GUES,2.0,4.0
40955,377.8703,3.280232,9659000.0,44.0,Ru,I,1.589067,4.0,4.8692660000000005,4.0,CB',1.0,9.0
41000,378.1169,3.278093,189300000.0,44.0,Ru,I,2.4865909999999998,5.0,5.764651000000001,5.0,CB',1.0,11.0
41110,378.605,3.2738669999999996,61710000.0,44.0,Ru,I,0.336399,2.0,3.610233,1.0,SL,1.0,3.0
41216,379.0515,3.2700110000000002,58550000.0,44.0,Ru,I,0.259318,3.0,3.529296,2.0,SL,1.0,5.0
41334,379.4968,3.2661729999999998,68630000.0,44.0,Ru,I,2.00738,3.0,5.2735199999999995,2.0,CB',1.0,5.0
41343,379.5177,3.265993,4971000.0,44.0,Ru,I,1.31715,2.0,4.583111,2.0,SL,1.0,5.0
41419,379.805,3.2635240000000003,12470000.0,44.0,Ru,I,0.38503200000000004,1.0,3.6485230000000004,2.0,BG,1.0,5.0
41443,379.8898,3.262795,53640000.0,44.0,Ru,I,0.147621,4.0,3.410382,3.0,BG,1.0,7.0
41459,379.9349,3.262408,43670000.0,44.0,Ru,I,0.0,5.0,3.262375,4.0,BG,1.0,9.0
41472,380.0263,3.261623,11100000.0,44.0,Ru,I,1.063217,3.0,4.324807,2.0,SL,1.0,5.0
41538,380.3191,3.259112,133800000.0,44.0,Ru,I,2.509689,1.0,5.768769,1.0,CB',1.0,3.0
41676,380.8685,3.254411,40480000.0,44.0,Ru,I,1.8226069999999999,4.0,5.076986,3.0,CB',1.0,7.0
41772,381.2729,3.250959,36070000.0,44.0,Ru,I,1.589067,4.0,4.839993,4.0,CB',1.0,9.0
41827,381.4842,3.249159,22170000.0,44.0,Ru,I,1.8664669999999999,2.0,5.115593,3.0,CB',1.0,7.0
41889,381.7293,3.247072,81090000.0,44.0,Ru,I,1.927974,6.0,5.175014,5.0,CB',1.0,11.0
41947,381.903,3.2455950000000002,7159000.0,44.0,Ru,I,0.336399,2.0,3.5819620000000003,3.0,SL,1.0,7.0
41962,381.9763,3.244973,6648000.0,44.0,Ru,I,1.419286,2.0,4.664226,1.0,CB',1.0,3.0
42019,382.2088,3.242999,101200000.0,44.0,Ru,I,2.00738,3.0,5.2503459999999995,4.0,CB',1.0,9.0
42085,382.4936,3.240584,24180000.0,44.0,Ru,I,1.31715,2.0,4.557701,3.0,SL,1.0,7.0
42183,382.8719,3.2373830000000003,4884000.0,44.0,Ru,I,1.087457,3.0,4.324807,2.0,SL,1.0,5.0
42266,383.1793,3.234785,30600000.0,44.0,Ru,I,1.5134809999999999,5.0,4.748234,5.0,CB',1.0,11.0
42355,383.5058,3.232031,27620000.0,44.0,Ru,I,1.8226069999999999,4.0,5.054606,3.0,CB',1.0,7.0
42416,383.807,3.229495,14080000.0,44.0,Ru,I,0.99729,2.0,4.2267529999999995,1.0,SL,1.0,3.0
42462,383.9698,3.228126,44780000.0,44.0,Ru,I,1.5134809999999999,5.0,4.741575,4.0,CB',1.0,9.0
42488,384.0821,3.227182,2818000.0,44.0,Ru,I,0.99729,2.0,4.22444,3.0,SL,1.0,7.0
42540,384.3142,3.2252330000000002,1404000.0,44.0,Ru,I,0.38503200000000004,1.0,3.610233,1.0,SL,1.0,3.0
42624,384.6672,3.222274,16470000.0,44.0,Ru,I,1.1230040000000001,2.0,4.3452459999999995,1.0,SL,1.0,3.0
42717,385.0429,3.219129,11180000.0,44.0,Ru,I,0.927782,4.0,4.14688,4.0,BG,1.0,9.0
42743,385.2125,3.2177119999999997,31430000.0,44.0,Ru,I,2.1134310000000003,2.0,5.331111,3.0,CB',1.0,7.0
42840,385.6447,3.214106,4048000.0,44.0,Ru,I,0.259318,3.0,3.4733910000000003,4.0,SL,1.0,9.0
42863,385.7538,3.213197,102300000.0,44.0,Ru,I,1.8226069999999999,4.0,5.035772,5.0,CB',1.0,11.0
42941,386.0717,3.2105509999999997,29200000.0,44.0,Ru,I,1.8664669999999999,2.0,5.076986,3.0,CB',1.0,7.0
42982,386.2682,3.208918,99700000.0,44.0,Ru,I,2.119742,4.0,5.328628,5.0,CB',1.0,11.0
43052,386.5415,3.206649,4491000.0,44.0,Ru,I,1.1386290000000001,2.0,4.3452459999999995,1.0,SL,1.0,3.0
43112,386.7836,3.2046419999999998,15990000.0,44.0,Ru,I,0.81148,4.0,4.01609,3.0,SL,1.0,7.0
43254,387.3528,3.199933,9743000.0,44.0,Ru,I,1.124906,1.0,4.324807,2.0,SL,1.0,5.0
43323,387.61,3.19781,7413000.0,44.0,Ru,I,1.7335060000000002,1.0,4.931284,1.0,CB',1.0,3.0
43397,387.9035,3.19539,55380000.0,44.01,Ru,II,3.4150949999999995,4.5,6.610453,3.5,GUES,2.0,8.0
43459,388.2025,3.192929,970000.0,44.0,Ru,I,0.336399,2.0,3.529296,2.0,SL,1.0,5.0
43508,388.4065,3.1912529999999997,12050000.0,44.0,Ru,I,1.8226069999999999,4.0,5.013828,4.0,CB',1.0,9.0
43528,388.4714,3.190719,2884000.0,44.0,Ru,I,1.698468,3.0,4.889156,3.0,BG,1.0,7.0
43604,388.7818,3.1881720000000002,12570000.0,44.0,Ru,I,1.8664669999999999,2.0,5.054606,3.0,CB',1.0,7.0
43675,389.0212,3.18621,5688000.0,44.0,Ru,I,1.1386290000000001,2.0,4.324807,2.0,SL,1.0,5.0
43714,389.1426,3.185216,11440000.0,44.0,Ru,I,2.00738,3.0,5.192564,3.0,CB',1.0,7.0
43736,389.2225,3.184562,13950000.0,44.0,Ru,I,0.99729,2.0,4.181821,2.0,SL,1.0,5.0
43750,389.2773,3.184113,25370000.0,44.0,Ru,I,2.509689,1.0,5.693771,2.0,CB',1.0,5.0
43795,389.4253,3.182903,1968000.0,44.0,Ru,I,1.419286,2.0,4.602157,2.0,SL,1.0,5.0
43860,389.724,3.1804650000000003,2193000.0,44.0,Ru,I,1.130814,4.0,4.311247,5.0,SL,1.0,11.0
43886,389.8361,3.17955,2104000.0,44.0,Ru,I,1.0023030000000002,3.0,4.181821,2.0,SL,1.0,5.0
43958,390.1244,3.1772,1175000.0,44.0,Ru,I,0.147621,4.0,3.324789,5.0,BG,1.0,11.0
44132,390.8764,3.171088,11360000.0,44.0,Ru,I,1.8226069999999999,4.0,4.993663,4.0,CB',1.0,9.0
44139,390.9082,3.17083,50760000.0,44.0,Ru,I,1.698468,3.0,4.8692660000000005,4.0,CB',1.0,9.0
44212,391.2112,3.168374,3404000.0,44.0,Ru,I,1.1769040000000002,0.0,4.3452459999999995,1.0,SL,1.0,3.0
44281,391.485,3.1661580000000002,5264000.0,44.0,Ru,I,0.99729,2.0,4.163417,1.0,SL,1.0,3.0
44444,392.0921,3.1612560000000003,4920000.0,44.0,Ru,I,1.063217,3.0,4.22444,3.0,SL,1.0,7.0
44519,392.3474,3.159199,62390000.0,44.0,Ru,I,1.589067,4.0,4.748234,5.0,CB',1.0,11.0
44545,392.4629,3.1582689999999998,25240000.0,44.0,Ru,I,2.4865909999999998,5.0,5.6448279999999995,4.0,CB',1.0,9.0
44579,392.5926,3.1572259999999996,6191000.0,44.0,Ru,I,0.0,5.0,3.157194,4.0,SL,1.0,9.0
44738,393.1795,3.152513,20780000.0,44.0,Ru,I,1.192764,1.0,4.3452459999999995,1.0,SL,1.0,3.0
44778,393.3563,3.151096,2235000.0,44.0,Ru,I,0.259318,3.0,3.410382,3.0,BG,1.0,7.0
44894,393.7915,3.147613,1543000.0,44.0,Ru,I,0.99729,2.0,4.144872,3.0,SL,1.0,7.0
44993,394.1679,3.1446080000000003,996000.0,44.0,Ru,I,1.0023030000000002,3.0,4.14688,4.0,BG,1.0,9.0
45004,394.2071,3.1442959999999998,877900.0,44.0,Ru,I,0.38503200000000004,1.0,3.529296,2.0,SL,1.0,5.0
45074,394.4197,3.142601,845000.0,44.0,Ru,I,1.0023030000000002,3.0,4.144872,3.0,SL,1.0,7.0
45103,394.5584,3.141496,67250000.0,44.0,Ru,I,2.013519,5.0,5.154984,6.0,CB',1.0,13.0
45113,394.6327,3.140905,2304000.0,44.0,Ru,I,1.461284,1.0,4.602157,2.0,SL,1.0,5.0
45179,394.9417,3.138447,3060000.0,44.0,Ru,I,1.419286,2.0,4.557701,3.0,SL,1.0,7.0
45196,395.0044,3.1379490000000003,44300000.0,44.0,Ru,I,2.4865909999999998,5.0,5.6245080000000005,4.0,CB',1.0,9.0
45198,395.0222,3.137807,5076000.0,44.0,Ru,I,0.81148,4.0,3.9492559999999997,3.0,SL,1.0,7.0
45205,395.0411,3.137657,22940000.0,44.0,Ru,I,1.124906,1.0,4.262532,0.0,CB',1.0,1.0
45222,395.122,3.1370150000000003,1245000.0,44.0,Ru,I,1.087457,3.0,4.22444,3.0,SL,1.0,7.0
45267,395.2693,3.135846,48420000.0,44.0,Ru,I,2.00738,3.0,5.143194,3.0,CB',1.0,7.0
45363,395.7453,3.1320740000000002,1446000.0,44.0,Ru,I,1.192764,1.0,4.324807,2.0,SL,1.0,5.0
45533,396.4834,3.126243,485300.0,44.0,Ru,I,0.0,5.0,3.1262119999999998,5.0,SL,1.0,11.0
45644,396.9796,3.1223360000000002,1292000.0,44.0,Ru,I,1.31715,2.0,4.439455000000001,3.0,SL,1.0,7.0
45752,397.4507,3.118636,1933000.0,44.0,Ru,I,1.063217,3.0,4.181821,2.0,SL,1.0,5.0
45854,397.8447,3.1155470000000003,12750000.0,44.0,Ru,I,0.99729,2.0,4.112806,2.0,SL,1.0,5.0
45887,397.9419,3.114786,3631000.0,44.0,Ru,I,0.147621,4.0,3.262375,4.0,BG,1.0,9.0
46004,398.4858,3.110534,18370000.0,44.0,Ru,I,1.0023030000000002,3.0,4.112806,2.0,SL,1.0,5.0
46061,398.7794,3.108244,4143000.0,44.0,Ru,I,2.00738,3.0,5.115593,3.0,CB',1.0,7.0
46184,399.3531,3.10378,2594000.0,44.0,Ru,I,1.1230040000000001,2.0,4.2267529999999995,1.0,SL,1.0,3.0
46244,399.5979,3.1018779999999997,13600000.0,44.0,Ru,I,1.124906,1.0,4.2267529999999995,1.0,SL,1.0,3.0
46261,399.6508,3.101467,519300.0,44.0,Ru,I,1.1230040000000001,2.0,4.22444,3.0,SL,1.0,7.0
46397,400.3017,3.096425,69340000.0,44.01,Ru,II,3.6068239999999996,1.5,6.703218,2.5,GUES,2.0,6.0
46463,400.5642,3.094395,3159000.0,44.0,Ru,I,1.087457,3.0,4.181821,2.0,SL,1.0,5.0
46486,400.6597,3.093657,1672000.0,44.0,Ru,I,1.130814,4.0,4.22444,3.0,SL,1.0,7.0
46509,400.7527,3.09294,12620000.0,44.0,Ru,I,1.8383759999999998,0.0,4.931284,1.0,CB',1.0,3.0
46525,400.8267,3.0923689999999997,14480000.0,44.0,Ru,I,1.691857,2.0,4.784196,1.0,CB',1.0,3.0
46555,400.9969,3.091056,103600000.0,44.01,Ru,II,3.755866,2.5,6.846891,1.5,GUES,2.0,4.0
46628,401.3498,3.0883380000000002,1127000.0,44.0,Ru,I,0.927782,4.0,4.01609,3.0,SL,1.0,7.0
46776,402.099,3.082584,13430000.0,44.0,Ru,I,1.8664669999999999,2.0,4.94902,1.0,CB',1.0,3.0
46798,402.2161,3.081687,19950000.0,44.0,Ru,I,1.063217,3.0,4.144872,3.0,SL,1.0,7.0
46844,402.383,3.0804080000000003,998900.0,44.0,Ru,I,0.147621,4.0,3.227998,3.0,SL,1.0,7.0
46976,403.0995,3.074933,774100.0,44.0,Ru,I,0.81148,4.0,3.8863830000000004,4.0,SL,1.0,9.0
47008,403.22,3.074014,1142000.0,44.0,Ru,I,0.336399,2.0,3.410382,3.0,BG,1.0,7.0
47145,403.7737,3.069799,5910000.0,44.0,Ru,I,1.192764,1.0,4.262532,0.0,CB',1.0,1.0
47175,403.9207,3.068682,17780000.0,44.0,Ru,I,1.8226069999999999,4.0,4.8912580000000005,5.0,CB',1.0,11.0
47202,404.0464,3.067727,21220000.0,44.0,Ru,I,2.791985,5.0,5.859682,4.0,CB',1.0,9.0
47322,404.5772,3.063703,42750000.0,44.0,Ru,I,2.1134310000000003,2.0,5.177103,2.0,CB',1.0,5.0
47400,404.9414,3.060948,9123000.0,44.0,Ru,I,1.8664669999999999,2.0,4.927384,2.0,CB',1.0,5.0
47453,405.1391,3.059454,22100000.0,44.0,Ru,I,1.087457,3.0,4.14688,4.0,BG,1.0,9.0
47465,405.2194,3.058847,3886000.0,44.0,Ru,I,1.1230040000000001,2.0,4.181821,2.0,SL,1.0,5.0
47499,405.4051,3.057446,9397000.0,44.0,Ru,I,1.087457,3.0,4.144872,3.0,SL,1.0,7.0
47675,406.2852,3.050823,17060000.0,44.0,Ru,I,2.4865909999999998,5.0,5.537383,4.0,CB',1.0,9.0
47677,406.299,3.05072,20370000.0,44.0,Ru,I,1.7335060000000002,1.0,4.784196,1.0,CB',1.0,3.0
47700,406.4109,3.0498790000000002,5356000.0,44.0,Ru,I,1.1769040000000002,0.0,4.2267529999999995,1.0,SL,1.0,3.0
47712,406.4455,3.04962,8071000.0,44.0,Ru,I,1.063217,3.0,4.112806,2.0,SL,1.0,5.0
47782,406.7607,3.047257,26310000.0,44.0,Ru,I,2.00738,3.0,5.054606,3.0,CB',1.0,7.0
47800,406.8365,3.0466889999999998,52580000.0,44.0,Ru,I,1.8226069999999999,4.0,4.8692660000000005,4.0,CB',1.0,9.0
47859,407.1399,3.044419,21250000.0,44.0,Ru,I,1.691857,2.0,4.7362459999999995,1.0,SL,1.0,3.0
47888,407.2999,3.043223,4417000.0,44.0,Ru,I,1.1386290000000001,2.0,4.181821,2.0,SL,1.0,5.0
47963,407.6723,3.0404430000000002,35170000.0,44.0,Ru,I,1.1230040000000001,2.0,4.163417,1.0,SL,1.0,3.0
48023,407.9275,3.038541,4223000.0,44.0,Ru,I,1.124906,1.0,4.163417,1.0,GUES,1.0,3.0
48047,408.0594,3.037559,58520000.0,44.0,Ru,I,0.81148,4.0,3.8490089999999997,3.0,SL,1.0,7.0
48089,408.2789,3.035926,8411000.0,44.0,Ru,I,1.457139,0.0,4.493035,1.0,CB',1.0,3.0
48156,408.5355,3.034019,2656000.0,44.0,Ru,I,1.192764,1.0,4.2267529999999995,1.0,GUES,1.0,3.0
48160,408.5423,3.033968,64930000.0,44.0,Ru,I,2.0720959999999997,1.0,5.106033999999999,2.0,CB',1.0,5.0
48277,409.1052,3.029794,17990000.0,44.0,Ru,I,2.1134310000000003,2.0,5.143194,3.0,CB',1.0,7.0
48404,409.7021,3.0253799999999997,2399000.0,44.0,Ru,I,1.087457,3.0,4.112806,2.0,SL,1.0,5.0
48422,409.7782,3.0248180000000002,33240000.0,44.0,Ru,I,1.1386290000000001,2.0,4.163417,1.0,SL,1.0,3.0
48488,410.0364,3.022914,256600.0,44.0,Ru,I,0.259318,3.0,3.282201,2.0,CB',1.0,5.0
48510,410.1741,3.0218979999999998,4601000.0,44.0,Ru,I,1.1230040000000001,2.0,4.144872,3.0,SL,1.0,7.0
48518,410.2277,3.021504,876500.0,44.0,Ru,I,0.927782,4.0,3.9492559999999997,3.0,SL,1.0,7.0
48630,410.7834,3.017416,8559000.0,44.0,Ru,I,1.8226069999999999,4.0,4.839993,4.0,CB',1.0,9.0
48639,410.8052,3.017256,1388000.0,44.0,Ru,I,1.5134809999999999,5.0,4.530707,4.0,GUES,1.0,9.0
48665,410.9633,3.016096,428600.0,44.0,Ru,I,1.130814,4.0,4.14688,4.0,BG,1.0,9.0
48735,411.274,3.013817,24580000.0,44.0,Ru,I,1.0023030000000002,3.0,4.01609,3.0,SL,1.0,7.0
48750,411.3377,3.0133509999999997,56020000.0,44.0,Ru,I,2.0720959999999997,1.0,5.085416,1.0,CB',1.0,3.0
48764,411.4132,3.012798,735100.0,44.0,Ru,I,0.99729,2.0,4.010058,2.0,CB',1.0,5.0
48830,411.8498,3.009604,131900.0,44.0,Ru,I,0.147621,4.0,3.157194,4.0,SL,1.0,9.0
48882,412.0988,3.0077849999999997,3672000.0,44.0,Ru,I,1.0023030000000002,3.0,4.010058,2.0,CB',1.0,5.0
48883,412.1122,3.0076869999999998,1566000.0,44.0,Ru,I,1.31715,2.0,4.324807,2.0,GUES,1.0,5.0
48923,412.306,3.0062740000000003,2179000.0,44.0,Ru,I,1.1386290000000001,2.0,4.144872,3.0,SL,1.0,7.0
48945,412.3803,3.005732,11330000.0,44.0,Ru,I,2.00738,3.0,5.013082,2.0,CB',1.0,5.0
49013,412.7435,3.003087,755600.0,44.0,Ru,I,0.259318,3.0,3.262375,4.0,BG,1.0,9.0
49026,412.7871,3.00277,16040000.0,44.0,Ru,I,1.7335060000000002,1.0,4.7362459999999995,1.0,SL,1.0,3.0
49223,413.7228,2.995979,1784000.0,44.0,Ru,I,0.99729,2.0,3.99324,2.0,SL,1.0,5.0
49366,414.4162,2.990966,36310000.0,44.0,Ru,I,1.0023030000000002,3.0,3.99324,2.0,SL,1.0,5.0
49387,414.5734,2.989832,14440000.0,44.0,Ru,I,1.1230040000000001,2.0,4.112806,2.0,SL,1.0,5.0
49411,414.6768,2.989087,6019000.0,44.0,Ru,I,1.192764,1.0,4.181821,2.0,SL,1.0,5.0
49438,414.8373,2.98793,1902000.0,44.0,Ru,I,1.124906,1.0,4.112806,2.0,SL,1.0,5.0
49480,415.03,2.986543,1998000.0,44.0,Ru,I,1.1769040000000002,0.0,4.163417,1.0,SL,1.0,3.0
49652,415.917,2.9801740000000003,3031000.0,44.0,Ru,I,2.013519,5.0,4.993663,4.0,CB',1.0,9.0
49700,416.1658,2.978392,9255000.0,44.0,Ru,I,1.691857,2.0,4.670219,2.0,SL,1.0,5.0
49801,416.6876,2.974662,1286000.0,44.0,Ru,I,0.81148,4.0,3.786113,3.0,BG,1.0,7.0
49812,416.7514,2.974207,19280000.0,44.0,Ru,I,1.1386290000000001,2.0,4.112806,2.0,SL,1.0,5.0
49859,417.005,2.972398,14340000.0,44.0,Ru,I,1.691857,2.0,4.664226,1.0,CB',1.0,3.0
49975,417.5428,2.96857,10200000.0,44.0,Ru,I,2.4865909999999998,5.0,5.455131,6.0,CB',1.0,13.0
50112,418.2453,2.963584,15700000.0,44.0,Ru,I,2.1134310000000003,2.0,5.076986,3.0,CB',1.0,7.0
50116,418.2647,2.963447,805200.0,44.0,Ru,I,0.927782,4.0,3.891199,3.0,CB',1.0,7.0
50240,418.9457,2.95863,305700.0,44.0,Ru,I,0.927782,4.0,3.8863830000000004,4.0,SL,1.0,9.0
50373,419.6872,2.953403,64270000.0,44.0,Ru,I,1.7335060000000002,1.0,4.686879,0.0,CB',1.0,1.0
50390,419.7582,2.952903,7291000.0,44.0,Ru,I,1.063217,3.0,4.01609,3.0,SL,1.0,7.0
50425,419.8872,2.951995,6346000.0,44.0,Ru,I,0.99729,2.0,3.9492559999999997,3.0,SL,1.0,7.0
50447,419.9894,2.951278,50480000.0,44.0,Ru,I,0.81148,4.0,3.762728,4.0,BG,1.0,9.0
50575,420.6015,2.9469830000000004,17830000.0,44.0,Ru,I,1.0023030000000002,3.0,3.9492559999999997,3.0,SL,1.0,7.0
50607,420.7633,2.945849,32260000.0,44.0,Ru,I,1.8383759999999998,0.0,4.784196,1.0,CB',1.0,3.0
50703,421.2063,2.942751,47150000.0,44.0,Ru,I,0.81148,4.0,3.754202,5.0,BG,1.0,11.0
50750,421.4439,2.941092,42590000.0,44.0,Ru,I,1.691857,2.0,4.6329199999999995,3.0,SL,1.0,7.0
50792,421.7266,2.939121,6303000.0,44.0,Ru,I,0.81148,4.0,3.750572,4.0,SL,1.0,9.0
50863,422.0681,2.936743,26550000.0,44.0,Ru,I,1.7335060000000002,1.0,4.670219,2.0,SL,1.0,5.0
50942,422.5103,2.933669,51670000.0,44.0,Ru,I,2.509689,1.0,5.443329,2.0,CB',1.0,5.0
50979,422.673,2.93254,5981000.0,44.0,Ru,I,1.8664669999999999,2.0,4.798977,3.0,CB',1.0,7.0
51017,422.9312,2.930749,24790000.0,44.0,Ru,I,1.7335060000000002,1.0,4.664226,1.0,CB',1.0,3.0
51038,423.0318,2.930052,10280000.0,44.0,Ru,I,1.063217,3.0,3.99324,2.0,SL,1.0,5.0
51075,423.2326,2.9286630000000002,2068000.0,44.0,Ru,I,1.087457,3.0,4.01609,3.0,SL,1.0,7.0
51178,423.6675,2.925656,4880000.0,44.0,Ru,I,1.8226069999999999,4.0,4.748234,5.0,CB',1.0,11.0
51269,424.1061,2.922631,17380000.0,44.0,Ru,I,1.087457,3.0,4.010058,2.0,CB',1.0,5.0
51312,424.3057,2.921256,7824000.0,44.0,Ru,I,0.927782,4.0,3.8490089999999997,3.0,SL,1.0,7.0
51352,424.4833,2.920033,7399000.0,44.0,Ru,I,2.00738,3.0,4.927384,2.0,GUES,1.0,5.0
51382,424.6341,2.918997,9854000.0,44.0,Ru,I,1.8226069999999999,4.0,4.741575,4.0,CB',1.0,9.0
51388,424.6736,2.918725,73520000.0,44.0,Ru,I,2.4865909999999998,5.0,5.405287,5.0,CB',1.0,11.0
51410,424.8143,2.917758,6766000.0,44.0,Ru,I,1.8664669999999999,2.0,4.784196,1.0,CB',1.0,3.0
51596,425.8988,2.910329,20240000.0,44.0,Ru,I,1.691857,2.0,4.602157,2.0,SL,1.0,5.0
51617,426.0008,2.9096319999999998,3872000.0,44.0,Ru,I,1.31715,2.0,4.2267529999999995,1.0,SL,1.0,3.0
51676,426.3396,2.90732,659600.0,44.0,Ru,I,1.31715,2.0,4.22444,3.0,SL,1.0,7.0
51722,426.5608,2.905812,1841000.0,44.0,Ru,I,1.087457,3.0,3.99324,2.0,GUES,1.0,5.0
51964,427.7256,2.8978990000000002,4513000.0,44.0,Ru,I,1.8383759999999998,0.0,4.7362459999999995,1.0,SL,1.0,3.0
51993,427.8689,2.896928,4832000.0,44.0,Ru,I,1.7335060000000002,1.0,4.630406,1.0,CB',1.0,3.0
52056,428.1938,2.89473,1980000.0,44.0,Ru,I,1.927974,6.0,4.822675,6.0,CB',1.0,13.0
52065,428.2206,2.894549,557600.0,44.0,Ru,I,0.81148,4.0,3.706,4.0,BG,1.0,9.0
52112,428.4329,2.8931150000000003,10350000.0,44.0,Ru,I,1.1230040000000001,2.0,4.01609,3.0,SL,1.0,7.0
52173,428.7045,2.891282,12040000.0,44.0,Ru,I,1.691857,2.0,4.583111,2.0,SL,1.0,5.0
52293,429.3281,2.887083,5121000.0,44.0,Ru,I,1.1230040000000001,2.0,4.010058,2.0,CB',1.0,5.0
52319,429.4789,2.886069,3183000.0,44.0,Ru,I,1.063217,3.0,3.9492559999999997,3.0,SL,1.0,7.0
52340,429.5926,2.885305,7459000.0,44.0,Ru,I,1.130814,4.0,4.01609,3.0,SL,1.0,7.0
52378,429.7708,2.8841080000000003,35740000.0,44.0,Ru,I,1.0023030000000002,3.0,3.8863830000000004,4.0,SL,1.0,9.0
52584,430.7594,2.8774900000000003,12600000.0,44.0,Ru,I,1.1386290000000001,2.0,4.01609,3.0,SL,1.0,7.0
52619,430.9209,2.876411,40820000.0,44.0,Ru,I,3.227998,3.0,6.104381,4.0,CB',1.0,9.0
52721,431.4308,2.8730119999999997,79920000.0,44.0,Ru,I,3.126157,5.0,5.999140000000001,5.0,CB',1.0,11.0
52764,431.6642,2.871458,1428000.0,44.0,Ru,I,1.1386290000000001,2.0,4.010058,2.0,CB',1.0,5.0
52795,431.8438,2.870264,7149000.0,44.0,Ru,I,1.1230040000000001,2.0,3.99324,2.0,SL,1.0,5.0
52824,431.9869,2.869313,9638000.0,44.0,Ru,I,0.99729,2.0,3.866575,2.0,SL,1.0,5.0
52841,432.0583,2.86884,4653000.0,44.0,Ru,I,2.119742,4.0,4.988553,3.0,CB',1.0,7.0
52854,432.1302,2.868362,621800.0,44.0,Ru,I,1.124906,1.0,3.99324,2.0,SL,1.0,5.0
52884,432.2967,2.867258,51680000.0,44.0,Ru,I,3.1245220000000002,3.0,5.991751,2.0,CB',1.0,5.0
52926,432.5056,2.865873,8847000.0,44.0,Ru,I,1.691857,2.0,4.557701,3.0,SL,1.0,7.0
52976,432.6826,2.8647,4193000.0,44.0,Ru,I,1.31715,2.0,4.181821,2.0,SL,1.0,5.0
52986,432.743,2.8643,1916000.0,44.0,Ru,I,1.0023030000000002,3.0,3.866575,2.0,SL,1.0,5.0
53055,433.1168,2.861828,1190000.0,44.0,Ru,I,1.087457,3.0,3.9492559999999997,3.0,SL,1.0,7.0
53080,433.2516,2.860938,66570000.0,44.0,Ru,I,2.90786,2.0,5.768769,1.0,CB',1.0,3.0
53139,433.6425,2.858359,943000.0,44.0,Ru,I,0.927782,4.0,3.786113,3.0,BG,1.0,7.0
53154,433.7264,2.857806,1463000.0,44.0,Ru,I,0.81148,4.0,3.669258,4.0,SL,1.0,9.0
53187,433.8674,2.856877,11590000.0,44.0,Ru,I,2.595454,2.0,5.452303,3.0,CB',1.0,7.0
53212,434.0348,2.855775,3196000.0,44.0,Ru,I,2.013519,5.0,4.8692660000000005,4.0,CB',1.0,9.0
53225,434.1046,2.855316,5751000.0,44.0,Ru,I,2.0720959999999997,1.0,4.927384,2.0,CB',1.0,5.0
53248,434.2075,2.8546400000000003,10460000.0,44.0,Ru,I,1.1386290000000001,2.0,3.99324,2.0,SL,1.0,5.0
53329,434.6479,2.851747,1129000.0,44.0,Ru,I,0.99729,2.0,3.8490089999999997,3.0,SL,1.0,7.0
53385,434.9704,2.8496330000000003,22800000.0,44.0,Ru,I,1.7335060000000002,1.0,4.583111,2.0,SL,1.0,5.0
53462,435.4133,2.846734,7430000.0,44.0,Ru,I,1.0023030000000002,3.0,3.8490089999999997,3.0,SL,1.0,7.0
53479,435.4805,2.846295,5481000.0,44.0,Ru,I,1.31715,2.0,4.163417,1.0,SL,1.0,3.0
53593,436.1203,2.842119,4501000.0,44.0,Ru,I,0.81148,4.0,3.653571,5.0,SL,1.0,11.0
53772,437.0418,2.836127,471900.0,44.0,Ru,I,1.0023030000000002,3.0,3.838402,2.0,BG,1.0,5.0
53789,437.1203,2.835618,17200000.0,44.0,Ru,I,2.1134310000000003,2.0,4.94902,1.0,CB',1.0,3.0
53804,437.2195,2.8349740000000003,16530000.0,44.0,Ru,I,0.927782,4.0,3.762728,4.0,BG,1.0,9.0
53970,438.1272,2.8291009999999996,3997000.0,44.0,Ru,I,2.00738,3.0,4.8364519999999995,2.0,CB',1.0,5.0
54011,438.3364,2.8277509999999997,1397000.0,44.0,Ru,I,1.31715,2.0,4.144872,3.0,SL,1.0,7.0
54044,438.5385,2.826448,7735000.0,44.0,Ru,I,0.927782,4.0,3.754202,5.0,BG,1.0,11.0
54049,438.5645,2.82628,16020000.0,44.0,Ru,I,1.1230040000000001,2.0,3.9492559999999997,3.0,SL,1.0,7.0
54060,438.6268,2.825879,13570000.0,44.0,Ru,I,1.8383759999999998,0.0,4.664226,1.0,CB',1.0,3.0
54102,438.8985,2.824129,19510000.0,44.0,Ru,I,2.779659,3.0,5.60376,2.0,CB',1.0,5.0
54127,439.0439,2.823194,17160000.0,44.0,Ru,I,1.063217,3.0,3.8863830000000004,4.0,SL,1.0,9.0
54140,439.1025,2.8228169999999997,623000.0,44.0,Ru,I,0.927782,4.0,3.750572,4.0,SL,1.0,9.0
54228,439.4963,2.820288,1502000.0,44.0,Ru,I,1.927974,6.0,4.748234,5.0,CB',1.0,11.0
54272,439.7797,2.81847,2149000.0,44.0,Ru,I,1.130814,4.0,3.9492559999999997,3.0,SL,1.0,7.0
54299,439.959,2.8173220000000003,908000.0,44.0,Ru,I,1.192764,1.0,4.010058,2.0,CB',1.0,5.0
54393,440.4814,2.813981,4978000.0,44.0,Ru,I,2.1134310000000003,2.0,4.927384,2.0,CB',1.0,5.0
54492,441.0025,2.8106560000000003,20410000.0,44.0,Ru,I,1.1386290000000001,2.0,3.9492559999999997,3.0,SL,1.0,7.0
54684,442.0855,2.803771,846800.0,44.0,Ru,I,1.087457,3.0,3.891199,3.0,CB',1.0,7.0
54694,442.1461,2.803386,2977000.0,44.0,Ru,I,1.063217,3.0,3.866575,2.0,SL,1.0,5.0
54758,442.4792,2.8012759999999997,6488000.0,44.0,Ru,I,1.461284,1.0,4.262532,0.0,CB',1.0,1.0
54817,442.8463,2.798954,3215000.0,44.0,Ru,I,1.087457,3.0,3.8863830000000004,4.0,SL,1.0,9.0
55030,443.9764,2.79183,10720000.0,44.0,Ru,I,1.321005,3.0,4.112806,2.0,SL,1.0,5.0
55122,444.4507,2.78885,1104000.0,44.0,Ru,I,0.99729,2.0,3.786113,3.0,BG,1.0,7.0
55202,444.9341,2.78582,4594000.0,44.0,Ru,I,1.063217,3.0,3.8490089999999997,3.0,SL,1.0,7.0
55391,446.0027,2.779146,19780000.0,44.0,Ru,I,1.087457,3.0,3.866575,2.0,SL,1.0,5.0
55528,446.7263,2.774644,38350000.0,44.0,Ru,I,2.509689,1.0,5.284306,0.0,CB',1.0,1.0
55578,447.0537,2.772612,55590000.0,44.01,Ru,II,4.132703,3.5,6.9052869999999995,2.5,GUES,2.0,6.0
55630,447.3931,2.770509,2077000.0,44.0,Ru,I,0.81148,4.0,3.5819620000000003,3.0,SL,1.0,7.0
55713,447.9407,2.767122,2101000.0,44.0,Ru,I,1.691857,2.0,4.458952,2.0,SL,1.0,5.0
55729,448.0445,2.766481,9039000.0,44.0,Ru,I,1.8664669999999999,2.0,4.6329199999999995,3.0,SL,1.0,7.0
55753,448.204,2.7654959999999997,1753000.0,44.0,Ru,I,1.461284,1.0,4.2267529999999995,1.0,SL,1.0,3.0
55862,448.8397,2.76158,943200.0,44.0,Ru,I,1.087457,3.0,3.8490089999999997,3.0,SL,1.0,7.0
55898,449.023,2.760453,384700.0,44.0,Ru,I,1.0023030000000002,3.0,3.762728,4.0,BG,1.0,9.0
55929,449.1688,2.7595560000000003,5272000.0,44.0,Ru,I,1.7335060000000002,1.0,4.493035,1.0,CB',1.0,3.0
56042,449.8143,2.7555959999999997,3496000.0,44.0,Ru,I,1.130814,4.0,3.8863830000000004,4.0,SL,1.0,9.0
56204,451.0092,2.748296,873500.0,44.0,Ru,I,1.0023030000000002,3.0,3.750572,4.0,SL,1.0,9.0
56221,451.1193,2.747625,3983000.0,44.0,Ru,I,1.691857,2.0,4.439455000000001,3.0,SL,1.0,7.0
56309,451.6892,2.744159,8651000.0,44.0,Ru,I,1.419286,2.0,4.163417,1.0,SL,1.0,3.0
56323,451.7815,2.743598,4028000.0,44.0,Ru,I,1.1230040000000001,2.0,3.866575,2.0,SL,1.0,5.0
56373,452.0949,2.741696,2016000.0,44.0,Ru,I,1.124906,1.0,3.866575,2.0,SL,1.0,5.0
56530,453.0829,2.735718,4598000.0,44.0,Ru,I,1.8664669999999999,2.0,4.602157,2.0,SL,1.0,5.0
56728,454.3691,2.727974,501300.0,44.0,Ru,I,1.1386290000000001,2.0,3.866575,2.0,SL,1.0,5.0
56784,454.6927,2.726032,919100.0,44.0,Ru,I,1.1230040000000001,2.0,3.8490089999999997,3.0,GUES,1.0,7.0
56792,454.7287,2.725816,926800.0,44.0,Ru,I,0.927782,4.0,3.653571,5.0,SL,1.0,11.0
56801,454.786,2.725473,8498000.0,44.0,Ru,I,1.7335060000000002,1.0,4.458952,2.0,SL,1.0,5.0
56822,454.9423,2.7245369999999998,466700.0,44.0,Ru,I,0.99729,2.0,3.7218,2.0,CB',1.0,5.0
56831,454.9947,2.724223,18780000.0,44.0,Ru,I,2.900313,4.0,5.6245080000000005,4.0,CB',1.0,9.0
56863,455.2118,2.7229240000000003,565400.0,44.0,Ru,I,1.063217,3.0,3.786113,3.0,BG,1.0,7.0
56902,455.4517,2.721489,39410000.0,44.0,Ru,I,0.81148,4.0,3.532942,5.0,BG,1.0,11.0
57000,455.9992,2.718222,1177000.0,44.0,Ru,I,1.130814,4.0,3.8490089999999997,3.0,SL,1.0,7.0
57039,456.2595,2.716671,1501000.0,44.0,Ru,I,1.8664669999999999,2.0,4.583111,2.0,SL,1.0,5.0
57080,456.4689,2.715425,570300.0,44.0,Ru,I,1.1230040000000001,2.0,3.838402,2.0,BG,1.0,5.0
57304,458.0072,2.706305,2661000.0,44.0,Ru,I,1.457139,0.0,4.163417,1.0,SL,1.0,3.0
57378,458.4443,2.7037240000000002,13400000.0,44.0,Ru,I,1.0023030000000002,3.0,3.706,4.0,BG,1.0,9.0
57416,458.7098,2.7021599999999997,1753000.0,44.0,Ru,I,1.461284,1.0,4.163417,1.0,SL,1.0,3.0
57459,459.1107,2.6998,1626000.0,44.0,Ru,I,1.1386290000000001,2.0,3.838402,2.0,BG,1.0,5.0
57485,459.2524,2.6989669999999997,2211000.0,44.0,Ru,I,1.31715,2.0,4.01609,3.0,SL,1.0,7.0
57540,459.6728,2.696499,33410000.0,44.0,Ru,I,2.90786,2.0,5.604331,3.0,CB',1.0,7.0
57583,459.9093,2.695112,4824000.0,44.0,Ru,I,1.321005,3.0,4.01609,3.0,SL,1.0,7.0
57618,460.1764,2.693548,1346000.0,44.0,Ru,I,1.419286,2.0,4.112806,2.0,SL,1.0,5.0
57680,460.5674,2.691261,2052000.0,44.0,Ru,I,1.8664669999999999,2.0,4.557701,3.0,SL,1.0,7.0
57782,461.2322,2.687382,162900.0,44.0,Ru,I,1.063217,3.0,3.750572,4.0,SL,1.0,9.0
58072,463.5686,2.673838,2902000.0,44.0,Ru,I,1.192764,1.0,3.866575,2.0,SL,1.0,5.0
58191,464.5099,2.6684200000000002,19320000.0,44.0,Ru,I,2.4865909999999998,5.0,5.154984,6.0,CB',1.0,13.0
58230,464.7604,2.6669810000000003,5823000.0,44.0,Ru,I,1.0023030000000002,3.0,3.669258,4.0,SL,1.0,9.0
58295,465.4316,2.663135,3492000.0,44.0,Ru,I,1.1230040000000001,2.0,3.786113,3.0,BG,1.0,7.0
58496,466.9131,2.654686,2743000.0,44.0,Ru,I,1.8383759999999998,0.0,4.493035,1.0,CB',1.0,3.0
58512,466.9975,2.6542060000000003,758800.0,44.0,Ru,I,0.927782,4.0,3.5819620000000003,3.0,SL,1.0,7.0
58564,467.4654,2.651549,2165000.0,44.0,Ru,I,1.461284,1.0,4.112806,2.0,SL,1.0,5.0
58645,468.1785,2.647511,3532000.0,44.0,Ru,I,1.1386290000000001,2.0,3.786113,3.0,BG,1.0,7.0
58676,468.4022,2.646246,3497000.0,44.0,Ru,I,1.0023030000000002,3.0,3.6485230000000004,2.0,BG,1.0,5.0
58761,469.0111,2.64281,2076000.0,44.0,Ru,I,1.063217,3.0,3.706,4.0,BG,1.0,9.0
59000,470.9482,2.631941,9632000.0,44.0,Ru,I,1.130814,4.0,3.762728,4.0,BG,1.0,9.0
59153,472.0915,2.6255669999999998,1701000.0,44.0,Ru,I,2.00738,3.0,4.6329199999999995,3.0,SL,1.0,7.0
59309,473.1336,2.619784,999200.0,44.0,Ru,I,1.130814,4.0,3.750572,4.0,SL,1.0,9.0
59342,473.3307,2.618693,425100.0,44.0,Ru,I,1.087457,3.0,3.7061230000000003,3.0,GUES,1.0,7.0
59350,473.3529,2.61857,869500.0,44.0,Ru,I,1.087457,3.0,3.706,4.0,BG,1.0,9.0
59478,474.3024,2.613328,7251000.0,44.0,Ru,I,2.791985,5.0,5.405287,5.0,CB',1.0,11.0
59656,475.6238,2.606067,595800.0,44.0,Ru,I,1.063217,3.0,3.669258,4.0,SL,1.0,9.0
59677,475.7848,2.6051860000000002,3449000.0,44.0,Ru,I,0.927782,4.0,3.532942,5.0,BG,1.0,11.0
59764,476.4415,2.601595,25280000.0,44.0,Ru,I,3.410382,3.0,6.011952,3.0,CB',1.0,7.0
59823,476.9304,2.598928,761900.0,44.0,Ru,I,0.81148,4.0,3.410382,3.0,BG,1.0,7.0
59861,477.3157,2.5968299999999997,295900.0,44.0,Ru,I,1.419286,2.0,4.01609,3.0,SL,1.0,7.0
59872,477.4002,2.5963700000000003,8075000.0,44.0,Ru,I,2.509689,1.0,5.106033999999999,2.0,CB',1.0,5.0
59995,478.427,2.590799,1136000.0,44.0,Ru,I,1.419286,2.0,4.010058,2.0,CB',1.0,5.0
60125,479.4386,2.585332,681500.0,44.0,Ru,I,1.063217,3.0,3.6485230000000004,2.0,BG,1.0,5.0
60136,479.5563,2.5846970000000002,386500.0,44.0,Ru,I,0.99729,2.0,3.5819620000000003,3.0,SL,1.0,7.0
60169,479.8445,2.583145,545200.0,44.0,Ru,I,1.1230040000000001,2.0,3.7061230000000003,3.0,SL,1.0,7.0
60244,480.4882,2.579684,653800.0,44.0,Ru,I,1.0023030000000002,3.0,3.5819620000000003,3.0,SL,1.0,7.0
60381,481.5531,2.5739799999999997,5124000.0,44.0,Ru,I,1.419286,2.0,3.99324,2.0,SL,1.0,5.0
60406,481.7339,2.573014,837900.0,44.0,Ru,I,1.8664669999999999,2.0,4.439455000000001,3.0,SL,1.0,7.0
60679,483.9015,2.561488,31630000.0,44.0,Ru,I,3.262375,4.0,5.823837999999999,4.0,CB',1.0,9.0
60693,483.9765,2.561092,367500.0,44.0,Ru,I,1.087457,3.0,3.6485230000000004,2.0,BG,1.0,5.0
60771,484.4563,2.558555,14660000.0,44.0,Ru,I,1.1230040000000001,2.0,3.6815330000000004,1.0,SL,1.0,3.0
60901,485.4547,2.553293,12890000.0,44.0,Ru,I,3.262375,4.0,5.8156419999999995,5.0,CB',1.0,11.0
60991,486.1864,2.549451,1518000.0,44.0,Ru,I,1.31715,2.0,3.866575,2.0,SL,1.0,5.0
61074,486.9153,2.545634,5306000.0,44.0,Ru,I,0.927782,4.0,3.4733910000000003,4.0,SL,1.0,9.0
61405,489.5313,2.532031,822900.0,44.0,Ru,I,0.99729,2.0,3.529296,2.0,SL,1.0,5.0
61409,489.5596,2.531884,1546000.0,44.0,Ru,I,1.31715,2.0,3.8490089999999997,3.0,SL,1.0,7.0
61438,489.925,2.529996,888200.0,44.0,Ru,I,1.419286,2.0,3.9492559999999997,3.0,SL,1.0,7.0
61495,490.3061,2.5280299999999998,4548000.0,44.0,Ru,I,1.321005,3.0,3.8490089999999997,3.0,SL,1.0,7.0
61518,490.5024,2.527018,410800.0,44.0,Ru,I,1.0023030000000002,3.0,3.529296,2.0,SL,1.0,5.0
61554,490.7887,2.525544,2104000.0,44.0,Ru,I,1.1230040000000001,2.0,3.6485230000000004,2.0,BG,1.0,5.0
61706,492.1085,2.51877,2659000.0,44.0,Ru,I,1.063217,3.0,3.5819620000000003,3.0,SL,1.0,7.0
61913,493.844,2.509919,3294000.0,44.0,Ru,I,1.1386290000000001,2.0,3.6485230000000004,2.0,BG,1.0,5.0
62110,495.5266,2.5013959999999997,39790000.0,44.0,Ru,I,3.324789,5.0,5.82616,6.0,CB',1.0,13.0
62156,495.9871,2.4990740000000002,28100000.0,44.0,Ru,I,3.324789,5.0,5.823837999999999,4.0,CB',1.0,9.0
62257,496.8906,2.49453,1608000.0,44.0,Ru,I,1.087457,3.0,3.5819620000000003,3.0,SL,1.0,7.0
62322,497.4115,2.491918,3194000.0,44.0,Ru,I,2.747745,6.0,5.239637999999999,7.0,CB',1.0,15.0
62348,497.619,2.490879,45570000.0,44.0,Ru,I,3.324789,5.0,5.8156419999999995,5.0,CB',1.0,11.0
62396,498.0357,2.488794,17870000.0,44.0,Ru,I,1.192764,1.0,3.6815330000000004,1.0,SL,1.0,3.0
62434,498.3443,2.487253,915600.0,44.0,Ru,I,1.1230040000000001,2.0,3.610233,1.0,SL,1.0,3.0
62475,498.7257,2.4853509999999996,914200.0,44.0,Ru,I,1.124906,1.0,3.610233,1.0,SL,1.0,3.0
62534,499.2734,2.482625,895600.0,44.0,Ru,I,0.927782,4.0,3.410382,3.0,BG,1.0,7.0
62732,501.1232,2.473461,6516000.0,44.0,Ru,I,1.192764,1.0,3.6662,0.0,SL,1.0,1.0
62784,501.4947,2.471629,1608000.0,44.0,Ru,I,1.1386290000000001,2.0,3.610233,1.0,SL,1.0,3.0
62934,502.6182,2.466104,982700.0,44.0,Ru,I,1.063217,3.0,3.529296,2.0,SL,1.0,5.0
62960,502.8162,2.4651330000000002,787000.0,44.0,Ru,I,1.321005,3.0,3.786113,3.0,BG,1.0,7.0
63089,504.034,2.459177,4507000.0,44.0,Ru,I,2.595454,2.0,5.054606,3.0,CB',1.0,7.0
63096,504.0739,2.458982,341800.0,44.0,Ru,I,1.1230040000000001,2.0,3.5819620000000003,3.0,SL,1.0,7.0
63180,504.7305,2.4557830000000003,1199000.0,44.0,Ru,I,1.192764,1.0,3.6485230000000004,2.0,BG,1.0,5.0
63276,505.7322,2.450919,2830000.0,44.0,Ru,I,0.81148,4.0,3.262375,4.0,BG,1.0,9.0
63325,506.2651,2.448339,485500.0,44.0,Ru,I,1.7335060000000002,1.0,4.181821,2.0,SL,1.0,5.0
63433,507.2974,2.4433580000000004,951200.0,44.0,Ru,I,1.1386290000000001,2.0,3.5819620000000003,3.0,SL,1.0,7.0
63464,507.6317,2.441748,773600.0,44.0,Ru,I,1.321005,3.0,3.762728,4.0,BG,1.0,9.0
63640,509.3831,2.433353,3489000.0,44.0,Ru,I,1.1769040000000002,1.0,3.610233,1.0,SL,1.0,3.0
63770,510.7066,2.427047,1053000.0,44.0,Ru,I,1.589067,4.0,4.01609,3.0,SL,1.0,7.0
63938,512.3758,2.4191409999999998,327900.0,44.0,Ru,I,1.419286,2.0,3.838402,2.0,BG,1.0,5.0
63983,512.725,2.417493,926800.0,44.0,Ru,I,1.192764,1.0,3.610233,1.0,SL,1.0,3.0
64047,513.3898,2.414362,1493000.0,44.0,Ru,I,1.698468,3.0,4.112806,2.0,SL,1.0,5.0
64070,513.6549,2.413116,4144000.0,44.0,Ru,I,0.99729,2.0,3.410382,3.0,BG,1.0,7.0
64125,514.2767,2.410199,1575000.0,44.0,Ru,I,1.063217,3.0,3.4733910000000003,4.0,SL,1.0,9.0
64163,514.7242,2.408103,1975000.0,44.0,Ru,I,1.0023030000000002,3.0,3.410382,3.0,BG,1.0,7.0
64213,515.1066,2.406316,1151000.0,44.0,Ru,I,1.1230040000000001,2.0,3.529296,2.0,SL,1.0,5.0
64231,515.3209,2.4053150000000003,913600.0,44.0,Ru,I,1.461284,1.0,3.866575,2.0,SL,1.0,5.0
64266,515.5141,2.404414,5501000.0,44.0,Ru,I,1.124906,1.0,3.529296,2.0,SL,1.0,5.0
64319,515.9994,2.402152,352500.0,44.0,Ru,I,1.130814,4.0,3.532942,5.0,BG,1.0,11.0
64432,517.102,2.39703,7680000.0,44.0,Ru,I,0.927782,4.0,3.324789,5.0,BG,1.0,11.0
64702,519.5016,2.385958,1732000.0,44.0,Ru,I,1.087457,3.0,3.4733910000000003,4.0,SL,1.0,9.0
64750,519.9877,2.383728,57610000.0,44.0,Ru,I,3.615436,6.0,5.999140000000001,5.0,CB',1.0,11.0
64779,520.2123,2.382699,3367000.0,44.0,Ru,I,2.4865909999999998,5.0,4.8692660000000005,4.0,CB',1.0,9.0
64907,521.343,2.3775310000000003,316000000.0,44.0,Ru,I,3.532942,5.0,5.91045,0.0,CB',1.0,1.0
65003,522.355,2.372925,636400.0,44.0,Ru,I,1.5134809999999999,5.0,3.8863830000000004,4.0,SL,1.0,9.0
65200,524.2368,2.364407,4761000.0,44.0,Ru,I,1.31715,2.0,3.6815330000000004,1.0,SL,1.0,3.0
65305,525.1685,2.360213,643000.0,44.0,Ru,I,1.589067,4.0,3.9492559999999997,3.0,SL,1.0,7.0
65367,525.7081,2.35779,58520000.0,44.0,Ru,I,3.786113,3.0,6.143879,3.0,CB',1.0,7.0
65473,526.6464,2.35359,10560000.0,44.0,Ru,I,2.595454,2.0,4.94902,1.0,CB',1.0,3.0
65481,526.683,2.353426,2732000.0,44.0,Ru,I,2.4865909999999998,5.0,4.839993,4.0,CB',1.0,9.0
65650,528.0824,2.3471889999999997,318700.0,44.0,Ru,I,1.063217,3.0,3.410382,3.0,BG,1.0,7.0
65688,528.4093,2.3457380000000003,277800.0,44.0,Ru,I,0.81148,4.0,3.157194,4.0,SL,1.0,9.0
65744,529.1168,2.3426009999999997,373700.0,44.0,Ru,I,1.130814,4.0,3.4733910000000003,4.0,SL,1.0,9.0
65913,530.4859,2.3365549999999997,882200.0,44.0,Ru,I,1.192764,1.0,3.529296,2.0,SL,1.0,5.0
65955,530.9265,2.334616,1736000.0,44.0,Ru,I,0.927782,4.0,3.262375,4.0,BG,1.0,9.0
66020,531.5329,2.331953,2013000.0,44.0,Ru,I,2.595454,2.0,4.927384,2.0,CB',1.0,5.0
66201,533.2931,2.324256,555700.0,44.0,Ru,I,1.691857,2.0,4.01609,3.0,SL,1.0,7.0
66228,533.5931,2.3229490000000004,859700.0,44.0,Ru,I,1.087457,3.0,3.410382,3.0,BG,1.0,7.0
66683,537.7828,2.304852,37260000.0,44.0,Ru,I,3.532942,5.0,5.837771,5.0,CB',1.0,11.0
66759,538.5882,2.301405,1295000.0,44.0,Ru,I,1.691857,2.0,3.99324,2.0,SL,1.0,5.0
66926,540.1398,2.294794,776100.0,44.0,Ru,I,1.698468,3.0,3.99324,2.0,SL,1.0,5.0
67089,541.8856,2.287401,324300.0,44.0,Ru,I,1.1230040000000001,2.0,3.410382,3.0,BG,1.0,7.0
67191,542.7591,2.28372,24590000.0,44.0,Ru,I,3.5424629999999997,6.0,5.82616,6.0,CB',1.0,13.0
67433,545.2704,2.273202,7232000.0,44.0,Ru,I,3.5424629999999997,6.0,5.8156419999999995,5.0,CB',1.0,11.0
67456,545.4825,2.272318,277500000.0,44.0,Ru,I,3.866575,2.0,6.13887,1.0,CB',1.0,3.0
67469,545.6126,2.271777,767400.0,44.0,Ru,I,1.1386290000000001,2.0,3.410382,3.0,BG,1.0,7.0
67649,547.5188,2.263868,15950000.0,44.0,Ru,I,3.8863830000000004,4.0,6.150227,4.0,CB',1.0,9.0
67698,547.94,2.262127,570700000.0,44.0,Ru,I,3.8863830000000004,4.0,6.148487,0.0,CB',1.0,1.0
67706,548.0293,2.261759,29450000.0,44.0,Ru,I,2.997154,0.0,5.25889,1.0,GUES,1.0,3.0
67708,548.0305,2.2617540000000003,21130000.0,44.0,Ru,I,3.754202,5.0,6.015933,5.0,CB',1.0,11.0
67767,548.4328,2.260095,538800.0,44.0,Ru,I,1.0023030000000002,3.0,3.262375,4.0,BG,1.0,9.0
67769,548.4644,2.259964,199800.0,44.0,Ru,I,1.589067,4.0,3.8490089999999997,3.0,SL,1.0,7.0
67874,549.6703,2.2550060000000003,1512000.0,44.0,Ru,I,2.4865909999999998,5.0,4.741575,4.0,CB',1.0,9.0
67914,550.1044,2.253227,10510000.0,44.0,Ru,I,3.762728,4.0,6.015933,5.0,CB',1.0,11.0
68020,551.0723,2.249269,948900.0,44.0,Ru,I,1.5134809999999999,5.0,3.762728,4.0,BG,1.0,9.0
68036,551.2385,2.248591,15480000.0,44.0,Ru,I,3.750572,4.0,5.999140000000001,5.0,CB',1.0,11.0
68087,551.7855,2.246362,191100.0,44.0,Ru,I,1.8664669999999999,2.0,4.112806,2.0,SL,1.0,5.0
68132,552.1793,2.24476,17560000.0,44.0,Ru,I,3.866575,2.0,6.111313,3.0,CB',1.0,7.0
68214,553.1007,2.241021,1546000.0,44.0,Ru,I,2.595454,2.0,4.8364519999999995,2.0,CB',1.0,5.0
68307,554.0669,2.237113,178900.0,44.0,Ru,I,1.5134809999999999,5.0,3.750572,4.0,SL,1.0,9.0
68503,555.9752,2.229434,204000.0,44.0,Ru,I,0.927782,4.0,3.157194,4.0,SL,1.0,9.0
68938,560.3147,2.212168,250100.0,44.0,Ru,I,1.31715,2.0,3.529296,2.0,SL,1.0,5.0
68969,560.6751,2.210746,6346000.0,44.0,Ru,I,3.615436,6.0,5.82616,6.0,CB',1.0,13.0
69185,562.9788,2.2017,1093000.0,44.0,Ru,I,2.791985,5.0,4.993663,4.0,CB',1.0,9.0
69243,563.6237,2.1991810000000003,2031000.0,44.0,Ru,I,1.063217,3.0,3.262375,4.0,BG,1.0,9.0
69306,564.1657,2.1970680000000002,140000.0,44.0,Ru,I,1.589067,4.0,3.786113,3.0,BG,1.0,7.0
69387,564.9554,2.193997,60040.0,44.0,Ru,I,1.130814,4.0,3.324789,5.0,BG,1.0,11.0
69423,565.3305,2.192541,51880.0,44.0,Ru,I,1.5134809999999999,5.0,3.706,4.0,BG,1.0,9.0
69530,566.5203,2.187936,110500.0,44.0,Ru,I,1.698468,3.0,3.8863830000000004,4.0,SL,1.0,9.0
69661,567.9642,2.1823740000000003,13340000.0,44.0,Ru,I,2.763935,1.0,4.946288,0.0,CB',1.0,1.0
69821,569.9056,2.1749400000000003,1312000.0,44.0,Ru,I,1.087457,3.0,3.262375,4.0,BG,1.0,9.0
70090,572.4808,2.165156,127900.0,44.0,Ru,I,1.589067,4.0,3.754202,5.0,BG,1.0,11.0
70286,574.5612,2.157317,40390.0,44.0,Ru,I,1.124906,1.0,3.282201,2.0,GUES,1.0,5.0
70291,574.5995,2.157173,177900.0,44.0,Ru,I,1.691857,2.0,3.8490089999999997,3.0,SL,1.0,7.0
70304,574.7485,2.156614,1177000.0,44.0,Ru,I,2.683401,4.0,4.839993,4.0,CB',1.0,9.0
70358,575.2022,2.154913,24550.0,44.0,Ru,I,1.0023030000000002,3.0,3.157194,4.0,SL,1.0,9.0
70401,575.6825,2.153115,207200.0,44.0,Ru,I,1.457139,1.0,3.610233,1.0,SL,1.0,3.0
70518,576.7928,2.1489700000000003,211200.0,44.0,Ru,I,1.461284,1.0,3.610233,1.0,SL,1.0,3.0
70872,580.4364,2.135481,1531000.0,44.0,Ru,I,2.900313,4.0,5.035772,5.0,CB',1.0,11.0
70979,581.4979,2.131582,479200.0,44.0,Ru,I,1.130814,4.0,3.262375,4.0,BG,1.0,9.0
71107,582.8071,2.126794,167400.0,44.0,Ru,I,1.8664669999999999,2.0,3.99324,2.0,SL,1.0,5.0
71146,583.3196,2.124926,12820000.0,44.0,Ru,I,3.762728,4.0,5.887633,4.0,CB',1.0,9.0
71868,591.9349,2.093999,124500.0,44.0,Ru,I,1.063217,3.0,3.157194,4.0,SL,1.0,9.0
71880,592.1456,2.093254,714400.0,44.0,Ru,I,1.31715,2.0,3.410382,3.0,BG,1.0,7.0
71927,592.6869,2.091342,914400.0,44.0,Ru,I,2.0720959999999997,1.0,4.163417,1.0,SL,1.0,3.0
71979,593.2405,2.0893900000000003,52760.0,44.0,Ru,I,1.1386290000000001,2.0,3.227998,3.0,SL,1.0,7.0
72014,593.6643,2.087899,7975000.0,44.0,Ru,I,3.762728,4.0,5.850606,3.0,CB',1.0,7.0
72116,595.1147,2.08281,109500.0,44.0,Ru,I,1.8664669999999999,2.0,3.9492559999999997,3.0,SL,1.0,7.0
72269,597.3364,2.075064,13180000.0,44.0,Ru,I,3.762728,4.0,5.837771,5.0,CB',1.0,11.0
72277,597.4163,2.074786,664300.0,44.0,Ru,I,2.595454,2.0,4.670219,2.0,SL,1.0,5.0
72396,598.8675,2.069758,37580.0,44.0,Ru,I,1.087457,3.0,3.157194,4.0,SL,1.0,9.0
72442,599.3673,2.0680330000000002,416400.0,44.0,Ru,I,1.461284,1.0,3.529296,2.0,SL,1.0,5.0
73309,611.6813,2.026401,45350.0,44.0,Ru,I,1.130814,4.0,3.157194,4.0,SL,1.0,9.0
73703,617.0621,2.00873,250100.0,44.0,Ru,I,2.00738,3.0,4.01609,3.0,GUES,1.0,7.0
73748,617.6794,2.006723,3495000.0,44.0,Ru,I,2.595454,2.0,4.602157,2.0,GUES,1.0,5.0
73839,619.255,2.001617,15670000.0,44.0,Ru,I,3.8490089999999997,3.0,5.850606,3.0,GUES,1.0,7.0
73881,619.9431,1.999395,724800.0,44.0,Ru,I,2.1134310000000003,2.0,4.112806,2.0,SL,1.0,5.0
74024,622.5207,1.9911169999999998,251500.0,44.0,Ru,I,1.419286,2.0,3.410382,3.0,BG,1.0,7.0
74076,623.564,1.987785,1905000.0,44.0,Ru,I,2.8522279999999998,4.0,4.839993,4.0,GUES,1.0,9.0
74165,625.207,1.982562,612000.0,44.0,Ru,I,1.8664669999999999,2.0,3.8490089999999997,3.0,GUES,1.0,7.0
74385,628.4502,1.972331,1550000.0,44.0,Ru,I,2.763935,1.0,4.7362459999999995,1.0,SL,1.0,3.0
74449,629.5219,1.9689729999999999,1628000.0,44.0,Ru,I,2.900313,4.0,4.8692660000000005,4.0,CB',1.0,9.0
74673,633.0606,1.9579669999999998,1658000.0,44.0,Ru,I,3.157194,4.0,5.115142,5.0,CB',1.0,11.0
74700,633.6103,1.9562680000000001,511500.0,44.0,Ru,I,2.791985,5.0,4.748234,5.0,CB',1.0,11.0
74808,635.7975,1.949538,2356000.0,44.0,Ru,I,2.683401,4.0,4.6329199999999995,3.0,GUES,1.0,7.0
74851,636.3394,1.9478779999999998,4182000.0,44.0,Ru,I,3.529296,2.0,5.4771540000000005,3.0,CB',1.0,7.0
74918,637.6435,1.9438950000000002,76440.0,44.0,Ru,I,1.589067,4.0,3.532942,5.0,BG,1.0,11.0
75009,639.0224,1.9397,1314000.0,44.0,Ru,I,2.900313,4.0,4.839993,4.0,CB',1.0,9.0
75178,641.7548,1.931441,12730000.0,44.0,Ru,I,4.311247,5.0,6.242669,4.0,CB',1.0,9.0
75362,644.4849,1.9232599999999997,6780000.0,44.0,Ru,I,3.410382,3.0,5.333623,4.0,CB',1.0,9.0
75667,649.6437,1.9079869999999999,2015000.0,44.0,Ru,I,3.410382,3.0,5.318351,4.0,CB',1.0,9.0
76079,656.0466,1.8893659999999999,272800.0,44.0,Ru,I,2.8522279999999998,4.0,4.741575,4.0,CB',1.0,9.0
76287,659.3754,1.8798279999999998,94770.0,44.0,Ru,I,2.1134310000000003,2.0,3.99324,2.0,SL,1.0,5.0
76438,661.8207,1.872882,111700.0,44.0,Ru,I,2.013519,5.0,3.8863830000000004,4.0,SL,1.0,9.0
76742,666.3147,1.86025,7117000.0,44.0,Ru,I,3.4733910000000003,4.0,5.333623,4.0,CB',1.0,9.0
76912,668.9994,1.852785,8743000.0,44.0,Ru,I,3.262375,4.0,5.115142,5.0,CB',1.0,11.0
77002,670.7536,1.8479400000000001,775100.0,44.0,Ru,I,2.900313,4.0,4.748234,5.0,CB',1.0,11.0
77081,671.8304,1.8449779999999998,4843000.0,44.0,Ru,I,3.4733910000000003,4.0,5.318351,4.0,CB',1.0,9.0
77155,673.0453,1.841647,247000.0,44.0,Ru,I,2.00738,3.0,3.8490089999999997,3.0,SL,1.0,7.0
77340,675.6549,1.834534,10460000.0,44.0,Ru,I,4.01609,3.0,5.850606,3.0,CB',1.0,7.0
77402,676.6963,1.831711,16370000.0,44.0,Ru,I,3.610233,1.0,5.4419260000000005,2.0,CB',1.0,5.0
77454,677.5021,1.829533,626600.0,44.0,Ru,I,2.119742,4.0,3.9492559999999997,3.0,SL,1.0,7.0
77545,678.7214,1.8262459999999998,181600.0,44.0,Ru,I,1.927974,6.0,3.754202,5.0,BG,1.0,11.0
77723,681.3526,1.819194,908200.0,44.0,Ru,I,2.763935,1.0,4.583111,2.0,SL,1.0,5.0
77787,682.3897,1.816429,21810000.0,44.0,Ru,I,3.6815330000000004,1.0,5.497944,1.0,CB',1.0,3.0
77788,682.4158,1.816359,9565000.0,44.0,Ru,I,3.529296,2.0,5.345637,3.0,CB',1.0,7.0
77858,683.1554,1.814393,1177000.0,44.0,Ru,I,3.179288,4.0,4.993663,4.0,CB',1.0,9.0
78364,691.1442,1.793421,25460000.0,44.0,Ru,I,3.6485230000000004,2.0,5.4419260000000005,2.0,CB',1.0,5.0
78427,692.3216,1.790371,21970000.0,44.0,Ru,I,3.324789,5.0,5.115142,5.0,CB',1.0,11.0
78750,698.1978,1.7753029999999999,7974000.0,44.0,Ru,I,3.410382,3.0,5.185668,4.0,CB',1.0,9.0
79028,702.7939,1.763693,14630000.0,44.0,Ru,I,3.5819620000000003,3.0,5.345637,3.0,CB',1.0,7.0
79190,706.1277,1.755366,46980.0,44.0,Ru,I,2.00738,3.0,3.762728,4.0,GUES,1.0,9.0
79331,708.6062,1.749226,119900.0,44.0,Ru,I,2.013519,5.0,3.762728,4.0,BG,1.0,9.0
79340,708.7338,1.748911,161700.0,44.0,Ru,I,1.5134809999999999,5.0,3.262375,4.0,BG,1.0,9.0
79646,714.1715,1.735595,74330.0,44.0,Ru,I,2.1134310000000003,2.0,3.8490089999999997,3.0,SL,1.0,7.0
80099,721.9238,1.7169580000000002,804500.0,44.0,Ru,I,3.174318,5.0,4.8912580000000005,5.0,CB',1.0,11.0
80200,723.8904,1.712293,10970000.0,44.0,Ru,I,3.4733910000000003,4.0,5.185668,4.0,CB',1.0,9.0
80694,732.3571,1.692498,120300.0,44.0,Ru,I,2.013519,5.0,3.706,4.0,BG,1.0,9.0
80972,737.7753,1.6800680000000001,2157000.0,44.0,Ru,I,3.653571,5.0,5.333623,4.0,GUES,1.0,9.0
81046,739.3915,1.676396,9355000.0,44.0,Ru,I,3.669258,4.0,5.345637,3.0,CB',1.0,7.0
81408,746.8931,1.659559,34690000.0,44.0,Ru,I,3.838402,2.0,5.497944,1.0,CB',1.0,3.0
81498,748.5754,1.655829,27320000.0,44.0,Ru,I,3.786113,3.0,5.4419260000000005,2.0,CB',1.0,5.0
81565,749.9737,1.652742,22890000.0,44.0,Ru,I,3.532942,5.0,5.185668,4.0,CB',1.0,9.0
81726,753.2063,1.6456490000000001,2152000.0,44.0,Ru,I,3.090614,2.0,4.7362459999999995,1.0,SL,1.0,3.0
81857,755.9607,1.6396529999999998,15910000.0,44.0,Ru,I,3.706,4.0,5.345637,3.0,CB',1.0,7.0
82142,761.296,1.628162,4322000.0,44.0,Ru,I,3.8490089999999997,3.0,5.4771540000000005,3.0,CB',1.0,7.0
82207,762.1515,1.626334,25170000.0,44.0,Ru,I,3.9492559999999997,3.0,5.575574,2.0,CB',1.0,5.0
82754,772.2901,1.604984,267300.0,44.0,Ru,I,1.927974,6.0,3.532942,5.0,BG,1.0,11.0
82802,772.9857,1.60354,5605000.0,44.0,Ru,I,3.838402,2.0,5.4419260000000005,2.0,CB',1.0,5.0
83109,779.1821,1.5907879999999999,18430000.0,44.0,Ru,I,3.8863830000000004,4.0,5.4771540000000005,3.0,CB',1.0,7.0
83178,780.6801,1.5877350000000001,22390000.0,44.0,Ru,I,4.6329199999999995,3.0,6.220639,2.0,CB',1.0,5.0
83219,781.3458,1.586383,141000.0,44.0,Ru,I,2.595454,2.0,4.181821,2.0,SL,1.0,5.0
83287,782.9822,1.583067,2052000.0,44.0,Ru,I,3.750572,4.0,5.333623,4.0,CB',1.0,9.0
83306,783.3368,1.582351,7709000.0,44.0,Ru,I,3.99324,2.0,5.575574,2.0,CB',1.0,5.0
83361,784.1939,1.5806209999999998,19050000.0,44.0,Ru,I,4.530707,4.0,6.111313,3.0,CB',1.0,7.0
83394,784.7818,1.579437,14460000.0,44.0,Ru,I,3.754202,5.0,5.333623,4.0,CB',1.0,9.0
83533,788.1463,1.5726950000000002,18590000.0,44.0,Ru,I,3.5424629999999997,6.0,5.115142,5.0,CB',1.0,11.0
83574,789.0414,1.57091,7507000.0,44.0,Ru,I,3.762728,4.0,5.333623,4.0,CB',1.0,9.0
83720,792.4445,1.5641639999999999,7273000.0,44.0,Ru,I,3.754202,5.0,5.318351,4.0,CB',1.0,9.0
83830,794.8146,1.5595,7841000.0,44.0,Ru,I,4.01609,3.0,5.575574,2.0,CB',1.0,5.0
83928,796.7879,1.5556379999999999,4045000.0,44.0,Ru,I,3.762728,4.0,5.318351,4.0,CB',1.0,9.0
