,Wl/nm,E_Photon,A-Value,Elem. num,Element,ion state,E_lower_lev.,J_lower,E_upper_lev.,J_upper,Ref.,ion state num,g_j
38,200.3537,6.186324,72140000.0,75.0,Re,I,0.0,2.5,6.186262,1.5,CB,1.0,4.0
244,201.7881,6.142358,35150000.0,75.0,Re,I,0.0,2.5,6.142296,2.5,CB,1.0,6.0
643,204.9097,6.048797,54660000.0,75.0,Re,I,0.0,2.5,6.048736,3.5,CB,1.0,8.0
925,207.4707,5.974139,10160000.0,75.0,Re,I,0.0,2.5,5.974079,3.5,CB,1.0,8.0
1033,208.3937,5.9476830000000005,13120000.0,75.0,Re,I,0.0,2.5,5.947623999999999,2.5,CB,1.0,6.0
1055,208.5601,5.942938,27060000.0,75.0,Re,I,0.0,2.5,5.9428790000000005,3.5,CB,1.0,8.0
1212,209.7133,5.910263,25560000.0,75.0,Re,I,0.0,2.5,5.910204,3.5,CB,1.0,8.0
2087,215.668,5.747096,14900000.0,75.0,Re,I,0.0,2.5,5.747038,3.5,CB,1.0,8.0
2238,216.7941,5.717246,29080000.0,75.0,Re,I,0.0,2.5,5.717189,2.5,CB,1.0,6.0
2353,217.6204,5.695541,15680000.0,75.0,Re,I,0.0,2.5,5.6954839999999995,3.5,CB,1.0,8.0
2886,221.4272,5.597633,217900000.0,75.01,Re,II,0.0,3.0,5.597576999999999,3.0,CB,2.0,7.0
3074,222.6422,5.567089,10850000.0,75.0,Re,I,0.0,2.5,5.567033,3.5,CB,1.0,8.0
3214,223.5437,5.54464,12110000.0,75.0,Re,I,0.0,2.5,5.5445839999999995,1.5,CB,1.0,4.0
3484,225.5718,5.494793,55620000.0,75.0,Re,I,1.436228,2.5,6.930966000000001,1.5,CB,1.0,4.0
3500,225.6193,5.4936370000000005,8298000.0,75.0,Re,I,0.0,2.5,5.493582,2.5,CB,1.0,6.0
3635,226.4385,5.473765,29640000.0,75.0,Re,I,0.0,2.5,5.47371,1.5,CB,1.0,4.0
3797,227.4611,5.449158000000001,23010000.0,75.0,Re,I,0.0,2.5,5.449103,2.5,CB,1.0,6.0
3806,227.5247,5.447635,550600000.0,75.01,Re,II,0.0,3.0,5.44758,2.0,CB,2.0,5.0
3918,228.1619,5.432423,13620000.0,75.0,Re,I,0.0,2.5,5.4323690000000004,3.5,CB,1.0,8.0
4012,228.7509,5.418436,52850000.0,75.0,Re,I,0.0,2.5,5.418382,1.5,CB,1.0,4.0
4128,229.4484,5.401966000000001,34220000.0,75.0,Re,I,0.0,2.5,5.401912,2.5,CB,1.0,6.0
4189,229.81,5.393466,584600000.0,75.01,Re,II,3.4253980000000004,3.0,8.818810000000001,4.0,CB,2.0,9.0
4214,229.9764,5.389564,26380000.0,75.0,Re,I,1.457375,4.5,6.846885,5.5,CB,1.0,12.0
4264,230.3021,5.381944,6254000.0,75.0,Re,I,0.0,2.5,5.38189,3.5,CB,1.0,8.0
4324,230.6529,5.3737580000000005,13360000.0,75.0,Re,I,0.0,2.5,5.373704,1.5,CB,1.0,4.0
4434,231.2973,5.35879,27890000.0,75.0,Re,I,1.8669779999999998,3.5,7.225713000000001,4.5,CB,1.0,10.0
4544,231.9187,5.344431,24770000.0,75.0,Re,I,2.021829,5.5,7.366206,5.5,CB,1.0,12.0
4564,232.0165,5.342178,51620000.0,75.0,Re,I,2.021829,5.5,7.3639529999999995,4.5,CB,1.0,10.0
4610,232.249,5.336832,11320000.0,75.0,Re,I,0.0,2.5,5.336778,2.5,CB,1.0,6.0
4712,232.8665,5.32268,37720000.0,75.0,Re,I,1.436228,2.5,6.7588550000000005,3.5,CB,1.0,8.0
4814,233.4333,5.309757,50050000.0,75.0,Re,I,1.436228,2.5,6.745932000000001,2.5,CB,1.0,6.0
4850,233.5727,5.306588,24990000.0,75.0,Re,I,1.457375,4.5,6.763910000000001,5.5,CB,1.0,12.0
4857,233.6105,5.305731,31460000.0,75.0,Re,I,2.0605279999999997,4.5,7.366206,5.5,CB,1.0,12.0
4887,233.7955,5.301533,37420000.0,75.0,Re,I,1.457375,4.5,6.7588550000000005,3.5,CB,1.0,8.0
5007,234.5281,5.284972,105300000.0,75.0,Re,I,1.71422,1.5,6.99914,0.5,CB,1.0,2.0
5050,234.7069,5.280948,21370000.0,75.0,Re,I,1.436228,2.5,6.717123,3.5,CB,1.0,8.0
5094,234.9389,5.275734,48850000.0,75.0,Re,I,1.81283,2.5,7.0885110000000005,3.5,CB,1.0,8.0
5132,235.207,5.2697199999999995,109100000.0,75.0,Re,I,1.436228,2.5,6.705895,3.5,CB,1.0,8.0
5221,235.6506,5.259801,42290000.0,75.0,Re,I,1.457375,4.5,6.717123,3.5,CB,1.0,8.0
5389,236.5906,5.238904,33400000.0,75.0,Re,I,0.0,2.5,5.238852,1.5,CB,1.0,4.0
5438,236.7673,5.234996,118900000.0,75.0,Re,I,1.8669779999999998,3.5,7.101921000000001,4.5,CB,1.0,10.0
5454,236.849,5.2331900000000005,639700000.0,75.01,Re,II,1.851146,3.0,7.084283,2.0,CB,2.0,5.0
5467,236.927,5.2314680000000005,53140000.0,75.0,Re,I,1.457375,4.5,6.688789999999999,5.5,CB,1.0,12.0
5498,237.0765,5.228168,523600000.0,75.01,Re,II,1.845207,4.0,7.073322999999999,3.0,CB,2.0,7.0
5510,237.1502,5.2265440000000005,40810000.0,75.0,Re,I,1.436228,2.5,6.662719999999999,3.5,CB,1.0,8.0
5562,237.3461,5.222230000000001,378400000.0,75.01,Re,II,1.851146,3.0,7.073322999999999,3.0,CB,2.0,7.0
5600,237.5074,5.218685,66450000.0,75.0,Re,I,1.762666,3.5,6.981298,4.5,CB,1.0,10.0
5666,237.851,5.211145,249500000.0,75.01,Re,II,3.4400660000000003,3.0,8.651159,4.0,CB,2.0,9.0
5711,238.0224,5.207393,42800000.0,75.0,Re,I,2.0605279999999997,4.5,7.267869,5.5,CB,1.0,12.0
5730,238.1137,5.2053970000000005,40480000.0,75.0,Re,I,1.457375,4.5,6.662719999999999,3.5,CB,1.0,8.0
5842,238.6899,5.192833,580700000.0,75.01,Re,II,2.600742,5.0,7.7935229999999995,4.0,CB,2.0,9.0
5887,238.9109,5.188028,2913000.0,75.0,Re,I,0.0,2.5,5.187976,3.5,CB,1.0,8.0
5927,239.1286,5.183307,26210000.0,75.0,Re,I,1.436228,2.5,6.619483,2.5,CB,1.0,6.0
5984,239.4367,5.176638,78050000.0,75.0,Re,I,1.436228,2.5,6.612814,3.5,CB,1.0,8.0
6032,239.679,5.171403,166900000.0,75.0,Re,I,1.436228,2.5,6.607578999999999,1.5,CB,1.0,4.0
6040,239.7342,5.170214,145300000.0,75.0,Re,I,1.8803310000000002,0.5,7.0504929999999995,1.5,CB,1.0,4.0
6109,240.0736,5.162905,79450000.0,75.0,Re,I,1.8669779999999998,3.5,7.029831,3.5,CB,1.0,8.0
6134,240.1681,5.1608730000000005,44960000.0,75.0,Re,I,1.457375,4.5,6.618196000000001,4.5,CB,1.0,10.0
6169,240.3034,5.157968,404800000.0,75.01,Re,II,2.8938900000000003,2.0,8.051807,3.0,CB,2.0,7.0
6221,240.5056,5.153632,317400000.0,75.0,Re,I,1.457375,4.5,6.610955000000001,4.5,CB,1.0,10.0
6237,240.5597,5.1524730000000005,27500000.0,75.0,Re,I,0.0,2.5,5.1524209999999995,1.5,CB,1.0,4.0
6341,241.0371,5.142269000000001,102700000.0,75.0,Re,I,1.436228,2.5,6.578444999999999,2.5,CB,1.0,6.0
6434,241.4592,5.13328,58220000.0,75.0,Re,I,1.955283,2.5,7.0885110000000005,3.5,CB,1.0,8.0
6479,241.6447,5.12934,75070000.0,75.0,Re,I,1.436228,2.5,6.565516000000001,1.5,CB,1.0,4.0
6504,241.7663,5.126761,48650000.0,75.0,Re,I,2.021829,5.5,7.148538,4.5,CB,1.0,10.0
6520,241.8195,5.125632,325600000.0,75.01,Re,II,3.222039,5.0,8.34762,4.0,CB,2.0,9.0
6555,241.9408,5.123062,81910000.0,75.0,Re,I,1.955283,2.5,7.0782940000000005,3.5,CB,1.0,8.0
6568,241.9809,5.1222129999999995,33740000.0,75.0,Re,I,0.0,2.5,5.122162,2.5,CB,1.0,6.0
6606,242.1394,5.11886,312400000.0,75.0,Re,I,1.8803310000000002,0.5,6.99914,0.5,CB,1.0,2.0
6612,242.176,5.118087,126600000.0,75.0,Re,I,1.81283,2.5,6.930865,3.5,CB,1.0,8.0
6648,242.3519,5.114372,21630000.0,75.0,Re,I,1.8669779999999998,3.5,6.981298,4.5,CB,1.0,10.0
6722,242.6636,5.107803,68500000.0,75.0,Re,I,2.024353,1.5,7.132105,2.5,CB,1.0,6.0
6770,242.8575,5.103725,54960000.0,75.0,Re,I,0.0,2.5,5.103674,3.5,CB,1.0,8.0
6801,242.9651,5.101465,34410000.0,75.0,Re,I,2.021829,5.5,7.1232429999999995,6.5,CB,1.0,14.0
6865,243.2179,5.096164,150900000.0,75.0,Re,I,1.457375,4.5,6.5534870000000005,3.5,CB,1.0,8.0
6900,243.3282,5.093854,67970000.0,75.0,Re,I,2.021829,5.5,7.115632000000001,5.5,CB,1.0,12.0
6963,243.6053,5.088061,49030000.0,75.0,Re,I,2.0605279999999997,4.5,7.148538,4.5,CB,1.0,10.0
7025,243.8469,5.083019,126300000.0,75.0,Re,I,1.71422,1.5,6.797188,2.5,CB,1.0,6.0
7041,243.9072,5.081764,42600000.0,75.0,Re,I,1.457375,4.5,6.539088,4.5,CB,1.0,10.0
7088,244.1469,5.0767739999999995,8231000.0,75.0,Re,I,0.0,2.5,5.076723,3.5,CB,1.0,8.0
7107,244.2516,5.074599,136500000.0,75.0,Re,I,1.955283,2.5,7.029831,3.5,CB,1.0,8.0
7155,244.4944,5.06956,137800000.0,75.0,Re,I,1.436228,2.5,6.505737,2.5,CB,1.0,6.0
7207,244.6986,5.06533,299600000.0,75.0,Re,I,1.8669779999999998,3.5,6.932257000000001,4.5,CB,1.0,10.0
7257,244.9038,5.061086,646800000.0,75.01,Re,II,2.3365810000000002,2.0,7.397616,3.0,CB,2.0,7.0
7266,244.953,5.060069,555000000.0,75.01,Re,II,3.253011,4.0,8.313029,5.0,CB,2.0,11.0
7268,244.9707,5.059703,31880000.0,75.0,Re,I,0.0,2.5,5.059653,1.5,CB,1.0,4.0
7297,245.089,5.057262000000001,35660000.0,75.0,Re,I,1.436228,2.5,6.4934389999999995,3.5,CB,1.0,8.0
7342,245.3096,5.052713,60440000.0,75.0,Re,I,2.0605279999999997,4.5,7.1131899999999995,3.5,CB,1.0,8.0
7411,245.5837,5.047075,1460000000.0,75.01,Re,II,1.7794459999999999,2.0,6.826471000000001,2.0,CB,2.0,5.0
7503,246.024,5.038043,46110000.0,75.0,Re,I,1.436228,2.5,6.47422,2.5,CB,1.0,6.0
7530,246.1182,5.036115000000001,161600000.0,75.0,Re,I,1.457375,4.5,6.4934389999999995,3.5,CB,1.0,8.0
7583,246.3311,5.0317620000000005,78100000.0,75.0,Re,I,1.71422,1.5,6.745932000000001,2.5,CB,1.0,6.0
7622,246.5138,5.028034,84550000.0,75.0,Re,I,2.0605279999999997,4.5,7.0885110000000005,3.5,CB,1.0,8.0
7678,246.7567,5.023084,1515000000.0,75.01,Re,II,1.851146,3.0,6.87418,2.0,CB,2.0,5.0
7684,246.7872,5.022464,2965000000.0,75.01,Re,II,3.3187589999999996,2.0,8.341173,1.0,CB,2.0,3.0
7716,246.9359,5.019439,1106000000.0,75.01,Re,II,2.3365810000000002,2.0,7.35597,3.0,CB,2.0,7.0
7746,247.061,5.016897,641000000.0,75.01,Re,II,2.537113,4.0,7.553960000000001,5.0,CB,2.0,11.0
7759,247.105,5.016005000000001,440400000.0,75.01,Re,II,2.37302,3.0,7.388975,4.0,CB,2.0,9.0
7842,247.4727,5.008552,94130000.0,75.0,Re,I,1.8669779999999998,3.5,6.8754789999999995,3.5,CB,1.0,8.0
7855,247.5186,5.007623000000001,966600000.0,75.01,Re,II,2.962416,4.0,7.969989,5.0,CB,2.0,11.0
7878,247.6274,5.005424,29050000.0,75.0,Re,I,1.436228,2.5,6.441601,3.5,CB,1.0,8.0
7952,247.9039,4.999841,113600000.0,75.0,Re,I,2.148748,3.5,7.148538,4.5,CB,1.0,10.0
7989,248.0826,4.996239,100400000.0,75.0,Re,I,1.762666,3.5,6.7588550000000005,3.5,CB,1.0,8.0
8060,248.3917,4.990023000000001,392300000.0,75.0,Re,I,1.457375,4.5,6.447348000000001,4.5,CB,1.0,10.0
8102,248.5806,4.986231,146800000.0,75.0,Re,I,2.021829,5.5,7.0080100000000005,6.5,CB,1.0,14.0
8123,248.6781,4.984277,47810000.0,75.0,Re,I,1.457375,4.5,6.441601,3.5,CB,1.0,8.0
8138,248.7343,4.983151,258900000.0,75.0,Re,I,1.457375,4.5,6.440476,5.5,CB,1.0,12.0
8218,249.0157,4.977519,641500000.0,75.01,Re,II,3.84134,4.0,8.818810000000001,4.0,CB,2.0,9.0
8288,249.2841,4.972161,397600000.0,75.0,Re,I,1.71422,1.5,6.686331,0.5,CB,1.0,2.0
8345,249.5263,4.967335,55790000.0,75.0,Re,I,1.436228,2.5,6.403514,3.5,CB,1.0,8.0
8369,249.6044,4.965781,257800000.0,75.0,Re,I,1.762666,3.5,6.728397,2.5,CB,1.0,6.0
8387,249.6692,4.964492,26060000.0,75.0,Re,I,2.148748,3.5,7.1131899999999995,3.5,CB,1.0,8.0
8423,249.8222,4.9614519999999995,197900000.0,75.0,Re,I,1.71422,1.5,6.675623,1.5,CB,1.0,4.0
8444,249.8864,4.960176000000001,54980000.0,75.0,Re,I,1.436228,2.5,6.396355000000001,2.5,CB,1.0,6.0
8475,250.0314,4.957301,46630000.0,75.0,Re,I,2.7474950000000002,4.5,7.704746000000001,5.5,CB,1.0,12.0
8479,250.0574,4.956784,77920000.0,75.0,Re,I,2.970165,5.5,7.9269,6.5,CB,1.0,14.0
8514,250.1724,4.9545069999999996,192400000.0,75.0,Re,I,1.762666,3.5,6.717123,3.5,CB,1.0,8.0
8583,250.4563,4.948891000000001,2125000000.0,75.01,Re,II,2.135442,2.0,7.084283,2.0,CB,2.0,5.0
8627,250.5932,4.946187999999999,103000000.0,75.0,Re,I,1.457375,4.5,6.403514,3.5,CB,1.0,8.0
8681,250.7407,4.943278,76260000.0,75.0,Re,I,1.762666,3.5,6.705895,3.5,CB,1.0,8.0
8725,250.8985,4.940169,37310000.0,75.0,Re,I,0.0,2.5,4.940119,3.5,CB,1.0,8.0
8821,251.2555,4.9331510000000005,53150000.0,75.0,Re,I,1.81283,2.5,6.745932000000001,2.5,CB,1.0,6.0
8912,251.612,4.9261610000000005,36510000.0,75.0,Re,I,1.457375,4.5,6.383486,4.5,CB,1.0,10.0
9037,252.0005,4.9185669999999995,14550000.0,75.0,Re,I,0.0,2.5,4.918518,2.5,CB,1.0,6.0
9088,252.1518,4.915616,382300000.0,75.0,Re,I,1.81283,2.5,6.728397,2.5,CB,1.0,6.0
9259,252.6815,4.905312,39860000.0,75.0,Re,I,1.71422,1.5,6.619483,2.5,CB,1.0,6.0
9329,252.9501,4.900103,68340000.0,75.0,Re,I,1.762666,3.5,6.662719999999999,3.5,CB,1.0,8.0
9432,253.3312,4.892733,285400000.0,75.0,Re,I,1.71422,1.5,6.606905,0.5,CB,1.0,2.0
9453,253.4099,4.891213,693600000.0,75.01,Re,II,1.7794459999999999,2.0,6.670610000000001,3.0,CB,2.0,7.0
9473,253.4801,4.889858,106200000.0,75.0,Re,I,1.457375,4.5,6.3471839999999995,4.5,CB,1.0,10.0
9592,253.9333,4.881132,76090000.0,75.0,Re,I,2.148748,3.5,7.029831,3.5,CB,1.0,8.0
9632,254.0519,4.8788540000000005,260500000.0,75.0,Re,I,1.436228,2.5,6.315033000000001,2.5,CB,1.0,6.0
9728,254.3668,4.872815,123300000.0,75.0,Re,I,1.8803310000000002,0.5,6.753097,1.5,CB,1.0,4.0
9734,254.3826,4.872512,115300000.0,75.0,Re,I,1.71422,1.5,6.586684,0.5,CB,1.0,2.0
9747,254.421,4.871777,56590000.0,75.0,Re,I,2.0605279999999997,4.5,6.932257000000001,4.5,CB,1.0,10.0
9766,254.4734,4.870773000000001,250900000.0,75.0,Re,I,1.436228,2.5,6.306952,3.5,CB,1.0,8.0
9787,254.5486,4.8693349999999995,102900000.0,75.0,Re,I,1.457375,4.5,6.326661,4.5,CB,1.0,10.0
9867,254.8135,4.864274,69710000.0,75.0,Re,I,1.71422,1.5,6.578444999999999,2.5,CB,1.0,6.0
9911,254.8885,4.862842,151000000.0,75.0,Re,I,1.81283,2.5,6.675623,1.5,CB,1.0,4.0
9925,254.9372,4.861912,165900000.0,75.0,Re,I,2.137277,0.5,6.99914,0.5,CB,1.0,2.0
9956,255.0086,4.860551999999999,1246000000.0,75.01,Re,II,2.537113,4.0,7.397616,3.0,CB,2.0,7.0
10015,255.2021,4.856866,191400000.0,75.0,Re,I,1.762666,3.5,6.619483,2.5,CB,1.0,6.0
10024,255.2698,4.855579,14450000.0,75.0,Re,I,1.762666,3.5,6.618196000000001,4.5,CB,1.0,10.0
10054,255.3604,4.8538559999999995,2150000000.0,75.01,Re,II,2.135442,2.0,6.98925,1.0,CB,2.0,3.0
10089,255.4926,4.851344,57150000.0,75.0,Re,I,1.71422,1.5,6.565516000000001,1.5,CB,1.0,4.0
10140,255.651,4.848338,406000000.0,75.0,Re,I,1.762666,3.5,6.610955000000001,4.5,CB,1.0,10.0
10196,255.806,4.845401,79080000.0,75.0,Re,I,2.148748,3.5,6.9941,4.5,CB,1.0,10.0
10218,255.9074,4.843481,757800.0,75.0,Re,I,0.0,2.5,4.843433,2.5,DSL,1.0,6.0
10237,255.971,4.842279,45640000.0,75.0,Re,I,1.71422,1.5,6.556450999999999,2.5,CB,1.0,6.0
10244,255.9881,4.841954,56140000.0,75.0,Re,I,1.955283,2.5,6.797188,2.5,CB,1.0,6.0
10287,256.1462,4.838966,78310000.0,75.0,Re,I,1.8669779999999998,3.5,6.705895,3.5,CB,1.0,8.0
10366,256.4185,4.833828,225900000.0,75.0,Re,I,1.436228,2.5,6.270007,1.5,CB,1.0,4.0
10407,256.5842,4.830706,88560000.0,75.0,Re,I,2.699805,3.5,7.530463,2.5,CB,1.0,6.0
10559,257.1257,4.820533999999999,63890000.0,75.0,Re,I,1.436228,2.5,6.256714,2.5,CB,1.0,6.0
10637,257.377,4.815828,92170000.0,75.0,Re,I,1.762666,3.5,6.578444999999999,2.5,CB,1.0,6.0
10646,257.4213,4.814998999999999,30160000.0,75.0,Re,I,2.0605279999999997,4.5,6.8754789999999995,3.5,CB,1.0,8.0
10781,257.9007,4.806049,309000000.0,75.0,Re,I,1.8803310000000002,0.5,6.686331,0.5,CB,1.0,2.0
10824,258.0311,4.80362,55900000.0,75.0,Re,I,1.955283,2.5,6.7588550000000005,3.5,CB,1.0,8.0
10859,258.1422,4.801552,46460000.0,75.0,Re,I,1.436228,2.5,6.237732,3.5,CB,1.0,8.0
10938,258.4767,4.79534,77080000.0,75.0,Re,I,1.8803310000000002,0.5,6.675623,1.5,CB,1.0,4.0
10993,258.6783,4.791601999999999,106700000.0,75.0,Re,I,1.457375,4.5,6.248929,4.5,CB,1.0,10.0
10998,258.6995,4.7912099999999995,131000000.0,75.0,Re,I,1.71422,1.5,6.505383,0.5,CB,1.0,2.0
11103,259.1134,4.783557,38630000.0,75.0,Re,I,2.148748,3.5,6.932257000000001,4.5,CB,1.0,10.0
11112,259.1584,4.7827269999999995,81020000.0,75.0,Re,I,1.436228,2.5,6.218907,2.5,CB,1.0,6.0
11147,259.2843,4.780405,31130000.0,75.0,Re,I,1.457375,4.5,6.237732,3.5,CB,1.0,8.0
11206,259.4852,4.7767029999999995,70390000.0,75.0,Re,I,1.436228,2.5,6.212883000000001,2.5,CB,1.0,6.0
11217,259.5228,4.7760110000000005,2834000.0,75.0,Re,I,0.0,2.5,4.775963,3.5,CB,1.0,8.0
11257,259.6777,4.773162,127900000.0,75.0,Re,I,1.955283,2.5,6.728397,2.5,CB,1.0,6.0
11262,259.6929,4.772883,97010000.0,75.0,Re,I,2.024353,1.5,6.797188,2.5,CB,1.0,6.0
11333,259.9857,4.767508,276600000.0,75.0,Re,I,1.71422,1.5,6.481681,1.5,CB,1.0,4.0
11363,260.0864,4.765663,47370000.0,75.0,Re,I,1.81283,2.5,6.578444999999999,2.5,CB,1.0,6.0
11386,260.1873,4.763814,32900000.0,75.0,Re,I,2.021829,5.5,6.785596000000001,6.5,CB,1.0,14.0
11420,260.2926,4.761888,53680000.0,75.0,Re,I,1.955283,2.5,6.717123,3.5,CB,1.0,8.0
11740,261.3751,4.742167,67030000.0,75.0,Re,I,1.955283,2.5,6.697402,3.5,CB,1.0,8.0
11768,261.4557,4.740705,80530000.0,75.0,Re,I,1.81283,2.5,6.5534870000000005,3.5,CB,1.0,8.0
11831,261.6718,4.736789,1157000000.0,75.01,Re,II,2.3365810000000002,2.0,7.073322999999999,3.0,CB,2.0,7.0
11850,261.7442,4.73548,46570000.0,75.0,Re,I,2.0605279999999997,4.5,6.795961,4.5,CB,1.0,10.0
11916,262.002,4.730821,80200000.0,75.0,Re,I,1.762666,3.5,6.4934389999999995,3.5,CB,1.0,8.0
11928,262.0346,4.730232,163700000.0,75.0,Re,I,2.699805,3.5,7.429989999999999,3.5,CB,1.0,8.0
11991,262.329,4.724924,29050000.0,75.0,Re,I,1.457375,4.5,6.182251,3.5,CB,1.0,8.0
12048,262.5041,4.721773000000001,27770000.0,75.0,Re,I,1.436228,2.5,6.157954,1.5,CB,1.0,4.0
12192,263.0756,4.711515,39410000.0,75.0,Re,I,1.8669779999999998,3.5,6.578444999999999,2.5,CB,1.0,6.0
12218,263.1546,4.710101,36750000.0,75.0,Re,I,1.436228,2.5,6.146282,2.5,CB,1.0,6.0
12257,263.3009,4.707484,25700000.0,75.0,Re,I,1.955283,2.5,6.662719999999999,3.5,CB,1.0,8.0
12274,263.3615,4.7064010000000005,289600000.0,75.0,Re,I,1.8803310000000002,0.5,6.586684,0.5,CB,1.0,2.0
12344,263.6632,4.701016,15130000.0,75.0,Re,I,0.0,2.5,4.700969000000001,1.5,CB,1.0,4.0
12452,264.1012,4.693221,590700000.0,75.01,Re,II,1.8379419999999997,1.0,6.531116,2.0,CB,2.0,5.0
12504,264.2751,4.690132,66030000.0,75.0,Re,I,1.457375,4.5,6.14746,4.5,CB,1.0,10.0
12607,264.7121,4.682391,2019000.0,75.0,Re,I,0.0,2.5,4.6823440000000005,3.5,CB,1.0,8.0
12638,264.8464,4.680016,445600000.0,75.01,Re,II,1.851146,3.0,6.531116,2.0,CB,2.0,5.0
12657,264.9049,4.6789819999999995,124300000.0,75.0,Re,I,1.762666,3.5,6.441601,3.5,CB,1.0,8.0
12679,264.9583,4.678039,119300000.0,75.0,Re,I,2.137277,0.5,6.815269,0.5,CB,1.0,2.0
12736,265.1895,4.673961,11440000.0,75.0,Re,I,0.0,2.5,4.673914,2.5,CB,1.0,6.0
12758,265.2919,4.672157,55770000.0,75.0,Re,I,1.8669779999999998,3.5,6.539088,4.5,CB,1.0,10.0
12788,265.412,4.670043,236600000.0,75.0,Re,I,1.436228,2.5,6.106224,1.5,CB,1.0,4.0
12803,265.518,4.66818,25560000.0,75.0,Re,I,1.71422,1.5,6.382353,2.5,CB,1.0,6.0
12817,265.5846,4.667008,17630000.0,75.0,Re,I,2.021829,5.5,6.688789999999999,5.5,CB,1.0,12.0
12899,265.902,4.661437,43280000.0,75.0,Re,I,1.81283,2.5,6.47422,2.5,CB,1.0,6.0
12920,265.9788,4.660092,45500000.0,75.0,Re,I,3.266855,6.5,7.9269,6.5,CB,1.0,14.0
13017,266.3633,4.653366,44030000.0,75.0,Re,I,1.457375,4.5,6.1106940000000005,5.5,CB,1.0,12.0
13032,266.4218,4.652343,74250000.0,75.0,Re,I,1.955283,2.5,6.607578999999999,1.5,CB,1.0,4.0
13047,266.4806,4.6513160000000005,79520000.0,75.0,Re,I,2.024353,1.5,6.675623,1.5,CB,1.0,4.0
13121,266.7133,4.647259,35630000.0,75.0,Re,I,2.148748,3.5,6.795961,4.5,CB,1.0,10.0
13203,267.0231,4.6418669999999995,25270000.0,75.0,Re,I,1.436228,2.5,6.078049,2.5,CB,1.0,6.0
13220,267.0791,4.640894,49830000.0,75.0,Re,I,1.762666,3.5,6.403514,3.5,CB,1.0,8.0
13246,267.1842,4.639069,36330000.0,75.0,Re,I,1.457375,4.5,6.0963970000000005,4.5,CB,1.0,10.0
13308,267.4332,4.6347510000000005,14830000.0,75.0,Re,I,0.0,2.5,4.634704,2.5,CB,1.0,6.0
13397,267.776,4.628818,62410000.0,75.0,Re,I,1.81283,2.5,6.441601,3.5,CB,1.0,8.0
13432,267.9096,4.626508,66800000.0,75.0,Re,I,1.8669779999999998,3.5,6.4934389999999995,3.5,CB,1.0,8.0
13558,268.3592,4.618758000000001,86550000.0,75.0,Re,I,2.7474950000000002,4.5,7.366206,5.5,CB,1.0,12.0
13693,268.8528,4.61028,241400000.0,75.0,Re,I,1.955283,2.5,6.565516000000001,1.5,CB,1.0,4.0
13735,269.0237,4.607351,42180000.0,75.0,Re,I,2.021829,5.5,6.629134,5.5,CB,1.0,12.0
13864,269.4394,4.600242,21370000.0,75.0,Re,I,1.457375,4.5,6.05757,3.5,CB,1.0,8.0
13906,269.5561,4.59825,83080000.0,75.0,Re,I,1.955283,2.5,6.5534870000000005,3.5,CB,1.0,8.0
13953,269.7261,4.595353,1950000.0,75.0,Re,I,0.0,2.5,4.595307,1.5,CB,1.0,4.0
14016,269.9579,4.591408,9082000.0,75.0,Re,I,1.457375,4.5,6.048736,3.5,CB,1.0,8.0
14143,270.4371,4.583272,150500000.0,75.0,Re,I,2.024353,1.5,6.607578999999999,1.5,CB,1.0,4.0
14177,270.6057,4.5804160000000005,16950000.0,75.0,Re,I,1.8669779999999998,3.5,6.447348000000001,4.5,CB,1.0,10.0
14354,271.2481,4.569569,39720000.0,75.0,Re,I,1.81283,2.5,6.382353,2.5,CB,1.0,6.0
14360,271.3026,4.568651,34500000.0,75.0,Re,I,2.0605279999999997,4.5,6.629134,5.5,CB,1.0,12.0
14365,271.3163,4.568421,42060000.0,75.0,Re,I,2.148748,3.5,6.717123,3.5,CB,1.0,8.0
14409,271.5471,4.564538,232800000.0,75.0,Re,I,1.457375,4.5,6.021866999999999,5.5,CB,1.0,12.0
14425,271.5767,4.56404,58360000.0,75.0,Re,I,1.762666,3.5,6.326661,4.5,CB,1.0,10.0
14454,271.6758,4.562377,149500000.0,75.0,Re,I,2.024353,1.5,6.586684,0.5,CB,1.0,2.0
14538,271.9537,4.557713,20650000.0,75.0,Re,I,2.0605279999999997,4.5,6.618196000000001,4.5,CB,1.0,10.0
14628,272.2704,4.552413,103700000.0,75.0,Re,I,1.762666,3.5,6.315033000000001,2.5,CB,1.0,6.0
14656,272.3849,4.5505,68450000.0,75.0,Re,I,1.955283,2.5,6.505737,2.5,CB,1.0,6.0
14759,272.7546,4.544332,44590000.0,75.0,Re,I,1.762666,3.5,6.306952,3.5,CB,1.0,8.0
14784,272.8623,4.542539,22590000.0,75.0,Re,I,1.71422,1.5,6.256714,2.5,CB,1.0,6.0
14816,272.9636,4.540853,72380000.0,75.0,Re,I,2.024353,1.5,6.5651600000000006,1.5,CB,1.0,4.0
14842,273.0821,4.538881,18980000.0,75.0,Re,I,1.81283,2.5,6.351666000000001,3.5,CB,1.0,8.0
14868,273.2206,4.536581,101800000.0,75.0,Re,I,1.8669779999999998,3.5,6.403514,3.5,CB,1.0,8.0
14942,273.4305,4.533099,47660000.0,75.0,Re,I,1.81283,2.5,6.345883000000001,1.5,CB,1.0,4.0
15052,273.8326,4.526443,88480000.0,75.0,Re,I,1.955283,2.5,6.481681,1.5,CB,1.0,4.0
15158,274.1975,4.52042,41550000.0,75.0,Re,I,2.7474950000000002,4.5,7.267869,5.5,CB,1.0,12.0
15215,274.3866,4.517304,37770000.0,75.0,Re,I,2.021829,5.5,6.539088,4.5,CB,1.0,10.0
15309,274.7432,4.5114410000000005,44450000.0,75.0,Re,I,1.436228,2.5,5.947623999999999,2.5,CB,1.0,6.0
15459,275.285,4.502562999999999,23780000.0,75.0,Re,I,1.436228,2.5,5.938746,2.5,CB,1.0,6.0
15463,275.3042,4.502249,73470000.0,75.0,Re,I,1.81283,2.5,6.315033000000001,2.5,CB,1.0,6.0
15479,275.3681,4.501205000000001,1059000000.0,75.01,Re,II,2.37302,3.0,6.87418,2.0,CB,2.0,5.0
15522,275.5209,4.498708000000001,26630000.0,75.0,Re,I,1.71422,1.5,6.212883000000001,2.5,CB,1.0,6.0
15589,275.7993,4.494167,91120000.0,75.0,Re,I,1.81283,2.5,6.306952,3.5,CB,1.0,8.0
15614,275.8707,4.493004,30160000.0,75.0,Re,I,2.0605279999999997,4.5,6.5534870000000005,3.5,CB,1.0,8.0
15721,276.1924,4.4877709999999995,50050000.0,75.0,Re,I,1.436228,2.5,5.923954,1.5,CB,1.0,4.0
15770,276.3292,4.485549,20790000.0,75.0,Re,I,1.457375,4.5,5.9428790000000005,3.5,CB,1.0,8.0
15785,276.3795,4.484733,90730000.0,75.0,Re,I,1.8669779999999998,3.5,6.351666000000001,3.5,CB,1.0,8.0
15869,276.6392,4.480523000000001,162500000.0,75.0,Re,I,3.3637089999999996,6.5,7.844186,5.5,CB,1.0,12.0
15909,276.7746,4.478332,137300000.0,75.0,Re,I,1.436228,2.5,5.914515,1.5,CB,1.0,4.0
15947,276.885,4.476545,33890000.0,75.0,Re,I,1.457375,4.5,5.933875,5.5,CB,1.0,12.0
15998,277.0413,4.474021,78650000.0,75.0,Re,I,1.436228,2.5,5.910204,3.5,CB,1.0,8.0
16078,277.3108,4.469673,386300000.0,75.0,Re,I,2.137277,0.5,6.606905,0.5,CB,1.0,2.0
16215,277.772,4.462251999999999,36020000.0,75.0,Re,I,2.148748,3.5,6.610955000000001,4.5,CB,1.0,10.0
16251,277.8496,4.461005999999999,22710000.0,75.0,Re,I,1.762666,3.5,6.223627,4.5,CB,1.0,10.0
16348,278.1439,4.456286,86530000.0,75.0,Re,I,1.762666,3.5,6.218907,2.5,CB,1.0,6.0
16417,278.357,4.4528739999999996,123500000.0,75.0,Re,I,1.457375,4.5,5.910204,3.5,CB,1.0,8.0
16464,278.5204,4.450261,75160000.0,75.0,Re,I,1.762666,3.5,6.212883000000001,2.5,CB,1.0,6.0
16495,278.6133,4.448777,40170000.0,75.0,Re,I,2.699805,3.5,7.148538,4.5,CB,1.0,10.0
16509,278.6558,4.4481,68480000.0,75.0,Re,I,1.8669779999999998,3.5,6.315033000000001,2.5,CB,1.0,6.0
16573,278.9268,4.443778,59000000.0,75.0,Re,I,1.71422,1.5,6.157954,1.5,CB,1.0,4.0
16631,279.094,4.441116,89990000.0,75.0,Re,I,1.955283,2.5,6.396355000000001,2.5,CB,1.0,6.0
16639,279.1287,4.440563,63990000.0,75.0,Re,I,2.021829,5.5,6.462348,6.5,CB,1.0,14.0
16829,279.8107,4.429742,76210000.0,75.0,Re,I,2.148748,3.5,6.578444999999999,2.5,CB,1.0,6.0
16968,280.3279,4.421569,853900000.0,75.01,Re,II,1.7081669999999998,0.0,6.1296919999999995,1.0,CB,2.0,3.0
17100,280.7859,4.414358,20610000.0,75.0,Re,I,1.457375,4.5,5.871688,3.5,CB,1.0,8.0
17244,281.207,4.4077470000000005,41460000.0,75.0,Re,I,2.148748,3.5,6.556450999999999,2.5,CB,1.0,6.0
17255,281.2355,4.407301,76500000.0,75.0,Re,I,2.024353,1.5,6.43161,1.5,CB,1.0,4.0
17282,281.3108,4.406121,27370000.0,75.0,Re,I,1.81283,2.5,6.218907,2.5,CB,1.0,6.0
17308,281.3962,4.404783999999999,93790000.0,75.0,Re,I,2.148748,3.5,6.5534870000000005,3.5,CB,1.0,8.0
17339,281.4673,4.403671,57130000.0,75.0,Re,I,1.436228,2.5,5.839855,2.5,CB,1.0,6.0
17390,281.6325,4.401088,121500000.0,75.0,Re,I,2.7474950000000002,4.5,7.148538,4.5,CB,1.0,10.0
17407,281.6959,4.400097,48550000.0,75.0,Re,I,1.81283,2.5,6.212883000000001,2.5,CB,1.0,6.0
17497,281.9766,4.3957180000000005,555200000.0,75.01,Re,II,2.135442,2.0,6.531116,2.0,CB,2.0,5.0
17501,281.9948,4.395434,142400000.0,75.0,Re,I,1.457375,4.5,5.852765,4.5,CB,1.0,10.0
17558,282.2122,4.392048,69290000.0,75.0,Re,I,1.71422,1.5,6.106224,1.5,CB,1.0,4.0
17608,282.4243,4.38875,97490000.0,75.0,Re,I,2.699805,3.5,7.0885110000000005,3.5,CB,1.0,8.0
17642,282.5457,4.386864,39970000.0,75.0,Re,I,2.0605279999999997,4.5,6.447348000000001,4.5,CB,1.0,10.0
17698,282.7522,4.38366,49310000.0,75.0,Re,I,1.762666,3.5,6.146282,2.5,CB,1.0,6.0
17864,283.4107,4.373476,222300000.0,75.0,Re,I,1.81283,2.5,6.186262,1.5,CB,1.0,4.0
17971,283.7543,4.368181,119900000.0,75.0,Re,I,2.7474950000000002,4.5,7.115632000000001,5.5,CB,1.0,12.0
18048,284.0344,4.363872,79250000.0,75.0,Re,I,1.71422,1.5,6.078049,2.5,CB,1.0,6.0
18120,284.3001,4.359794,125400000.0,75.0,Re,I,1.955283,2.5,6.315033000000001,2.5,CB,1.0,6.0
18149,284.4161,4.358016,30470000.0,75.0,Re,I,1.436228,2.5,5.794201,1.5,CB,1.0,4.0
18311,285.0971,4.347606,62480000.0,75.0,Re,I,1.436228,2.5,5.783791000000001,2.5,CB,1.0,6.0
18361,285.2856,4.344735,46800000.0,75.0,Re,I,2.148748,3.5,6.4934389999999995,3.5,CB,1.0,8.0
18563,286.0071,4.333775,13840000.0,75.0,Re,I,1.762666,3.5,6.0963970000000005,4.5,CB,1.0,10.0
18568,286.0255,4.333496,24710000.0,75.0,Re,I,1.81283,2.5,6.146282,2.5,CB,1.0,6.0
18666,286.4563,4.326979,43710000.0,75.0,Re,I,3.377811,5.5,7.704746000000001,5.5,CB,1.0,12.0
18728,286.7199,4.323002,90980000.0,75.0,Re,I,2.0605279999999997,4.5,6.383486,4.5,CB,1.0,10.0
18848,287.1813,4.316056,47260000.0,75.0,Re,I,1.762666,3.5,6.078679,3.5,CB,1.0,8.0
18853,287.2305,4.315316999999999,19690000.0,75.0,Re,I,1.8669779999999998,3.5,6.182251,3.5,CB,1.0,8.0
18867,287.2671,4.314768,35910000.0,75.0,Re,I,1.955283,2.5,6.270007,1.5,CB,1.0,4.0
18927,287.5279,4.310853,32620000.0,75.0,Re,I,1.436228,2.5,5.747038,3.5,CB,1.0,8.0
19026,287.9272,4.304875,23190000.0,75.0,Re,I,2.021829,5.5,6.326661,4.5,CB,1.0,10.0
19132,288.3447,4.298643,82040000.0,75.0,Re,I,2.148748,3.5,6.447348000000001,4.5,CB,1.0,10.0
19145,288.4048,4.297747,44130000.0,75.0,Re,I,2.970165,5.5,7.267869,5.5,CB,1.0,12.0
19220,288.7307,4.292897,33870000.0,75.0,Re,I,2.148748,3.5,6.441601,3.5,CB,1.0,8.0
19228,288.7679,4.292342,382600000.0,75.0,Re,I,1.457375,4.5,5.749674,4.5,CB,1.0,10.0
19244,288.8049,4.291793,967300000.0,75.01,Re,II,1.8379419999999997,1.0,6.1296919999999995,1.0,CB,2.0,3.0
19270,288.9454,4.289707,14760000.0,75.0,Re,I,1.457375,4.5,5.747038,3.5,CB,1.0,8.0
19326,289.1482,4.286699,36440000.0,75.0,Re,I,2.0605279999999997,4.5,6.3471839999999995,4.5,CB,1.0,10.0
19339,289.1876,4.286112999999999,52290000.0,75.0,Re,I,1.762666,3.5,6.048736,3.5,CB,1.0,8.0
19362,289.2645,4.284974,101900000.0,75.0,Re,I,2.412471,2.5,6.697402,3.5,CB,1.0,8.0
19409,289.4322,4.2824919999999995,43420000.0,75.0,Re,I,1.955283,2.5,6.237732,3.5,CB,1.0,8.0
19447,289.5652,4.280525,12030000.0,75.0,Re,I,1.8669779999999998,3.5,6.14746,4.5,CB,1.0,10.0
19453,289.6002,4.2800080000000005,2800000.0,75.0,Re,I,0.0,2.5,4.279965,3.5,CB,1.0,8.0
19530,289.8784,4.275901,97370000.0,75.0,Re,I,2.539411,1.5,6.815269,0.5,CB,1.0,2.0
19615,290.259,4.270294,507200000.0,75.0,Re,I,2.349513,2.5,6.619764,3.5,CB,1.0,8.0
19687,290.5586,4.265891000000001,65210000.0,75.0,Re,I,1.81283,2.5,6.078679,3.5,CB,1.0,8.0
19701,290.6015,4.265262,72300000.0,75.0,Re,I,1.81283,2.5,6.078049,2.5,CB,1.0,6.0
19794,290.9817,4.259688,153800000.0,75.0,Re,I,2.021829,5.5,6.281475,5.5,CB,1.0,12.0
19801,291.0083,4.2592989999999995,7998000.0,75.0,Re,I,1.436228,2.5,5.6954839999999995,3.5,CB,1.0,8.0
19878,291.3155,4.254808000000001,32510000.0,75.0,Re,I,2.148748,3.5,6.403514,3.5,CB,1.0,8.0
19978,291.6733,4.249589,512700000.0,75.01,Re,II,3.1394290000000002,3.0,7.388975,4.0,CB,2.0,9.0
20040,291.8877,4.246467,28860000.0,75.0,Re,I,2.0605279999999997,4.5,6.306952,3.5,CB,1.0,8.0
20052,291.9407,4.245697,81510000.0,75.0,Re,I,2.024353,1.5,6.270007,1.5,CB,1.0,4.0
20191,292.4604,4.2381519999999995,22320000.0,75.0,Re,I,1.457375,4.5,5.6954839999999995,3.5,CB,1.0,8.0
20203,292.5202,4.237285,187700000.0,75.0,Re,I,3.305596,2.5,7.542839,2.5,CB,1.0,6.0
20249,292.6932,4.234781,25180000.0,75.0,Re,I,2.148748,3.5,6.383486,4.5,CB,1.0,10.0
20262,292.7424,4.234069,79750000.0,75.0,Re,I,1.457375,4.5,5.691402,5.5,CB,1.0,12.0
20321,292.9533,4.231022,131300000.0,75.0,Re,I,1.955283,2.5,6.186262,1.5,CB,1.0,4.0
20343,293.0613,4.229462,67600000.0,75.0,Re,I,1.8669779999999998,3.5,6.0963970000000005,4.5,CB,1.0,10.0
20387,293.2313,4.227011,24340000.0,75.0,Re,I,1.955283,2.5,6.182251,3.5,CB,1.0,8.0
20488,293.6496,4.220989,37070000.0,75.0,Re,I,2.0605279999999997,4.5,6.281475,5.5,CB,1.0,12.0
20629,294.1557,4.213728,62320000.0,75.0,Re,I,2.539411,1.5,6.753097,1.5,CB,1.0,4.0
20675,294.3144,4.211456,115700000.0,75.0,Re,I,1.762666,3.5,5.974079,3.5,CB,1.0,8.0
20702,294.4319,4.209776000000001,31900000.0,75.0,Re,I,1.71422,1.5,5.923954,1.5,CB,1.0,4.0
20760,294.6567,4.206563,62670000.0,75.0,Re,I,2.539411,1.5,6.745932000000001,2.5,CB,1.0,6.0
20838,294.9093,4.20296,56420000.0,75.0,Re,I,2.148748,3.5,6.351666000000001,3.5,CB,1.0,8.0
20860,294.9879,4.201841,20620000.0,75.0,Re,I,2.021829,5.5,6.223627,4.5,CB,1.0,10.0
20888,295.083,4.200487,17020000.0,75.0,Re,I,1.436228,2.5,5.636672,3.5,CB,1.0,8.0
20966,295.434,4.195496,112700000.0,75.0,Re,I,1.71422,1.5,5.909675,0.5,CB,1.0,2.0
21156,296.175,4.185,48150000.0,75.0,Re,I,1.762666,3.5,5.947623999999999,2.5,CB,1.0,6.0
21168,296.2267,4.1842690000000005,43900000.0,75.0,Re,I,1.436228,2.5,5.620455000000001,2.5,CB,1.0,6.0
21186,296.2874,4.183413,54620000.0,75.0,Re,I,2.7474950000000002,4.5,6.930865,3.5,CB,1.0,8.0
21252,296.5112,4.180255000000001,180600000.0,75.0,Re,I,1.762666,3.5,5.9428790000000005,3.5,CB,1.0,8.0
21276,296.5761,4.17934,197900000.0,75.0,Re,I,1.457375,4.5,5.636672,3.5,CB,1.0,8.0
21314,296.7248,4.177246,35160000.0,75.0,Re,I,2.0605279999999997,4.5,6.237732,3.5,CB,1.0,8.0
21328,296.8046,4.176122,58990000.0,75.0,Re,I,1.762666,3.5,5.938746,2.5,CB,1.0,6.0
21507,297.5024,4.166327,46640000.0,75.0,Re,I,2.148748,3.5,6.315033000000001,2.5,CB,1.0,6.0
21512,297.5247,4.166016,99700000.0,75.0,Re,I,2.412471,2.5,6.578444999999999,2.5,CB,1.0,6.0
21539,297.6286,4.164562,2783000.0,75.0,Re,I,0.0,2.5,4.1645199999999996,1.5,CB,1.0,4.0
21570,297.7302,4.163141,21190000.0,75.0,Re,I,2.0605279999999997,4.5,6.223627,4.5,CB,1.0,10.0
21597,297.8153,4.161951,156300000.0,75.0,Re,I,2.024353,1.5,6.186262,1.5,CB,1.0,4.0
21671,298.0836,4.158205000000001,51660000.0,75.0,Re,I,1.436228,2.5,5.594391000000001,1.5,CB,1.0,4.0
21675,298.1017,4.157952,83770000.0,75.0,Re,I,2.4496689999999997,0.5,6.607578999999999,1.5,CB,1.0,4.0
21771,298.4765,4.152731,79800000.0,75.0,Re,I,2.412471,2.5,6.5651600000000006,1.5,CB,1.0,4.0
21872,298.8473,4.1475800000000005,52470000.0,75.0,Re,I,1.762666,3.5,5.910204,3.5,CB,1.0,8.0
21970,299.2357,4.142196,10320000.0,75.0,Re,I,0.0,2.5,4.142155000000001,2.5,CB,1.0,6.0
22050,299.5395,4.137995,127300000.0,75.0,Re,I,3.7889459999999997,5.5,7.9269,6.5,CB,1.0,14.0
22148,299.9596,4.1322,427100000.0,75.0,Re,I,1.457375,4.5,5.589534,5.5,CB,1.0,12.0
22186,300.1128,4.13009,90410000.0,75.0,Re,I,1.81283,2.5,5.9428790000000005,3.5,CB,1.0,8.0
22265,300.4134,4.125958,74180000.0,75.0,Re,I,1.81283,2.5,5.938746,2.5,CB,1.0,6.0
22273,300.4339,4.125676,18630000.0,75.0,Re,I,1.71422,1.5,5.839855,2.5,CB,1.0,6.0
22323,300.643,4.122807,85040000.0,75.0,Re,I,1.955283,2.5,6.078049,2.5,CB,1.0,6.0
22450,301.1933,4.115275,16330000.0,75.0,Re,I,1.457375,4.5,5.572609,3.5,CB,1.0,8.0
22480,301.3148,4.113616,85860000.0,75.0,Re,I,1.71422,1.5,5.827795,1.5,CB,1.0,4.0
22544,301.6019,4.1097,61930000.0,75.0,Re,I,1.457375,4.5,5.567033,3.5,CB,1.0,8.0
22561,301.6486,4.109063,74440000.0,75.0,Re,I,1.762666,3.5,5.871688,3.5,CB,1.0,8.0
22571,301.6975,4.108398,9390000.0,75.0,Re,I,1.436228,2.5,5.5445839999999995,1.5,CB,1.0,4.0
22693,302.1883,4.101726,64750000.0,75.0,Re,I,1.81283,2.5,5.914515,1.5,CB,1.0,4.0
22716,302.2991,4.1002220000000005,22030000.0,75.0,Re,I,2.148748,3.5,6.248929,4.5,CB,1.0,10.0
22883,303.0443,4.09014,72590000.0,75.0,Re,I,1.762666,3.5,5.852765,4.5,CB,1.0,10.0
22941,303.2791,4.086973,19060000.0,75.0,Re,I,2.0605279999999997,4.5,6.14746,4.5,CB,1.0,10.0
22996,303.4552,4.084601,92600000.0,75.0,Re,I,2.5352040000000002,3.5,6.619764,3.5,CB,1.0,8.0
23030,303.6552,4.081912,44370000.0,75.0,Re,I,2.024353,1.5,6.106224,1.5,CB,1.0,4.0
23058,303.7959,4.080021,42330000.0,75.0,Re,I,1.71422,1.5,5.794201,1.5,CB,1.0,4.0
23121,304.0039,4.07723,40730000.0,75.0,Re,I,1.762666,3.5,5.839855,2.5,CB,1.0,6.0
23146,304.0999,4.0759419999999995,28490000.0,75.0,Re,I,1.8669779999999998,3.5,5.9428790000000005,3.5,CB,1.0,8.0
23162,304.1994,4.074609,17680000.0,75.0,Re,I,2.021829,5.5,6.0963970000000005,4.5,CB,1.0,10.0
23223,304.4086,4.07181,37910000.0,75.0,Re,I,1.8669779999999998,3.5,5.938746,2.5,CB,1.0,6.0
23301,304.7264,4.067563,424500000.0,75.0,Re,I,3.475317,2.5,7.542839,2.5,CB,1.0,6.0
23433,305.3625,4.05909,81500000.0,75.0,Re,I,2.699805,3.5,6.7588550000000005,3.5,CB,1.0,8.0
23460,305.4901,4.057395,18440000.0,75.0,Re,I,1.436228,2.5,5.493582,2.5,CB,1.0,6.0
23523,305.7658,4.053736,43150000.0,75.0,Re,I,2.024353,1.5,6.078049,2.5,CB,1.0,6.0
23547,305.8779,4.052251,54280000.0,75.0,Re,I,1.71422,1.5,5.766431,2.5,CB,1.0,6.0
23581,306.0323,4.050206,32600000.0,75.0,Re,I,2.0605279999999997,4.5,6.1106940000000005,5.5,CB,1.0,12.0
23616,306.1608,4.048506,67920000.0,75.0,Re,I,2.7474950000000002,4.5,6.795961,4.5,CB,1.0,10.0
23693,306.4598,4.044558,117500000.0,75.0,Re,I,2.137277,0.5,6.181794,0.5,CB,1.0,2.0
23768,306.7381,4.040888,12540000.0,75.0,Re,I,0.0,2.5,4.040847,1.5,CB,1.0,4.0
23821,306.9938,4.037523,65700000.0,75.0,Re,I,1.436228,2.5,5.47371,1.5,CB,1.0,4.0
23850,307.1165,4.035909999999999,77490000.0,75.0,Re,I,2.0605279999999997,4.5,6.0963970000000005,4.5,CB,1.0,10.0
23898,307.2966,4.033544,84270000.0,75.0,Re,I,2.148748,3.5,6.182251,3.5,CB,1.0,8.0
23969,307.6138,4.029383999999999,97010000.0,75.0,Re,I,1.8803310000000002,0.5,5.909675,0.5,CB,1.0,2.0
24046,307.8866,4.025815000000001,8262000.0,75.0,Re,I,1.457375,4.5,5.483149,4.5,CB,1.0,10.0
24138,308.2426,4.021165,154100000.0,75.0,Re,I,1.762666,3.5,5.783791000000001,2.5,CB,1.0,6.0
24177,308.4212,4.018837,55270000.0,75.0,Re,I,1.955283,2.5,5.974079,3.5,CB,1.0,8.0
24237,308.7155,4.015006,41950000.0,75.0,Re,I,1.81283,2.5,5.827795,1.5,CB,1.0,4.0
24272,308.8763,4.0129150000000005,44270000.0,75.0,Re,I,1.436228,2.5,5.449103,2.5,CB,1.0,6.0
24304,308.993,4.0114,91390000.0,75.0,Re,I,2.7474950000000002,4.5,6.7588550000000005,3.5,CB,1.0,8.0
24397,309.3641,4.006588,74280000.0,75.0,Re,I,1.71422,1.5,5.720768,1.5,CB,1.0,4.0
24440,309.5061,4.004751000000001,50050000.0,75.0,Re,I,1.8669779999999998,3.5,5.871688,3.5,CB,1.0,8.0
24457,309.5792,4.003805000000001,49450000.0,75.0,Re,I,1.762666,3.5,5.766431,2.5,CB,1.0,6.0
24477,309.6407,4.003009,24210000.0,75.0,Re,I,1.71422,1.5,5.717189,2.5,CB,1.0,6.0
24584,310.0633,3.997553,155500000.0,75.0,Re,I,2.024353,1.5,6.021866999999999,5.5,CB,1.0,12.0
24639,310.3167,3.9942900000000003,1211000000.0,75.01,Re,II,2.135442,2.0,6.1296919999999995,1.0,CB,2.0,3.0
24672,310.4651,3.992381,53910000.0,75.0,Re,I,1.955283,2.5,5.947623999999999,2.5,CB,1.0,6.0
24781,310.8803,3.987048,111900000.0,75.0,Re,I,1.762666,3.5,5.749674,4.5,CB,1.0,10.0
24838,311.086,3.9844120000000003,66840000.0,75.0,Re,I,1.762666,3.5,5.747038,3.5,CB,1.0,8.0
24862,311.157,3.983503,53670000.0,75.0,Re,I,1.955283,2.5,5.938746,2.5,CB,1.0,6.0
25007,311.82,3.9750339999999995,31840000.0,75.0,Re,I,1.457375,4.5,5.4323690000000004,3.5,CB,1.0,8.0
25079,312.1367,3.9710010000000002,97060000.0,75.0,Re,I,1.81283,2.5,5.783791000000001,2.5,CB,1.0,6.0
25119,312.3168,3.968711,39140000.0,75.0,Re,I,1.955283,2.5,5.923954,1.5,CB,1.0,4.0
25176,312.552,3.965724,8239000.0,75.0,Re,I,1.436228,2.5,5.401912,2.5,CB,1.0,6.0
25266,312.8949,3.961378,94170000.0,75.0,Re,I,2.0605279999999997,4.5,6.021866999999999,5.5,CB,1.0,12.0
25385,313.4027,3.954961,72210000.0,75.0,Re,I,1.955283,2.5,5.910204,3.5,CB,1.0,8.0
25531,313.98,3.947689,21380000.0,75.0,Re,I,2.148748,3.5,6.0963970000000005,4.5,CB,1.0,10.0
25539,313.9947,3.947504,32960000.0,75.0,Re,I,1.8803310000000002,0.5,5.827795,1.5,CB,1.0,4.0
25579,314.1381,3.945701,21210000.0,75.0,Re,I,1.436228,2.5,5.38189,3.5,CB,1.0,8.0
25806,315.1165,3.9334519999999995,76710000.0,75.0,Re,I,2.412471,2.5,6.345883000000001,1.5,CB,1.0,4.0
25815,315.1641,3.932858,76510000.0,75.0,Re,I,1.762666,3.5,5.6954839999999995,3.5,CB,1.0,8.0
25855,315.3782,3.930187,22710000.0,75.0,Re,I,1.457375,4.5,5.387523000000001,4.5,CB,1.0,10.0
25970,315.8309,3.9245550000000002,30330000.0,75.0,Re,I,1.457375,4.5,5.38189,3.5,CB,1.0,8.0
26114,316.452,3.9168529999999997,63840000.0,75.0,Re,I,1.8669779999999998,3.5,5.783791000000001,2.5,CB,1.0,6.0
26175,316.7157,3.91359,15470000.0,75.0,Re,I,2.0605279999999997,4.5,5.974079,3.5,CB,1.0,8.0
26214,316.8376,3.912085,135800000.0,75.0,Re,I,2.021829,5.5,5.933875,5.5,CB,1.0,12.0
26324,317.309,3.906274,27090000.0,75.0,Re,I,1.71422,1.5,5.620455000000001,2.5,CB,1.0,6.0
26358,317.4614,3.9043980000000005,55250000.0,75.0,Re,I,1.81283,2.5,5.717189,2.5,CB,1.0,6.0
26361,317.4776,3.9042,112500000.0,75.0,Re,I,3.3637089999999996,6.5,7.267869,5.5,CB,1.0,12.0
26425,317.7714,3.900589,44820000.0,75.0,Re,I,1.436228,2.5,5.336778,2.5,CB,1.0,6.0
26449,317.8608,3.899492,72650000.0,75.0,Re,I,1.8669779999999998,3.5,5.766431,2.5,CB,1.0,6.0
26553,318.2666,3.8945199999999995,36750000.0,75.0,Re,I,2.412471,2.5,6.306952,3.5,CB,1.0,8.0
26560,318.2867,3.894275,285200000.0,75.0,Re,I,2.349513,2.5,6.243749,3.5,CB,1.0,8.0
26614,318.4754,3.8919669999999997,707200000.0,75.0,Re,I,2.349513,2.5,6.241441,2.5,CB,1.0,6.0
26635,318.5568,3.8909730000000002,1060000000.0,75.0,Re,I,2.349513,2.5,6.2404470000000005,1.5,CB,1.0,4.0
26648,318.6285,3.8900980000000005,97300000.0,75.0,Re,I,3.377811,5.5,7.267869,5.5,CB,1.0,12.0
26744,319.017,3.88536,168000000.0,75.0,Re,I,2.024353,1.5,5.909675,0.5,CB,1.0,2.0
26800,319.2361,3.882693,45980000.0,75.0,Re,I,1.81283,2.5,5.6954839999999995,3.5,CB,1.0,8.0
26825,319.3197,3.881678,70180000.0,75.0,Re,I,2.7474950000000002,4.5,6.629134,5.5,CB,1.0,12.0
26853,319.4496,3.8801,39990000.0,75.0,Re,I,1.8669779999999998,3.5,5.747038,3.5,CB,1.0,8.0
26944,319.8576,3.87515,76190000.0,75.0,Re,I,1.81283,2.5,5.687941,1.5,CB,1.0,4.0
26967,319.9488,3.8740449999999997,10730000.0,75.0,Re,I,1.762666,3.5,5.636672,3.5,CB,1.0,8.0
26976,320.0033,3.873386,29130000.0,75.0,Re,I,2.0605279999999997,4.5,5.933875,5.5,CB,1.0,12.0
26991,320.0722,3.872551,48010000.0,75.0,Re,I,1.955283,2.5,5.827795,1.5,CB,1.0,4.0
27064,320.4239,3.868301,168400000.0,75.0,Re,I,2.021829,5.5,5.890091,6.5,CB,1.0,14.0
27087,320.5415,3.866883,55220000.0,75.0,Re,I,3.065413,3.5,6.932257000000001,4.5,CB,1.0,10.0
27229,321.1747,3.8592589999999998,16610000.0,75.0,Re,I,1.762666,3.5,5.621886,4.5,CB,1.0,10.0
27257,321.2938,3.857828,23550000.0,75.0,Re,I,1.762666,3.5,5.620455000000001,2.5,CB,1.0,6.0
27288,321.4106,3.8564269999999996,76490000.0,75.0,Re,I,3.266855,6.5,7.1232429999999995,6.5,CB,1.0,14.0
27560,322.7455,3.8404760000000002,58090000.0,75.0,Re,I,1.8803310000000002,0.5,5.720768,1.5,CB,1.0,4.0
27589,322.8733,3.8389559999999996,31900000.0,75.0,Re,I,1.955283,2.5,5.794201,1.5,CB,1.0,4.0
27774,323.5944,3.830402,95900000.0,75.0,Re,I,1.71422,1.5,5.5445839999999995,1.5,CB,1.0,4.0
27809,323.7514,3.8285449999999996,26320000.0,75.0,Re,I,1.8669779999999998,3.5,5.6954839999999995,3.5,CB,1.0,8.0
27904,324.1463,3.8238809999999996,12570000.0,75.0,Re,I,1.81283,2.5,5.636672,3.5,CB,1.0,8.0
28046,324.8549,3.81554,26450000.0,75.0,Re,I,2.024353,1.5,5.839855,2.5,CB,1.0,6.0
28136,325.226,3.811186,42790000.0,75.0,Re,I,1.955283,2.5,5.766431,2.5,CB,1.0,6.0
28274,325.8849,3.8034800000000004,292200000.0,75.0,Re,I,2.024353,1.5,5.827795,1.5,CB,1.0,4.0
28291,325.9551,3.802662,75080000.0,75.0,Re,I,1.436228,2.5,5.238852,1.5,CB,1.0,4.0
28343,326.1556,3.800324,136800000.0,75.0,Re,I,1.8803310000000002,0.5,5.6806160000000006,0.5,CB,1.0,2.0
28373,326.2767,3.798914,48810000.0,75.0,Re,I,2.148748,3.5,5.947623999999999,2.5,CB,1.0,6.0
28465,326.6847,3.794169,36520000.0,75.0,Re,I,2.148748,3.5,5.9428790000000005,3.5,CB,1.0,8.0
28509,326.8479,3.792274,30560000.0,75.0,Re,I,2.0605279999999997,4.5,5.852765,4.5,CB,1.0,10.0
28515,326.8894,3.791793,61940000.0,75.0,Re,I,1.955283,2.5,5.747038,3.5,CB,1.0,8.0
28718,327.7706,3.781599,45780000.0,75.0,Re,I,1.81283,2.5,5.594391000000001,1.5,CB,1.0,4.0
28907,328.5669,3.772436,186000000.0,75.0,Re,I,2.137277,0.5,5.909675,0.5,CB,1.0,2.0
28946,328.7124,3.7707650000000004,74170000.0,75.0,Re,I,3.377811,5.5,7.148538,4.5,CB,1.0,10.0
29114,329.4832,3.761944,52490000.0,75.0,Re,I,1.955283,2.5,5.717189,2.5,CB,1.0,6.0
29171,329.6996,3.759475,85010000.0,75.0,Re,I,2.024353,1.5,5.783791000000001,2.5,CB,1.0,6.0
29251,330.0973,3.754946,9696000.0,75.0,Re,I,1.8669779999999998,3.5,5.621886,4.5,CB,1.0,10.0
29265,330.16,3.754233,37440000.0,75.0,Re,I,1.81283,2.5,5.567026,3.5,CB,1.0,8.0
29282,330.2231,3.753515,48770000.0,75.0,Re,I,1.8669779999999998,3.5,5.620455000000001,2.5,CB,1.0,6.0
29294,330.3207,3.752407,427500000.0,75.01,Re,II,1.845207,4.0,5.597576999999999,3.0,CB,2.0,7.0
29309,330.3754,3.751786,15950000.0,75.0,Re,I,1.436228,2.5,5.187976,3.5,CB,1.0,8.0
29399,330.701,3.7480910000000005,61070000.0,75.0,Re,I,3.367578,4.5,7.115632000000001,5.5,CB,1.0,12.0
29541,331.2292,3.742115,23200000.0,75.0,Re,I,2.024353,1.5,5.766431,2.5,CB,1.0,6.0
29595,331.3953,3.740239,43660000.0,75.0,Re,I,1.955283,2.5,5.6954839999999995,3.5,CB,1.0,8.0
29723,331.8673,3.73492,22070000.0,75.0,Re,I,1.71422,1.5,5.449103,2.5,CB,1.0,6.0
29828,332.2481,3.730639,34500000.0,75.0,Re,I,1.457375,4.5,5.187976,3.5,CB,1.0,8.0
29897,332.4938,3.7278830000000003,11760000.0,75.0,Re,I,2.021829,5.5,5.749674,4.5,CB,1.0,10.0
30062,333.1518,3.7205199999999996,18140000.0,75.0,Re,I,1.762666,3.5,5.483149,4.5,CB,1.0,10.0
30171,333.5363,3.7162300000000004,16810000.0,75.0,Re,I,1.436228,2.5,5.1524209999999995,1.5,CB,1.0,4.0
30287,333.9656,3.7114550000000004,146400000.0,75.0,Re,I,2.137277,0.5,5.848694,0.5,CB,1.0,2.0
30408,334.4323,3.7062739999999996,533500000.0,75.0,Re,I,2.5352040000000002,3.5,6.241441,2.5,CB,1.0,6.0
30455,334.6197,3.7041989999999996,62050000.0,75.0,Re,I,1.71422,1.5,5.418382,1.5,CB,1.0,4.0
30610,335.321,3.696452,52590000.0,75.0,Re,I,2.024353,1.5,5.720768,1.5,CB,1.0,4.0
30670,335.5272,3.694181,146000000.0,75.0,Re,I,2.780077,1.5,6.47422,2.5,CB,1.0,6.0
30686,335.6329,3.693018,105400000.0,75.0,Re,I,2.7474950000000002,4.5,6.440476,5.5,CB,1.0,12.0
30721,335.8032,3.6911440000000004,68160000.0,75.0,Re,I,2.148748,3.5,5.839855,2.5,CB,1.0,6.0
30749,335.9229,3.689829,125400000.0,75.0,Re,I,2.9299720000000002,4.5,6.619764,3.5,CB,1.0,8.0
30793,336.1143,3.687729,20080000.0,75.0,Re,I,1.71422,1.5,5.401912,2.5,CB,1.0,6.0
30851,336.2746,3.685971,13250000.0,75.0,Re,I,1.436228,2.5,5.122162,2.5,CB,1.0,6.0
30919,336.5738,3.682694,119300000.0,75.0,Re,I,2.870831,2.5,6.5534870000000005,3.5,CB,1.0,8.0
31227,337.7739,3.6696089999999995,29340000.0,75.0,Re,I,2.021829,5.5,5.691402,5.5,CB,1.0,12.0
31265,337.9064,3.668171,443900000.0,75.01,Re,II,1.7794459999999999,2.0,5.44758,2.0,CB,2.0,5.0
31281,337.9698,3.6674830000000003,15600000.0,75.0,Re,I,1.436228,2.5,5.103674,3.5,CB,1.0,8.0
31395,338.4491,3.662289,178600000.0,75.0,Re,I,3.367578,4.5,7.029831,3.5,CB,1.0,8.0
31432,338.576,3.660917,44930000.0,75.0,Re,I,1.81283,2.5,5.47371,1.5,CB,1.0,4.0
31535,338.9423,3.6569599999999998,112600000.0,75.0,Re,I,2.137277,0.5,5.794201,1.5,CB,1.0,4.0
31561,339.0262,3.6560550000000003,126000000.0,75.0,Re,I,2.7474950000000002,4.5,6.403514,3.5,CB,1.0,8.0
31666,339.4123,3.651897,47790000.0,75.0,Re,I,2.699805,3.5,6.351666000000001,3.5,CB,1.0,8.0
31748,339.7201,3.6485879999999997,47370000.0,75.0,Re,I,3.266855,6.5,6.915406,6.5,CB,1.0,14.0
31800,339.9299,3.6463360000000002,194100000.0,75.0,Re,I,1.457375,4.5,5.103674,3.5,CB,1.0,8.0
31922,340.472,3.6405309999999997,29970000.0,75.0,Re,I,1.436228,2.5,5.076723,3.5,CB,1.0,8.0
31952,340.5888,3.6392830000000003,83420000.0,75.0,Re,I,1.762666,3.5,5.401912,2.5,CB,1.0,6.0
32010,340.8672,3.636309,33930000.0,75.0,Re,I,1.81283,2.5,5.449103,2.5,CB,1.0,6.0
32041,340.9826,3.6350800000000003,100100000.0,75.0,Re,I,2.148748,3.5,5.783791000000001,2.5,CB,1.0,6.0
32122,341.3742,3.6309099999999996,9959000.0,75.0,Re,I,2.0605279999999997,4.5,5.691402,5.5,CB,1.0,12.0
32205,341.776,3.6266410000000002,49920000.0,75.0,Re,I,1.8669779999999998,3.5,5.493582,2.5,CB,1.0,6.0
32248,341.9408,3.624893,59700000.0,75.0,Re,I,1.762666,3.5,5.387523000000001,4.5,CB,1.0,10.0
32274,342.076,3.6234610000000003,14240000.0,75.0,Re,I,1.436228,2.5,5.059653,1.5,CB,1.0,4.0
32375,342.4613,3.6193839999999997,364400000.0,75.0,Re,I,1.457375,4.5,5.076723,3.5,CB,1.0,8.0
32407,342.6189,3.617719,119200000.0,75.0,Re,I,2.148748,3.5,5.766431,2.5,CB,1.0,6.0
32438,342.7621,3.6162080000000003,27790000.0,75.0,Re,I,1.8669779999999998,3.5,5.483149,4.5,CB,1.0,10.0
32697,343.7717,3.6055879999999996,64460000.0,75.0,Re,I,1.81283,2.5,5.418382,1.5,CB,1.0,4.0
32825,344.2964,3.600093,7586000.0,75.0,Re,I,2.021829,5.5,5.621886,4.5,CB,1.0,10.0
32987,344.9362,3.5934150000000002,90440000.0,75.0,Re,I,1.8803310000000002,0.5,5.47371,1.5,CB,1.0,4.0
33035,345.1865,3.590811,18020000.0,75.0,Re,I,0.0,2.5,3.590775,1.5,DSL,1.0,4.0
33078,345.3281,3.5893379999999997,21640000.0,75.0,Re,I,1.955283,2.5,5.5445839999999995,1.5,CB,1.0,4.0
33082,345.3493,3.589118,30850000.0,75.0,Re,I,1.81283,2.5,5.401912,2.5,CB,1.0,6.0
33217,345.888,3.583528,66670000.0,75.0,Re,I,2.137277,0.5,5.720768,1.5,CB,1.0,4.0
33255,346.0448,3.5819050000000003,31810000.0,75.0,Re,I,0.0,2.5,3.581869,3.5,DSL,1.0,8.0
33375,346.471,3.5774980000000003,24910000.0,75.0,Re,I,0.0,2.5,3.577462,2.5,DSL,1.0,6.0
33565,347.2717,3.5692489999999997,2293000.0,75.0,Re,I,1.81283,2.5,5.3820440000000005,1.5,DSL,1.0,4.0
33644,347.6441,3.5654269999999997,25030000.0,75.0,Re,I,1.8669779999999998,3.5,5.4323690000000004,3.5,CB,1.0,8.0
33661,347.7136,3.564714,69410000.0,75.0,Re,I,3.367578,4.5,6.932257000000001,4.5,CB,1.0,10.0
33747,348.0378,3.5613940000000004,51360000.0,75.0,Re,I,2.0605279999999997,4.5,5.621886,4.5,CB,1.0,10.0
33755,348.085,3.56091,58670000.0,75.0,Re,I,1.81283,2.5,5.373704,1.5,CB,1.0,4.0
33790,348.2236,3.5594930000000002,137100000.0,75.0,Re,I,2.7474950000000002,4.5,6.306952,3.5,CB,1.0,8.0
33978,349.086,3.5507,41300000.0,75.0,Re,I,2.137277,0.5,5.687941,1.5,CB,1.0,4.0
34053,349.4726,3.5467720000000003,15270000.0,75.0,Re,I,2.148748,3.5,5.6954839999999995,3.5,CB,1.0,8.0
34248,350.2725,3.538673,44350000.0,75.0,Re,I,2.539411,1.5,6.078049,2.5,CB,1.0,6.0
34256,350.306,3.538335,90540000.0,75.0,Re,I,1.955283,2.5,5.493582,2.5,CB,1.0,6.0
34462,351.2285,3.5290410000000003,10080000.0,75.0,Re,I,2.0605279999999997,4.5,5.589534,5.5,CB,1.0,12.0
34563,351.6644,3.524667,43610000.0,75.0,Re,I,1.71422,1.5,5.238852,1.5,CB,1.0,4.0
34580,351.7326,3.5239839999999996,36580000.0,75.0,Re,I,1.81283,2.5,5.336778,2.5,CB,1.0,6.0
34655,352.0726,3.5205800000000003,6175000.0,75.0,Re,I,1.8669779999999998,3.5,5.387523000000001,4.5,CB,1.0,10.0
34829,352.9212,3.5121160000000002,8819000.0,75.0,Re,I,2.0605279999999997,4.5,5.572609,3.5,CB,1.0,8.0
34946,353.4824,3.50654,17540000.0,75.0,Re,I,2.0605279999999997,4.5,5.567033,3.5,CB,1.0,8.0
35002,353.7461,3.5039260000000003,11050000.0,75.0,Re,I,1.436228,2.5,4.940119,3.5,CB,1.0,8.0
35041,353.9327,3.502079,100900000.0,75.0,Re,I,2.412471,2.5,5.914515,1.5,CB,1.0,4.0
35059,353.9943,3.501469,26050000.0,75.0,Re,I,2.7474950000000002,4.5,6.248929,4.5,CB,1.0,10.0
35303,354.9886,3.4916620000000003,5679000.0,75.0,Re,I,1.457375,4.5,4.949002,5.5,CB,1.0,12.0
35335,355.13,3.490272,85120000.0,75.0,Re,I,2.7474950000000002,4.5,6.237732,3.5,CB,1.0,8.0
35401,355.3654,3.4879599999999997,27510000.0,75.0,Re,I,2.148748,3.5,5.636672,3.5,CB,1.0,8.0
35530,355.894,3.4827800000000004,5599000.0,75.0,Re,I,1.457375,4.5,4.940119,3.5,CB,1.0,8.0
35674,356.4732,3.477121,8644000.0,75.0,Re,I,1.955283,2.5,5.4323690000000004,3.5,CB,1.0,8.0
35775,356.8232,3.47371,99760000.0,75.0,Re,I,3.065413,3.5,6.539088,4.5,CB,1.0,10.0
35838,357.0255,3.471742,52520000.0,75.0,Re,I,2.148748,3.5,5.620455000000001,2.5,CB,1.0,6.0
36056,357.913,3.4631339999999997,74860000.0,75.0,Re,I,1.955283,2.5,5.418382,1.5,CB,1.0,4.0
36096,358.0969,3.461355,62500000.0,75.0,Re,I,2.021829,5.5,5.483149,4.5,CB,1.0,10.0
36137,358.3018,3.4593760000000002,21150000.0,75.0,Re,I,1.457375,4.5,4.916716,4.5,CB,1.0,10.0
36348,359.0879,3.451803,74370000.0,75.0,Re,I,2.780077,1.5,6.231845,1.5,CB,1.0,4.0
36450,359.5164,3.447689,30370000.0,75.0,Re,I,2.699805,3.5,6.14746,4.5,CB,1.0,10.0
36540,359.8767,3.444237,63590000.0,75.0,Re,I,2.870831,2.5,6.315033000000001,2.5,CB,1.0,6.0
36670,360.4389,3.4388650000000003,56500000.0,75.0,Re,I,2.780077,1.5,6.218907,2.5,CB,1.0,6.0
36831,361.0493,3.4330510000000003,12290000.0,75.0,Re,I,2.021829,5.5,5.454846,5.5,CB,1.0,12.0
37009,361.7085,3.426795,4843000.0,75.0,Re,I,1.955283,2.5,5.3820440000000005,1.5,DSL,1.0,4.0
37018,361.7247,3.4266410000000005,7835000.0,75.0,Re,I,1.955283,2.5,5.38189,3.5,CB,1.0,8.0
37126,362.146,3.4226550000000002,15710000.0,75.0,Re,I,2.0605279999999997,4.5,5.483149,4.5,CB,1.0,10.0
37230,362.5909,3.418456,30410000.0,75.0,Re,I,1.955283,2.5,5.373704,1.5,CB,1.0,4.0
37302,362.9197,3.4153589999999996,32520000.0,75.0,Re,I,2.412471,2.5,5.827795,1.5,CB,1.0,4.0
37506,363.706,3.407975,10100000.0,75.0,Re,I,1.71422,1.5,5.122162,2.5,CB,1.0,6.0
37529,363.7846,3.407239,4306000.0,75.0,Re,I,1.436228,2.5,4.843433,2.5,DSL,1.0,6.0
37643,364.2982,3.4024360000000002,694700.0,75.0,Re,I,1.457375,4.5,4.859776,5.5,CB,1.0,12.0
37865,365.1658,3.3943519999999996,6162000.0,75.0,Re,I,2.0605279999999997,4.5,5.454846,5.5,CB,1.0,12.0
37877,365.1969,3.3940629999999996,94790000.0,75.0,Re,I,2.024353,1.5,5.418382,1.5,CB,1.0,4.0
37917,365.3619,3.392531,39670000.0,75.0,Re,I,2.9299720000000002,4.5,6.322469,4.5,CB,1.0,10.0
38050,366.0522,3.386133,39590000.0,75.0,Re,I,3.377811,5.5,6.763910000000001,5.5,CB,1.0,12.0
38097,366.212,3.3846550000000004,32090000.0,75.0,Re,I,3.41134,4.5,6.795961,4.5,CB,1.0,10.0
38279,366.9778,3.377593,16460000.0,75.0,Re,I,2.024353,1.5,5.401912,2.5,CB,1.0,6.0
38291,367.0365,3.3770519999999995,40220000.0,75.0,Re,I,2.970165,5.5,6.3471839999999995,4.5,CB,1.0,10.0
38296,367.0523,3.376907,1925000.0,75.0,Re,I,1.762666,3.5,5.139539,4.5,DSL,1.0,10.0
38342,367.2401,3.3751800000000003,5022000.0,75.0,Re,I,1.81283,2.5,5.187976,3.5,CB,1.0,8.0
38434,367.6001,3.371875,6608000.0,75.0,Re,I,2.0605279999999997,4.5,5.4323690000000004,3.5,CB,1.0,8.0
38531,368.0203,3.368025,31910000.0,75.0,Re,I,3.028364,2.5,6.396355000000001,2.5,CB,1.0,6.0
38558,368.1283,3.3670370000000003,120500000.0,75.0,Re,I,3.239902,1.5,6.606905,0.5,CB,1.0,2.0
38741,368.951,3.359529,61910000.0,75.0,Re,I,1.762666,3.5,5.122162,2.5,CB,1.0,6.0
38781,369.1493,3.3577239999999997,23300000.0,75.0,Re,I,2.024353,1.5,5.3820440000000005,1.5,DSL,1.0,4.0
38925,369.7703,3.3520849999999998,96590000.0,75.0,Re,I,3.365071,3.5,6.717123,3.5,CB,1.0,8.0
39062,370.3239,3.347075,5231000.0,75.0,Re,I,1.71422,1.5,5.061262,2.5,DSL,1.0,6.0
39099,370.4839,3.345629,11360000.0,75.0,Re,I,1.71422,1.5,5.0598160000000005,0.5,CB,1.0,2.0
39107,370.502,3.3454660000000005,9644000.0,75.0,Re,I,1.71422,1.5,5.059653,1.5,CB,1.0,4.0
39220,370.9926,3.341042,12650000.0,75.0,Re,I,1.762666,3.5,5.103674,3.5,CB,1.0,8.0
39345,371.5013,3.336467,8549000.0,75.0,Re,I,2.137277,0.5,5.47371,1.5,CB,1.0,4.0
39419,371.7277,3.334435,36600000.0,75.0,Re,I,2.148748,3.5,5.483149,4.5,CB,1.0,10.0
39789,373.1871,3.321395,14030000.0,75.0,Re,I,2.0605279999999997,4.5,5.38189,3.5,CB,1.0,8.0
39803,373.228,3.3210319999999998,9054000.0,75.0,Re,I,1.8669779999999998,3.5,5.187976,3.5,CB,1.0,8.0
39866,373.499,3.318622,6112000.0,75.0,Re,I,1.457375,4.5,4.775963,3.5,CB,1.0,8.0
39873,373.5314,3.3183339999999997,362400000.0,75.0,Re,I,2.9299720000000002,4.5,6.248273,4.5,CB,1.0,10.0
39910,373.6846,3.3169739999999996,36370000.0,75.0,Re,I,3.065413,3.5,6.382353,2.5,CB,1.0,6.0
39989,374.0098,3.31409,45190000.0,75.0,Re,I,1.762666,3.5,5.076723,3.5,CB,1.0,8.0
39998,374.0414,3.3138099999999997,78510000.0,75.0,Re,I,2.9299720000000002,4.5,6.243749,3.5,CB,1.0,8.0
40039,374.2264,3.3121720000000003,198900000.0,75.01,Re,II,2.135442,2.0,5.44758,2.0,CB,2.0,5.0
40116,374.5438,3.309365,22320000.0,75.0,Re,I,1.81283,2.5,5.122162,2.5,CB,1.0,6.0
40373,375.5625,3.300388,12480000.0,75.0,Re,I,2.148748,3.5,5.449103,2.5,CB,1.0,6.0
40658,376.648,3.2908769999999996,7567000.0,75.0,Re,I,1.81283,2.5,5.103674,3.5,CB,1.0,8.0
40932,377.7659,3.281138,30720000.0,75.0,Re,I,2.137277,0.5,5.418382,1.5,CB,1.0,4.0
41151,378.7522,3.272594,4337000.0,75.0,Re,I,1.8669779999999998,3.5,5.139539,4.5,DSL,1.0,10.0
41383,379.6596,3.264773,6967000.0,75.0,Re,I,1.436228,2.5,4.700969000000001,1.5,CB,1.0,4.0
41411,379.7582,3.263925,8162000.0,75.0,Re,I,1.81283,2.5,5.076723,3.5,CB,1.0,8.0
41655,380.7742,3.255217,14270000.0,75.0,Re,I,1.8669779999999998,3.5,5.122162,2.5,CB,1.0,6.0
41851,381.5657,3.248464,1266000.0,75.0,Re,I,1.81283,2.5,5.061262,2.5,DSL,1.0,6.0
43163,386.9934,3.202905,14080000.0,75.0,Re,I,2.021829,5.5,5.224702,4.5,CB,1.0,10.0
43298,387.5254,3.1985080000000004,6014000.0,75.0,Re,I,1.436228,2.5,4.634704,2.5,CB,1.0,6.0
43341,387.6875,3.1971700000000003,29840000.0,75.0,Re,I,1.955283,2.5,5.1524209999999995,1.5,CB,1.0,4.0
43595,388.7481,3.188448,67830000.0,75.0,Re,I,3.365071,3.5,6.5534870000000005,3.5,CB,1.0,8.0
43608,388.7951,3.188062,10150000.0,75.0,Re,I,2.148748,3.5,5.336778,2.5,CB,1.0,6.0
43667,388.9965,3.186412,16780000.0,75.0,Re,I,2.7474950000000002,4.5,5.933875,5.5,CB,1.0,12.0
43834,389.6106,3.18139,37200000.0,75.0,Re,I,2.539411,1.5,5.720768,1.5,CB,1.0,4.0
43950,390.0894,3.177485,3079000.0,75.0,Re,I,1.762666,3.5,4.940119,3.5,CB,1.0,8.0
44112,390.8205,3.171541,67600000.0,75.0,Re,I,3.367578,4.5,6.539088,4.5,CB,1.0,10.0
44262,391.392,3.1669099999999997,10010000.0,75.0,Re,I,1.955283,2.5,5.122162,2.5,CB,1.0,6.0
44349,391.7266,3.164205,22280000.0,75.0,Re,I,2.0605279999999997,4.5,5.224702,4.5,CB,1.0,10.0
44440,392.0855,3.161309,40470000.0,75.0,Re,I,3.377811,5.5,6.539088,4.5,CB,1.0,10.0
44621,392.7596,3.155883,3447000.0,75.0,Re,I,1.762666,3.5,4.918518,2.5,CB,1.0,6.0
44684,392.9839,3.154082,16040000.0,75.0,Re,I,1.762666,3.5,4.916716,4.5,CB,1.0,10.0
44723,393.1199,3.152991,14960000.0,75.0,Re,I,2.699805,3.5,5.852765,4.5,CB,1.0,10.0
44868,393.6903,3.1484229999999997,7771000.0,75.0,Re,I,1.955283,2.5,5.103674,3.5,CB,1.0,8.0
44988,394.1496,3.1447540000000003,20440000.0,75.0,Re,I,2.4496689999999997,0.5,5.594391000000001,1.5,CB,1.0,4.0
45083,394.4726,3.142179,95230000.0,75.0,Re,I,3.41134,4.5,6.5534870000000005,3.5,CB,1.0,8.0
45209,395.0625,3.1374880000000003,5604000.0,75.0,Re,I,1.81283,2.5,4.950286,1.5,CB,1.0,4.0
45301,395.4428,3.13447,24410000.0,75.0,Re,I,2.780077,1.5,5.914515,1.5,CB,1.0,4.0
45441,396.1033,3.129244,1660000.0,75.0,Re,I,1.71422,1.5,4.843433,2.5,DSL,1.0,6.0
45474,396.2482,3.128099,44250000.0,75.0,Re,I,2.024353,1.5,5.1524209999999995,1.5,CB,1.0,4.0
45492,396.3267,3.127479,4118000.0,75.0,Re,I,2.0605279999999997,4.5,5.187976,3.5,CB,1.0,8.0
45531,396.4809,3.1262630000000002,11410000.0,75.0,Re,I,2.970165,5.5,6.0963970000000005,4.5,CB,1.0,10.0
45594,396.7396,3.124225,22580000.0,75.0,Re,I,2.7474950000000002,4.5,5.871688,3.5,CB,1.0,8.0
45783,397.5646,3.117742,226500.0,75.0,Re,I,2.021829,5.5,5.139539,4.5,DSL,1.0,10.0
46131,399.1037,3.1057189999999997,1752000.0,75.0,Re,I,1.81283,2.5,4.918518,2.5,CB,1.0,6.0
46443,400.4928,3.0949470000000003,31380000.0,75.0,Re,I,2.4496689999999997,0.5,5.5445839999999995,1.5,CB,1.0,4.0
46606,401.2251,3.089298,88110000.0,75.0,Re,I,3.305596,2.5,6.394863,1.5,CB,1.0,4.0
46729,401.8404,3.084568,15840000.0,75.0,Re,I,3.377811,5.5,6.462348,6.5,CB,1.0,14.0
46828,402.3322,3.080798,597800.0,75.0,Re,I,1.762666,3.5,4.843433,2.5,DSL,1.0,6.0
46934,402.8518,3.0768240000000002,30580000.0,75.0,Re,I,2.870831,2.5,5.947623999999999,2.5,CB,1.0,6.0
47048,403.3305,3.073173,8699000.0,75.0,Re,I,1.8669779999999998,3.5,4.940119,3.5,CB,1.0,8.0
47138,403.7491,3.069986,8904000.0,75.0,Re,I,1.8803310000000002,0.5,4.950286,1.5,CB,1.0,4.0
47656,406.1857,3.051571,2560000.0,75.0,Re,I,1.8669779999999998,3.5,4.918518,2.5,CB,1.0,6.0
48064,408.1427,3.036939,2655000.0,75.0,Re,I,2.024353,1.5,5.061262,2.5,DSL,1.0,6.0
48104,408.3371,3.035493,10490000.0,75.0,Re,I,2.024353,1.5,5.0598160000000005,0.5,CB,1.0,2.0
48113,408.3591,3.03533,5245000.0,75.0,Re,I,2.024353,1.5,5.059653,1.5,CB,1.0,4.0
48251,408.9919,3.0306330000000004,241200.0,75.0,Re,I,1.81283,2.5,4.843433,2.5,DSL,1.0,6.0
48556,410.4417,3.0199279999999997,17150000.0,75.0,Re,I,2.412471,2.5,5.4323690000000004,3.5,CB,1.0,8.0
48695,411.0888,3.015175,31190000.0,75.0,Re,I,2.137277,0.5,5.1524209999999995,1.5,CB,1.0,4.0
48751,411.3409,3.013327,1388000.0,75.0,Re,I,1.762666,3.5,4.775963,3.5,CB,1.0,8.0
48893,412.1602,3.0073380000000003,40330000.0,75.0,Re,I,2.5352040000000002,3.5,5.542511,2.5,CB,1.0,6.0
49150,413.3425,2.998735,6685000.0,75.0,Re,I,2.021829,5.5,5.020534,6.5,CB,1.0,14.0
49205,413.645,2.996542,3553000.0,75.0,Re,I,1.457375,4.5,4.453887,4.5,DSL,1.0,10.0
49232,413.7601,2.995709,11410000.0,75.0,Re,I,2.699805,3.5,5.6954839999999995,3.5,CB,1.0,8.0
49369,414.4363,2.990821,4775000.0,75.0,Re,I,2.148748,3.5,5.139539,4.5,DSL,1.0,10.0
49471,414.9973,2.9867779999999997,6695000.0,75.0,Re,I,1.71422,1.5,4.700969000000001,1.5,CB,1.0,4.0
49523,415.229,2.985112,206700000.0,75.0,Re,I,4.1645199999999996,1.5,7.149602000000001,1.5,CB,1.0,4.0
49530,415.2631,2.984866,2061000.0,75.0,Re,I,1.955283,2.5,4.940119,3.5,CB,1.0,8.0
49663,415.9921,2.979635,51960000.0,75.0,Re,I,3.367578,4.5,6.3471839999999995,4.5,CB,1.0,10.0
49864,417.0361,2.9721759999999997,96280000.0,75.0,Re,I,3.41134,4.5,6.383486,4.5,CB,1.0,10.0
50120,418.2904,2.963264,11560000.0,75.0,Re,I,1.955283,2.5,4.918518,2.5,CB,1.0,6.0
50122,418.3048,2.963163,6278000.0,75.0,Re,I,1.81283,2.5,4.775963,3.5,CB,1.0,8.0
50341,419.4665,2.954956,5437000.0,75.0,Re,I,2.148748,3.5,5.103674,3.5,CB,1.0,8.0
50544,420.4536,2.948019,20580000.0,75.0,Re,I,2.7474950000000002,4.5,5.6954839999999995,3.5,CB,1.0,8.0
50727,421.3266,2.94191,48030000.0,75.0,Re,I,3.365071,3.5,6.306952,3.5,CB,1.0,8.0
50868,422.1074,2.9364689999999998,9883000.0,75.0,Re,I,1.436228,2.5,4.372667,2.5,CB,1.0,6.0
50993,422.7466,2.932029,322600000.0,75.0,Re,I,2.349513,2.5,5.281512,3.5,CB,1.0,8.0
51170,423.6232,2.9259619999999997,3372000.0,75.0,Re,I,2.024353,1.5,4.950286,1.5,CB,1.0,4.0
51271,424.1151,2.9225689999999998,19860000.0,75.0,Re,I,2.137277,0.5,5.0598160000000005,0.5,CB,1.0,2.0
51278,424.1388,2.922405,16470000.0,75.0,Re,I,2.137277,0.5,5.059653,1.5,CB,1.0,4.0
51390,424.6822,2.918666,108300000.0,75.0,Re,I,4.279965,3.5,7.198602,3.5,CB,1.0,8.0
51537,425.575,2.912543,465300.0,75.0,Re,I,2.148748,3.5,5.061262,2.5,DSL,1.0,6.0
51574,425.76,2.911277,7896000.0,75.0,Re,I,1.762666,3.5,4.673914,2.5,CB,1.0,6.0
52251,429.1171,2.888502,3464000.0,75.0,Re,I,2.0605279999999997,4.5,4.949002,5.5,CB,1.0,12.0
52263,429.1668,2.888168,3950000.0,75.0,Re,I,1.81283,2.5,4.700969000000001,1.5,CB,1.0,4.0
52430,429.9916,2.882628,8072000.0,75.0,Re,I,2.970165,5.5,5.852765,4.5,CB,1.0,10.0
52507,430.4407,2.87962,8375000.0,75.0,Re,I,2.0605279999999997,4.5,4.940119,3.5,CB,1.0,8.0
52729,431.4578,2.872832,5382000.0,75.0,Re,I,2.699805,3.5,5.572609,3.5,CB,1.0,8.0
52801,431.8589,2.870164,36650000.0,75.0,Re,I,3.41134,4.5,6.281475,5.5,CB,1.0,12.0
52819,431.9524,2.869543,954800.0,75.0,Re,I,1.81283,2.5,4.6823440000000005,3.5,CB,1.0,8.0
53073,433.2251,2.861113,6199000.0,75.0,Re,I,1.81283,2.5,4.673914,2.5,CB,1.0,6.0
53542,435.8678,2.843766,3648000.0,75.0,Re,I,1.436228,2.5,4.279965,3.5,CB,1.0,8.0
53706,436.7571,2.837976,4510000.0,75.0,Re,I,2.021829,5.5,4.859776,5.5,CB,1.0,12.0
54149,439.1334,2.822619,1335000.0,75.0,Re,I,1.457375,4.5,4.279965,3.5,CB,1.0,8.0
54177,439.2449,2.821902,1997000.0,75.0,Re,I,1.81283,2.5,4.634704,2.5,CB,1.0,6.0
54212,439.4308,2.820708,10590000.0,75.0,Re,I,1.955283,2.5,4.775963,3.5,CB,1.0,8.0
54258,439.6803,2.8191080000000004,397600.0,75.0,Re,I,2.024353,1.5,4.843433,2.5,DSL,1.0,6.0
54350,440.2602,2.815394,1920000.0,75.0,Re,I,1.8669779999999998,3.5,4.6823440000000005,3.5,CB,1.0,8.0
54418,440.646,2.8129299999999997,2990000.0,75.0,Re,I,2.021829,5.5,4.83473,4.5,CB,1.0,10.0
54593,441.5824,2.806965,5698000.0,75.0,Re,I,1.8669779999999998,3.5,4.673914,2.5,CB,1.0,6.0
55040,444.0448,2.7914,2606000.0,75.0,Re,I,2.148748,3.5,4.940119,3.5,CB,1.0,8.0
55278,445.391,2.782962,40400000.0,75.0,Re,I,4.453887,4.5,7.236821000000001,4.5,CB,1.0,10.0
55289,445.4643,2.782505,1186000.0,75.0,Re,I,1.81283,2.5,4.595307,1.5,CB,1.0,4.0
55461,446.3533,2.7769630000000003,96040000.0,75.0,Re,I,4.372667,2.5,7.149602000000001,1.5,CB,1.0,4.0
55533,446.7543,2.774471,13660000.0,75.0,Re,I,3.065413,3.5,5.839855,2.5,CB,1.0,6.0
55539,446.793,2.7742299999999998,2206000.0,75.0,Re,I,2.0605279999999997,4.5,4.83473,4.5,CB,1.0,10.0
55650,447.508,2.7697979999999998,8397000.0,75.0,Re,I,2.148748,3.5,4.918518,2.5,CB,1.0,6.0
55693,447.7993,2.767996,2641000.0,75.0,Re,I,2.148748,3.5,4.916716,4.5,CB,1.0,10.0
55699,447.8384,2.767754,3495000.0,75.0,Re,I,1.8669779999999998,3.5,4.634704,2.5,CB,1.0,6.0
56009,449.6426,2.7566490000000003,8075000.0,75.0,Re,I,2.4496689999999997,0.5,5.20629,0.5,CB,1.0,2.0
56156,450.7022,2.750168,122400000.0,75.0,Re,I,3.577462,2.5,6.327603,2.5,CB,1.0,6.0
56167,450.8003,2.7495689999999997,76530000.0,75.0,Re,I,3.577462,2.5,6.3270040000000005,1.5,CB,1.0,4.0
56257,451.3311,2.746336,252200000.0,75.0,Re,I,2.5352040000000002,3.5,5.281512,3.5,CB,1.0,8.0
56306,451.661,2.7443299999999997,195500000.0,75.0,Re,I,3.577462,2.5,6.321765,3.5,CB,1.0,8.0
56356,451.9735,2.742433,80450000.0,75.0,Re,I,3.577462,2.5,6.319868,2.5,CB,1.0,6.0
56402,452.2712,2.740627,304100000.0,75.0,Re,I,3.581869,3.5,6.322469,4.5,CB,1.0,10.0
56424,452.3874,2.739923,91150000.0,75.0,Re,I,3.581869,3.5,6.321765,3.5,CB,1.0,8.0
56501,452.8945,2.736856,71410000.0,75.0,Re,I,3.590775,1.5,6.327603,2.5,CB,1.0,6.0
56518,452.9936,2.736257,181800000.0,75.0,Re,I,3.590775,1.5,6.3270040000000005,1.5,CB,1.0,4.0
56531,453.0888,2.735682,6188000.0,75.0,Re,I,2.7474950000000002,4.5,5.483149,4.5,CB,1.0,10.0
56703,454.1782,2.72912,40860000.0,75.0,Re,I,3.590775,1.5,6.319868,2.5,CB,1.0,6.0
56754,454.5166,2.727088,2487000.0,75.0,Re,I,1.955283,2.5,4.6823440000000005,3.5,CB,1.0,8.0
56985,455.926,2.718658,1614000.0,75.0,Re,I,1.955283,2.5,4.673914,2.5,CB,1.0,6.0
57092,456.5398,2.715003,2055000.0,75.0,Re,I,1.8803310000000002,0.5,4.595307,1.5,CB,1.0,4.0
57314,458.0666,2.705954,1185000.0,75.0,Re,I,1.436228,2.5,4.142155000000001,2.5,CB,1.0,6.0
57472,459.1672,2.699468,4445000.0,75.0,Re,I,2.539411,1.5,5.238852,1.5,CB,1.0,4.0
57681,460.5697,2.691248,261400.0,75.0,Re,I,1.762666,3.5,4.453887,4.5,DSL,1.0,10.0
57818,461.4679,2.686009,717100.0,75.0,Re,I,2.148748,3.5,4.83473,4.5,CB,1.0,10.0
57896,462.1386,2.682111,12340000.0,75.0,Re,I,2.699805,3.5,5.38189,3.5,CB,1.0,8.0
57954,462.598,2.679448,750500.0,75.0,Re,I,1.955283,2.5,4.634704,2.5,CB,1.0,6.0
58013,463.0829,2.6766419999999997,4271000.0,75.0,Re,I,2.024353,1.5,4.700969000000001,1.5,CB,1.0,4.0
58400,466.2478,2.658473,673700.0,75.0,Re,I,1.71422,1.5,4.372667,2.5,CB,1.0,6.0
58656,468.232,2.647208,6038000.0,75.0,Re,I,2.412471,2.5,5.059653,1.5,CB,1.0,4.0
58728,468.7855,2.644082,8371000.0,75.0,Re,I,3.377811,5.5,6.021866999999999,5.5,CB,1.0,12.0
58823,469.5014,2.64005,1044000.0,75.0,Re,I,1.955283,2.5,4.595307,1.5,CB,1.0,4.0
58891,470.0447,2.6369990000000003,6046000.0,75.0,Re,I,2.699805,3.5,5.336778,2.5,CB,1.0,6.0
58941,470.5046,2.6344220000000003,7510000.0,75.0,Re,I,2.7474950000000002,4.5,5.38189,3.5,CB,1.0,8.0
59233,472.5934,2.622778,5455000.0,75.0,Re,I,2.870831,2.5,5.493582,2.5,CB,1.0,6.0
59253,472.7622,2.621842,1554000.0,75.0,Re,I,2.0605279999999997,4.5,4.6823440000000005,3.5,CB,1.0,8.0
59544,474.8386,2.610377,1873000.0,75.0,Re,I,2.024353,1.5,4.634704,2.5,CB,1.0,6.0
59552,474.9022,2.610027,429100.0,75.0,Re,I,1.762666,3.5,4.372667,2.5,CB,1.0,6.0
59691,475.8835,2.604645,486200.0,75.0,Re,I,1.436228,2.5,4.040847,1.5,CB,1.0,4.0
60090,479.1415,2.586935,429500.0,75.0,Re,I,1.8669779999999998,3.5,4.453887,4.5,DSL,1.0,10.0
61326,488.9136,2.535229,1154000.0,75.0,Re,I,0.0,2.5,2.5352040000000002,3.5,DSL,1.0,8.0
61747,492.3911,2.517325,2378000.0,75.0,Re,I,1.762666,3.5,4.279965,3.5,CB,1.0,8.0
62007,494.6726,2.5057150000000004,1436000.0,75.0,Re,I,1.8669779999999998,3.5,4.372667,2.5,CB,1.0,6.0
62459,498.5993,2.485981,2632000.0,75.0,Re,I,2.148748,3.5,4.634704,2.5,CB,1.0,6.0
63291,505.855,2.450324,682000.0,75.0,Re,I,1.71422,1.5,4.1645199999999996,1.5,CB,1.0,4.0
63663,509.6493,2.432082,169600.0,75.0,Re,I,2.021829,5.5,4.453887,4.5,DSL,1.0,10.0
63899,512.0322,2.420764,4238000.0,75.0,Re,I,3.028364,2.5,5.449103,2.5,CB,1.0,6.0
64510,517.8901,2.393383,98950.0,75.0,Re,I,2.0605279999999997,4.5,4.453887,4.5,DSL,1.0,10.0
64544,518.1746,2.392068,167900.0,75.0,Re,I,2.7474950000000002,4.5,5.139539,4.5,DSL,1.0,10.0
65116,523.4315,2.368045,7147000.0,75.0,Re,I,2.870831,2.5,5.238852,1.5,CB,1.0,4.0
65269,524.8867,2.36148,717100.0,75.0,Re,I,2.699805,3.5,5.061262,2.5,DSL,1.0,6.0
65518,527.1001,2.3515639999999998,146900000.0,75.0,Re,I,2.9299720000000002,4.5,5.281512,3.5,CB,1.0,8.0
65577,527.5549,2.349536,302800.0,75.0,Re,I,0.0,2.5,2.349513,2.5,CB,1.0,6.0
65613,527.8242,2.348338,1909000.0,75.0,Re,I,2.024353,1.5,4.372667,2.5,CB,1.0,6.0
66042,531.7274,2.3311,5122000.0,75.0,Re,I,3.305596,2.5,5.636672,3.5,CB,1.0,8.0
66082,532.1273,2.329348,401500.0,75.0,Re,I,1.81283,2.5,4.142155000000001,2.5,CB,1.0,6.0
66142,532.7443,2.32665,674200.0,75.0,Re,I,1.71422,1.5,4.040847,1.5,CB,1.0,4.0
66188,533.1899,2.324706,232800.0,75.0,Re,I,1.955283,2.5,4.279965,3.5,CB,1.0,8.0
66209,533.387,2.323847,3896000.0,75.0,Re,I,3.367578,4.5,5.691402,5.5,CB,1.0,12.0
66608,536.9474,2.308438,6108000.0,75.0,Re,I,3.028364,2.5,5.336778,2.5,CB,1.0,6.0
66613,536.98,2.3082979999999997,1297000.0,75.0,Re,I,1.71422,1.5,4.022494999999999,0.5,CB,1.0,2.0
66677,537.7104,2.3051619999999997,252800.0,75.0,Re,I,2.148748,3.5,4.453887,4.5,DSL,1.0,10.0
67234,543.19,2.281909,50220000.0,75.0,Re,I,4.916716,4.5,7.198602,3.5,CB,1.0,8.0
67286,543.7013,2.279762,3910000.0,75.0,Re,I,2.780077,1.5,5.0598160000000005,0.5,CB,1.0,2.0
67387,544.7917,2.2752,163400.0,75.0,Re,I,1.8669779999999998,3.5,4.142155000000001,2.5,CB,1.0,6.0
67509,546.0647,2.2698959999999997,752200.0,75.0,Re,I,2.412471,2.5,4.6823440000000005,3.5,CB,1.0,8.0
68109,552.0037,2.245474,9288000.0,75.0,Re,I,3.475317,2.5,5.720768,1.5,CB,1.0,4.0
68121,552.1104,2.24504,12640000.0,75.0,Re,I,3.5387730000000004,3.5,5.783791000000001,2.5,CB,1.0,6.0
68229,553.2697,2.240336,2722000.0,75.0,Re,I,2.699805,3.5,4.940119,3.5,CB,1.0,8.0
68540,556.3233,2.228039,709900.0,75.0,Re,I,1.81283,2.5,4.040847,1.5,CB,1.0,4.0
68637,557.3483,2.2239419999999996,505200.0,75.0,Re,I,2.148748,3.5,4.372667,2.5,CB,1.0,6.0
68753,558.4739,2.2194599999999998,306800.0,75.0,Re,I,2.0605279999999997,4.5,4.279965,3.5,CB,1.0,8.0
68974,560.7201,2.210569,2072000.0,75.0,Re,I,3.41134,4.5,5.621886,4.5,CB,1.0,10.0
69554,566.7905,2.1868939999999997,1199000.0,75.0,Re,I,1.955283,2.5,4.142155000000001,2.5,CB,1.0,6.0
69951,571.1421,2.1702310000000002,2873000.0,75.0,Re,I,2.780077,1.5,4.950286,1.5,CB,1.0,4.0
70010,571.6941,2.168136,6879000.0,75.0,Re,I,3.305596,2.5,5.47371,1.5,CB,1.0,4.0
70368,575.2942,2.154568,205100.0,75.0,Re,I,1.436228,2.5,3.590775,1.5,DSL,1.0,4.0
70609,577.6821,2.1456619999999997,106500.0,75.0,Re,I,1.436228,2.5,3.581869,3.5,DSL,1.0,8.0
70761,579.1596,2.140188,351700.0,75.0,Re,I,2.024353,1.5,4.1645199999999996,1.5,CB,1.0,4.0
70990,581.5916,2.131239,126300.0,75.0,Re,I,2.148748,3.5,4.279965,3.5,CB,1.0,8.0
71153,583.4323,2.124515,535600.0,75.0,Re,I,1.457375,4.5,3.581869,3.5,DSL,1.0,8.0
71869,591.9857,2.093819,1178000.0,75.0,Re,I,3.028364,2.5,5.122162,2.5,CB,1.0,6.0
72069,594.3229,2.085585,899000.0,75.0,Re,I,1.955283,2.5,4.040847,1.5,CB,1.0,4.0
72111,595.0222,2.083134,2212000.0,75.0,Re,I,3.5387730000000004,3.5,5.621886,4.5,CB,1.0,10.0
72241,596.9765,2.076315,2877000.0,75.0,Re,I,3.305596,2.5,5.38189,3.5,CB,1.0,8.0
72412,598.9974,2.0693099999999998,583400.0,75.0,Re,I,2.870831,2.5,4.940119,3.5,CB,1.0,8.0
72465,599.5744,2.067318,3274000.0,75.0,Re,I,3.365071,3.5,5.4323690000000004,3.5,CB,1.0,8.0
73290,611.4209,2.0272639999999997,615400.0,75.0,Re,I,2.137277,0.5,4.1645199999999996,1.5,CB,1.0,4.0
73524,614.5812,2.016839,5803000.0,75.0,Re,I,3.365071,3.5,5.38189,3.5,CB,1.0,8.0
73533,614.6802,2.016514,784400.0,75.0,Re,I,2.024353,1.5,4.040847,1.5,CB,1.0,4.0
73898,620.3259,1.998162,546500.0,75.0,Re,I,2.024353,1.5,4.022494999999999,0.5,CB,1.0,2.0
73977,621.7994,1.993427,329900.0,75.0,Re,I,2.148748,3.5,4.142155000000001,2.5,CB,1.0,6.0
74040,622.942,1.98977,10160000.0,75.0,Re,I,3.577462,2.5,5.567213,2.5,CB,1.0,6.0
74117,624.3246,1.985364,11880000.0,75.0,Re,I,3.581869,3.5,5.567213,2.5,CB,1.0,6.0
74308,627.1378,1.9764580000000003,6180000.0,75.0,Re,I,3.590775,1.5,5.567213,2.5,CB,1.0,6.0
74363,627.8779,1.9741279999999999,812800.0,75.0,Re,I,2.699805,3.5,4.673914,2.5,CB,1.0,6.0
74396,628.6427,1.971727,2037000.0,75.0,Re,I,3.365071,3.5,5.336778,2.5,CB,1.0,6.0
74508,630.3431,1.9664080000000002,4505000.0,75.0,Re,I,3.239902,1.5,5.20629,0.5,CB,1.0,2.0
74545,630.7726,1.965069,65460000.0,75.0,Re,I,3.577462,2.5,5.542511,2.5,CB,1.0,6.0
74633,632.1903,1.960662,65170000.0,75.0,Re,I,3.581869,3.5,5.542511,2.5,CB,1.0,6.0
74778,635.075,1.951756,26310000.0,75.0,Re,I,3.590775,1.5,5.542511,2.5,CB,1.0,6.0
74961,638.2933,1.941916,4906000.0,75.0,Re,I,3.694776,2.5,5.636672,3.5,CB,1.0,8.0
75138,641.1461,1.933275,3451000.0,75.0,Re,I,3.305596,2.5,5.238852,1.5,CB,1.0,4.0
75750,651.1446,1.903589,821200.0,75.0,Re,I,2.137277,0.5,4.040847,1.5,CB,1.0,4.0
75771,651.5261,1.902475,3287000.0,75.0,Re,I,3.7889459999999997,5.5,5.691402,5.5,CB,1.0,12.0
75963,654.491,1.893857,567400.0,75.0,Re,I,2.780077,1.5,4.673914,2.5,CB,1.0,6.0
76188,657.7118,1.884582,9992000.0,75.0,Re,I,3.577462,2.5,5.462026,2.5,CB,1.0,6.0
76275,659.2532,1.8801759999999998,11420000.0,75.0,Re,I,3.581869,3.5,5.462026,2.5,CB,1.0,6.0
76351,660.519,1.876573,214800.0,75.0,Re,I,1.71422,1.5,3.590775,1.5,DSL,1.0,4.0
76481,662.3908,1.87127,8580000.0,75.0,Re,I,3.590775,1.5,5.462026,2.5,CB,1.0,6.0
76575,663.7233,1.8675130000000002,146800.0,75.0,Re,I,2.412471,2.5,4.279965,3.5,CB,1.0,8.0
76671,665.2382,1.863261,35460.0,75.0,Re,I,1.71422,1.5,3.577462,2.5,DSL,1.0,6.0
76880,668.3281,1.854646,701100.0,75.0,Re,I,2.780077,1.5,4.634704,2.5,CB,1.0,6.0
77368,676.1192,1.833275,146400.0,75.0,Re,I,2.539411,1.5,4.372667,2.5,CB,1.0,6.0
77720,681.3424,1.819221,226000.0,75.0,Re,I,1.762666,3.5,3.581869,3.5,DSL,1.0,8.0
77846,682.9967,1.814815,344300.0,75.0,Re,I,1.762666,3.5,3.577462,2.5,DSL,1.0,6.0
78687,697.1534,1.7779619999999998,226600.0,75.0,Re,I,1.81283,2.5,3.590775,1.5,DSL,1.0,4.0
78902,700.6631,1.7690560000000002,46750.0,75.0,Re,I,1.81283,2.5,3.581869,3.5,DSL,1.0,8.0
79002,702.4127,1.76465,100600.0,75.0,Re,I,1.81283,2.5,3.577462,2.5,DSL,1.0,6.0
80252,724.6486,1.710502,103600.0,75.0,Re,I,1.8669779999999998,3.5,3.577462,2.5,DSL,1.0,6.0
80513,729.2708,1.699661,2483000.0,75.0,Re,I,3.581869,3.5,5.281512,3.5,CB,1.0,8.0
81965,757.8765,1.635508,107800.0,75.0,Re,I,1.955283,2.5,3.590775,1.5,DSL,1.0,4.0
82137,761.1882,1.628393,308200.0,75.0,Re,I,2.412471,2.5,4.040847,1.5,CB,1.0,4.0
82308,764.096,1.622196,81180.0,75.0,Re,I,1.955283,2.5,3.577462,2.5,DSL,1.0,6.0
83660,791.2948,1.566437,206600.0,75.0,Re,I,2.024353,1.5,3.590775,1.5,DSL,1.0,4.0
83989,798.0772,1.553125,56450.0,75.0,Re,I,2.024353,1.5,3.577462,2.5,DSL,1.0,6.0
