,Wl/nm,E_Photon,A-Value,Elem. num,Element,ion state,E_lower_lev.,J_lower,E_upper_lev.,J_upper,Ref.,ion state num,g_j
935,207.5262,5.972542,396000.0,13.0,Al,I,0.0,0.5,5.972482,1.5,NBS,1.0,4.0
937,207.5565,5.971672,434000.0,13.0,Al,I,0.0,0.5,5.971612,1.5,NBS,1.0,4.0
940,207.5898,5.970715,476800.0,13.0,Al,I,0.0,0.5,5.970655000000001,1.5,NBS,1.0,4.0
944,207.6266,5.969656,526300.0,13.0,Al,I,0.0,0.5,5.969596,1.5,NBS,1.0,4.0
948,207.6674,5.968483,582200.0,13.0,Al,I,0.0,0.5,5.9684230000000005,1.5,NBS,1.0,4.0
953,207.7129,5.967176,646900.0,13.0,Al,I,0.0,0.5,5.967116000000001,1.5,NBS,1.0,4.0
959,207.7637,5.965717,720500.0,13.0,Al,I,0.0,0.5,5.965657,1.5,NBS,1.0,4.0
965,207.8208,5.964078,806100.0,13.0,Al,I,0.0,0.5,5.964019,1.5,NBS,1.0,4.0
967,207.8589,5.962984,264900.0,13.0,Al,I,0.013894,1.5,5.976818,2.5,NBS,1.0,6.0
969,207.8755,5.962507,285800.0,13.0,Al,I,0.013894,1.5,5.976341000000001,2.5,NBS,1.0,6.0
972,207.8851,5.962232,906000.0,13.0,Al,I,0.0,0.5,5.962172,1.5,NBS,1.0,4.0
973,207.8935,5.9619919999999995,309000.0,13.0,Al,I,0.013894,1.5,5.9758260000000005,2.5,NBS,1.0,6.0
976,207.913,5.961433,334900.0,13.0,Al,I,0.013894,1.5,5.975267,2.5,NBS,1.0,6.0
979,207.9342,5.960825,363800.0,13.0,Al,I,0.013894,1.5,5.974659,2.5,NBS,1.0,6.0
980,207.9573,5.960164,395100.0,13.0,Al,I,0.013894,1.5,5.973998,2.5,NBS,1.0,6.0
981,207.9581,5.96014,1023000.0,13.0,Al,I,0.0,0.5,5.9600800000000005,1.5,NBS,1.0,4.0
985,207.9825,5.959441,431200.0,13.0,Al,I,0.013894,1.5,5.973275,2.5,NBS,1.0,6.0
988,208.0101,5.958648999999999,471600.0,13.0,Al,I,0.013894,1.5,5.972483,2.5,NBS,1.0,6.0
992,208.0405,5.9577800000000005,516900.0,13.0,Al,I,0.013894,1.5,5.971614,2.5,NBS,1.0,6.0
994,208.0413,5.957756,1163000.0,13.0,Al,I,0.0,0.5,5.957696,1.5,NBS,1.0,4.0
997,208.0739,5.956822,569200.0,13.0,Al,I,0.013894,1.5,5.970656,2.5,NBS,1.0,6.0
1000,208.1109,5.955764,626800.0,13.0,Al,I,0.013894,1.5,5.969598,2.5,NBS,1.0,6.0
1005,208.1367,5.955025,1328000.0,13.0,Al,I,0.0,0.5,5.954966000000001,1.5,NBS,1.0,4.0
1006,208.1519,5.954591000000001,693300.0,13.0,Al,I,0.013894,1.5,5.968425,2.5,NBS,1.0,6.0
1010,208.1976,5.953285,770500.0,13.0,Al,I,0.013894,1.5,5.967119,2.5,NBS,1.0,6.0
1012,208.2469,5.951876,1523000.0,13.0,Al,I,0.0,0.5,5.951816,1.5,NBS,1.0,4.0
1013,208.2487,5.951825,860100.0,13.0,Al,I,0.013894,1.5,5.965659,2.5,NBS,1.0,6.0
1022,208.306,5.950187000000001,962300.0,13.0,Al,I,0.013894,1.5,5.964022,2.5,NBS,1.0,6.0
1028,208.3707,5.948341,1081000.0,13.0,Al,I,0.013894,1.5,5.962175,2.5,NBS,1.0,6.0
1029,208.375,5.948217,1762000.0,13.0,Al,I,0.0,0.5,5.948158,1.5,NBS,1.0,4.0
1036,208.444,5.946249,1221000.0,13.0,Al,I,0.013894,1.5,5.960083999999999,2.5,NBS,1.0,6.0
1049,208.5251,5.943935,2053000.0,13.0,Al,I,0.0,0.5,5.943875,1.5,NBS,1.0,4.0
1050,208.5275,5.943867,1385000.0,13.0,Al,I,0.013894,1.5,5.957701,2.5,NBS,1.0,6.0
1064,208.6234,5.941136,1581000.0,13.0,Al,I,0.013894,1.5,5.954971,2.5,NBS,1.0,6.0
1073,208.7027,5.938878,2408000.0,13.0,Al,I,0.0,0.5,5.938818,1.5,NBS,1.0,4.0
1074,208.734,5.937987000000001,1818000.0,13.0,Al,I,0.013894,1.5,5.951822,2.5,NBS,1.0,6.0
1086,208.8627,5.93433,2104000.0,13.0,Al,I,0.013894,1.5,5.948164,2.5,NBS,1.0,6.0
1095,208.9149,5.932848,2857000.0,13.0,Al,I,0.0,0.5,5.932789,1.5,NBS,1.0,4.0
1109,209.0135,5.9300489999999995,2445000.0,13.0,Al,I,0.013894,1.5,5.9438830000000005,2.5,NBS,1.0,6.0
1110,209.0138,5.930041,414400.0,13.0,Al,I,0.013894,1.5,5.943875,1.5,NBS,1.0,4.0
1135,209.1711,5.92558,3418000.0,13.0,Al,I,0.0,0.5,5.925521,1.5,NBS,1.0,4.0
1138,209.1919,5.924993,2875000.0,13.0,Al,I,0.013894,1.5,5.938828,2.5,NBS,1.0,6.0
1139,209.1922,5.924983999999999,487200.0,13.0,Al,I,0.013894,1.5,5.938818,1.5,NBS,1.0,4.0
1165,209.4049,5.918965,3402000.0,13.0,Al,I,0.013894,1.5,5.9328,2.5,NBS,1.0,6.0
1166,209.4053,5.918954,576500.0,13.0,Al,I,0.013894,1.5,5.932789,1.5,NBS,1.0,4.0
1173,209.4847,5.916711,4135000.0,13.0,Al,I,0.0,0.5,5.916652,1.5,NBS,1.0,4.0
1203,209.6623,5.9117,4071000.0,13.0,Al,I,0.013894,1.5,5.925534,2.5,NBS,1.0,6.0
1204,209.6628,5.911686,689800.0,13.0,Al,I,0.013894,1.5,5.925521,1.5,NBS,1.0,4.0
1233,209.8741,5.905735,5068000.0,13.0,Al,I,0.0,0.5,5.905676000000001,1.5,NBS,1.0,4.0
1245,209.9773,5.902833,4924000.0,13.0,Al,I,0.013894,1.5,5.916668,2.5,NBS,1.0,6.0
1246,209.9779,5.902817,834500.0,13.0,Al,I,0.013894,1.5,5.916652,1.5,NBS,1.0,4.0
1304,210.3658,5.891933,6293000.0,13.0,Al,I,0.0,0.5,5.891874,1.5,NBS,1.0,4.0
1305,210.3684,5.891862000000001,6036000.0,13.0,Al,I,0.013894,1.5,5.905696,2.5,NBS,1.0,6.0
1307,210.3691,5.891842,1023000.0,13.0,Al,I,0.013894,1.5,5.905676000000001,1.5,NBS,1.0,4.0
1375,210.8622,5.878065,7511000.0,13.0,Al,I,0.013894,1.5,5.8919,2.5,NBS,1.0,6.0
1376,210.8631,5.878039,1273000.0,13.0,Al,I,0.013894,1.5,5.891874,1.5,NBS,1.0,4.0
1398,210.9991,5.874251,7966000.0,13.0,Al,I,0.0,0.5,5.874192,1.5,NBS,1.0,4.0
1462,211.3593,5.864243,882600.0,13.0,Al,I,0.013894,1.5,5.8780779999999995,0.5,NBS,1.0,2.0
1494,211.4982,5.860389,9486000.0,13.0,Al,I,0.013894,1.5,5.874224,2.5,NBS,1.0,6.0
1495,211.4994,5.860357,1608000.0,13.0,Al,I,0.013894,1.5,5.874192,1.5,NBS,1.0,4.0
1533,211.8341,5.851098,10180000.0,13.0,Al,I,0.0,0.5,5.851039,1.5,NBS,1.0,4.0
1574,212.1576,5.8421769999999995,1116000.0,13.0,Al,I,0.013894,1.5,5.856013,0.5,NBS,1.0,2.0
1600,212.3362,5.837264,12290000.0,13.0,Al,I,0.013894,1.5,5.851099,2.5,NBS,1.0,6.0
1601,212.3384,5.837204,2022000.0,13.0,Al,I,0.013894,1.5,5.851039,1.5,NBS,1.0,4.0
1683,212.9663,5.819997,14970000.0,13.0,Al,I,0.0,0.5,5.819938,1.5,NBS,1.0,4.0
1723,213.2388,5.8125599999999995,1432000.0,13.0,Al,I,0.013894,1.5,5.826395,0.5,NBS,1.0,2.0
1763,213.4733,5.806175,18070000.0,13.0,Al,I,0.013894,1.5,5.82001,2.5,NBS,1.0,6.0
1764,213.476,5.806103,2972000.0,13.0,Al,I,0.013894,1.5,5.819938,1.5,NBS,1.0,4.0
1884,214.2402,5.785394,944100.0,13.0,Al,I,0.0,0.5,5.785336,0.5,NBS,1.0,2.0
1926,214.5555,5.776893,23370000.0,13.0,Al,I,0.0,0.5,5.776835,1.5,NBS,1.0,4.0
1961,214.756,5.7715,1879000.0,13.0,Al,I,0.013894,1.5,5.785336,0.5,NBS,1.0,2.0
2007,215.0699,5.763077,28220000.0,13.0,Al,I,0.013894,1.5,5.7769129999999995,2.5,NBS,1.0,6.0
2010,215.0728,5.762999,4641000.0,13.0,Al,I,0.013894,1.5,5.776835,1.5,NBS,1.0,4.0
2185,216.4577,5.726131,1268000.0,13.0,Al,I,0.0,0.5,5.726073,0.5,NBS,1.0,2.0
2247,216.8826,5.714913,30150000.0,13.0,Al,I,0.0,0.5,5.714856,1.5,NBS,1.0,4.0
2257,216.9843,5.712237,2523000.0,13.0,Al,I,0.013894,1.5,5.726073,0.5,NBS,1.0,2.0
2325,217.407,5.70113,36400000.0,13.0,Al,I,0.013894,1.5,5.714967,2.5,NBS,1.0,6.0
2326,217.4113,5.70102,5987000.0,13.0,Al,I,0.013894,1.5,5.714856,1.5,NBS,1.0,4.0
2679,219.9183,5.636035,1739000.0,13.0,Al,I,0.0,0.5,5.635979,0.5,NBS,1.0,2.0
2750,220.4619,5.622141,3453000.0,13.0,Al,I,0.013894,1.5,5.635979,0.5,NBS,1.0,2.0
2751,220.4668,5.622016,44990000.0,13.0,Al,I,0.0,0.5,5.62196,1.5,NBS,1.0,4.0
2819,221.006,5.6083,54310000.0,13.0,Al,I,0.013894,1.5,5.622138,2.5,NBS,1.0,6.0
2820,221.013,5.608122,8932000.0,13.0,Al,I,0.013894,1.5,5.62196,1.5,NBS,1.0,4.0
3527,225.8008,5.489223,3762000.0,13.0,Al,I,0.0,0.5,5.489168,0.5,NBS,1.0,2.0
3626,226.3463,5.475993,63280000.0,13.0,Al,I,0.0,0.5,5.475937999999999,1.5,NBS,1.0,4.0
3628,226.3738,5.475329,7467000.0,13.0,Al,I,0.013894,1.5,5.489168,0.5,NBS,1.0,2.0
3710,226.9095,5.462402,76380000.0,13.0,Al,I,0.013894,1.5,5.476241,2.5,NBS,1.0,6.0
3712,226.9221,5.462098999999999,12560000.0,13.0,Al,I,0.013894,1.5,5.475937999999999,1.5,NBS,1.0,4.0
4395,231.1036,5.3632800000000005,32000000.0,13.0,Al,I,3.598072,0.5,8.961299,0.5,KP,1.0,2.0
4422,231.2491,5.359905,81970000.0,13.0,Al,I,3.598072,0.5,8.957924,1.5,KP,1.0,4.0
4441,231.3525,5.357508999999999,160100000.0,13.0,Al,I,3.603844,1.5,8.961299,0.5,KP,1.0,2.0
4470,231.4984,5.354133999999999,25860000.0,13.0,Al,I,3.603844,1.5,8.957924,1.5,KP,1.0,4.0
4503,231.7481,5.348365,59660000.0,13.0,Al,I,3.603844,1.5,8.952155,2.5,KP,1.0,6.0
4540,231.9056,5.344733,87330000.0,13.0,Al,I,3.6132440000000003,2.5,8.957924,1.5,KP,1.0,4.0
4587,232.1562,5.338964,136200000.0,13.0,Al,I,3.6132440000000003,2.5,8.952155,2.5,KP,1.0,6.0
5427,236.7053,5.2363669999999995,70860000.0,13.0,Al,I,0.0,0.5,5.236314,1.5,NBS,1.0,4.0
5435,236.7611,5.235131,187600000.0,13.0,Al,I,3.598072,0.5,8.833150999999999,1.5,KP,1.0,4.0
5449,236.8112,5.234026,375000000.0,13.0,Al,I,3.598072,0.5,8.832044999999999,0.5,KP,1.0,2.0
5470,236.9305,5.231391,313700000.0,13.0,Al,I,3.603844,1.5,8.835182000000001,2.5,KP,1.0,6.0
5488,237.0225,5.22936,241100000.0,13.0,Al,I,3.603844,1.5,8.833150999999999,1.5,KP,1.0,4.0
5496,237.0726,5.228254,74660000.0,13.0,Al,I,3.603844,1.5,8.832044999999999,0.5,KP,1.0,2.0
5524,237.207,5.225292,4705000.0,13.0,Al,I,0.0,0.5,5.22524,0.5,NBS,1.0,2.0
5525,237.2114,5.225194999999999,447200000.0,13.0,Al,I,3.6132440000000003,2.5,8.838386999999999,3.5,KP,1.0,8.0
5553,237.3122,5.222976,85520000.0,13.0,Al,I,0.013894,1.5,5.236816999999999,2.5,NBS,1.0,6.0
5559,237.3351,5.222473,14060000.0,13.0,Al,I,0.013894,1.5,5.236314,1.5,NBS,1.0,4.0
5565,237.357,5.22199,133300000.0,13.0,Al,I,3.6132440000000003,2.5,8.835182000000001,2.5,KP,1.0,6.0
5585,237.4494,5.219958999999999,22420000.0,13.0,Al,I,3.6132440000000003,2.5,8.833150999999999,1.5,KP,1.0,4.0
5665,237.8395,5.211398,9338000.0,13.0,Al,I,0.013894,1.5,5.22524,0.5,NBS,1.0,2.0
10461,256.7983,4.826679,22010000.0,13.0,Al,I,0.0,0.5,4.826631,1.5,NBS,1.0,4.0
10666,257.5094,4.81335,26550000.0,13.0,Al,I,0.013894,1.5,4.827196,2.5,NBS,1.0,6.0
10670,257.5397,4.812785,4366000.0,13.0,Al,I,0.013894,1.5,4.826631,1.5,NBS,1.0,4.0
12746,265.2475,4.672937999999999,13350000.0,13.0,Al,I,0.0,0.5,4.672892,0.5,NBS,1.0,2.0
12935,266.0386,4.659045,26480000.0,13.0,Al,I,0.013894,1.5,4.672892,0.5,NBS,1.0,2.0
17388,281.6185,4.401307,393100000.0,13.01,Al,II,7.420705,1.0,11.821968,0.0,KP,2.0,1.0
23363,305.0072,4.0638190000000005,32140000.0,13.0,Al,I,3.603844,1.5,7.667622,2.5,KP,1.0,6.0
23455,305.4679,4.05769,44860000.0,13.0,Al,I,3.598072,0.5,7.655722,1.5,KP,1.0,4.0
23511,305.7144,4.054418,75010000.0,13.0,Al,I,3.6132440000000003,2.5,7.667622,2.5,KP,1.0,6.0
23554,305.903,4.051919,14150000.0,13.0,Al,I,3.603844,1.5,7.655722,1.5,KP,1.0,4.0
23572,305.9924,4.0507349999999995,18260000.0,13.0,Al,I,3.598072,0.5,7.648766,0.5,KP,1.0,2.0
23683,306.429,4.044963,89160000.0,13.0,Al,I,3.603844,1.5,7.648766,0.5,KP,1.0,2.0
23729,306.6144,4.042518,47710000.0,13.0,Al,I,3.6132440000000003,2.5,7.655722,1.5,KP,1.0,4.0
24131,308.2153,4.021522,62680000.0,13.0,Al,I,0.0,0.5,4.021481,1.5,SMLI,1.0,4.0
24368,309.271,4.0077940000000005,75520000.0,13.0,Al,I,0.013894,1.5,4.021648,2.5,SMLI,1.0,6.0
24371,309.2839,4.0076279999999995,12420000.0,13.0,Al,I,0.013894,1.5,4.021481,1.5,SMLI,1.0,4.0
43942,390.0675,3.177664,4706000.0,13.01,Al,II,7.420705,1.0,10.598336999999999,2.0,NBS,2.0,5.0
45069,394.4006,3.142753,51050000.0,13.0,Al,I,0.0,0.5,3.142721,0.5,SMLI,1.0,2.0
45450,396.152,3.128859,101000000.0,13.0,Al,I,0.013894,1.5,3.142721,0.5,SMLI,1.0,2.0
59437,474.0265,2.614849,87140.0,13.0,Al,I,3.142721,0.5,5.757544,1.5,K75,1.0,4.0
61164,487.6584,2.5417549999999998,142100.0,13.0,Al,I,3.142721,0.5,5.684451,1.5,K75,1.0,4.0
61167,487.6819,2.541632,142100.0,13.0,Al,I,3.142721,0.5,5.684328,0.5,K75,1.0,2.0
63773,510.752,2.426831,257300.0,13.0,Al,I,3.142721,0.5,5.569528,1.5,K75,1.0,4.0
63780,510.7943,2.42663,256700.0,13.0,Al,I,3.142721,0.5,5.5693269999999995,0.5,K75,1.0,2.0
68478,555.7063,2.230513,418900.0,13.0,Al,I,3.142721,0.5,5.3732120000000005,1.5,NBS,1.0,4.0
68487,555.7948,2.2301580000000003,419800.0,13.0,Al,I,3.142721,0.5,5.372857,0.5,NBS,1.0,2.0
76534,663.1218,1.869207,504100.0,13.0,Al,I,4.021481,1.5,5.89067,2.5,K75,1.0,6.0
76538,663.1809,1.869041,534000.0,13.0,Al,I,4.021648,2.5,5.89067,3.5,K75,1.0,8.0
76539,663.1809,1.869041,35680.0,13.0,Al,I,4.021648,2.5,5.89067,2.5,K75,1.0,6.0
76950,669.6023,1.851117,1672000.0,13.0,Al,I,3.142721,0.5,4.9938199999999995,1.5,NBS,1.0,4.0
76952,669.6185,1.851072,657800.0,13.0,Al,I,4.021481,1.5,5.872535,2.5,K75,1.0,6.0
76955,669.6788,1.8509060000000002,46990.0,13.0,Al,I,4.021648,2.5,5.872535,2.5,K75,1.0,6.0
76956,669.6788,1.8509060000000002,704800.0,13.0,Al,I,4.021648,2.5,5.872535,3.5,K75,1.0,8.0
76961,669.8673,1.850385,1674000.0,13.0,Al,I,3.142721,0.5,4.993087,0.5,NBS,1.0,2.0
77519,678.3638,1.827209,876600.0,13.0,Al,I,4.021481,1.5,5.8486720000000005,2.5,K75,1.0,6.0
77520,678.4256,1.8270419999999998,62620.0,13.0,Al,I,4.021648,2.5,5.8486720000000005,2.5,K75,1.0,6.0
77521,678.4256,1.8270419999999998,939300.0,13.0,Al,I,4.021648,2.5,5.8486720000000005,3.5,K75,1.0,8.0
78322,690.5646,1.7949259999999998,1203000.0,13.0,Al,I,4.021481,1.5,5.816389,2.5,K75,1.0,6.0
78329,690.6287,1.79476,85950.0,13.0,Al,I,4.021648,2.5,5.816389,2.5,K75,1.0,6.0
78330,690.6287,1.79476,1289000.0,13.0,Al,I,4.021648,2.5,5.816389,3.5,K75,1.0,8.0
78462,692.8697,1.7889549999999999,143100.0,13.0,Al,I,4.085255,0.5,5.874192,1.5,K75,1.0,4.0
78503,693.6186,1.787023,171200.0,13.0,Al,I,4.087219,1.5,5.874224,2.5,K75,1.0,6.0
78858,699.9829,1.770775,75630.0,13.0,Al,I,4.085255,0.5,5.856013,0.5,K75,1.0,2.0
78907,700.7601,1.7688119999999998,150900.0,13.0,Al,I,4.087219,1.5,5.856013,0.5,K75,1.0,2.0
78977,701.9545,1.765802,174300.0,13.0,Al,I,4.085255,0.5,5.851039,1.5,K75,1.0,4.0
79021,702.712,1.763898,208500.0,13.0,Al,I,4.087219,1.5,5.851099,2.5,K75,1.0,6.0
79023,702.736,1.763838,34770.0,13.0,Al,I,4.087219,1.5,5.851039,1.5,K75,1.0,4.0
79315,708.3969,1.749743,1715000.0,13.0,Al,I,4.021481,1.5,5.7712069999999995,2.5,K75,1.0,6.0
79320,708.4643,1.749577,122500.0,13.0,Al,I,4.021648,2.5,5.7712069999999995,2.5,K75,1.0,6.0
79321,708.4643,1.749577,1837000.0,13.0,Al,I,4.021648,2.5,5.7712069999999995,3.5,K75,1.0,8.0
79518,711.8899,1.7411580000000002,103300.0,13.0,Al,I,4.085255,0.5,5.826395,0.5,K75,1.0,2.0
79562,712.6938,1.739194,206100.0,13.0,Al,I,4.087219,1.5,5.826395,0.5,K75,1.0,2.0
79676,714.5397,1.7347009999999998,219200.0,13.0,Al,I,4.085255,0.5,5.819938,1.5,K75,1.0,4.0
79726,715.3199,1.732809,262300.0,13.0,Al,I,4.087219,1.5,5.82001,2.5,K75,1.0,6.0
79729,715.3496,1.732737,43630.0,13.0,Al,I,4.087219,1.5,5.819938,1.5,K75,1.0,4.0
80497,729.0831,1.7000979999999999,146700.0,13.0,Al,I,4.085255,0.5,5.785336,0.5,K75,1.0,2.0
80548,729.9263,1.698134,291900.0,13.0,Al,I,4.087219,1.5,5.785336,0.5,K75,1.0,2.0
80715,732.747,1.691597,272800.0,13.0,Al,I,4.085255,0.5,5.776835,1.5,K75,1.0,4.0
80775,733.5648,1.6897119999999999,326500.0,13.0,Al,I,4.087219,1.5,5.7769129999999995,2.5,K75,1.0,6.0
80777,733.5987,1.689634,54310.0,13.0,Al,I,4.087219,1.5,5.776835,1.5,K75,1.0,4.0
80882,736.1568,1.683762,2563000.0,13.0,Al,I,4.021481,1.5,5.705227,2.5,K75,1.0,6.0
80890,736.2296,1.6835959999999999,183100.0,13.0,Al,I,4.021648,2.5,5.705227,2.5,K75,1.0,6.0
80891,736.2296,1.6835959999999999,2746000.0,13.0,Al,I,4.021648,2.5,5.705227,3.5,K75,1.0,8.0
81831,755.4162,1.6408349999999998,218000.0,13.0,Al,I,4.085255,0.5,5.726073,0.5,K75,1.0,2.0
81887,756.3214,1.638871,434000.0,13.0,Al,I,4.087219,1.5,5.726073,0.5,K75,1.0,2.0
82103,760.616,1.629618,317300.0,13.0,Al,I,4.085255,0.5,5.714856,1.5,K75,1.0,4.0
82153,761.482,1.627764,379700.0,13.0,Al,I,4.087219,1.5,5.714967,2.5,K75,1.0,6.0
82158,761.5337,1.6276540000000002,63310.0,13.0,Al,I,4.087219,1.5,5.714856,1.5,K75,1.0,4.0
83317,783.5309,1.581958,4061000.0,13.0,Al,I,4.021481,1.5,5.6034239999999995,2.5,K75,1.0,6.0
83322,783.6134,1.581792,4351000.0,13.0,Al,I,4.021648,2.5,5.6034239999999995,3.5,K75,1.0,8.0
83323,783.6134,1.581792,290100.0,13.0,Al,I,4.021648,2.5,5.6034239999999995,2.5,K75,1.0,6.0
84046,799.305,1.5507389999999999,344700.0,13.0,Al,I,4.085255,0.5,5.635979,0.5,K75,1.0,2.0
