,Wl/nm,E_Photon,A-Value,Elem. num,Element,ion state,E_lower_lev.,J_lower,E_upper_lev.,J_upper,Ref.,ion state num,g_j
32914,344.6372,3.5965339999999997,168700.0,19.0,K,I,0.0,0.5,3.5964980000000004,1.5,NBS,1.0,4.0
47281,404.4142,3.064937,1225000.0,19.0,K,I,0.0,0.5,3.064907,1.5,NBS,1.0,4.0
47351,404.7213,3.062612,1226000.0,19.0,K,I,0.0,0.5,3.062581,0.5,NBS,1.0,2.0
59498,474.4345,2.6126,97600.0,19.0,K,I,1.609956,0.5,4.22253,1.5,NBS,1.0,4.0
59622,475.393,2.607332,158000.0,19.0,K,I,1.617111,1.5,4.224417,0.5,NBS,1.0,2.0
59669,475.7387,2.605438,117800.0,19.0,K,I,1.617111,1.5,4.2225220000000006,2.5,NBS,1.0,6.0
60084,479.1049,2.587132,129100.0,19.0,K,I,1.609956,0.5,4.197062,1.5,NBS,1.0,4.0
60181,479.9753,2.5824409999999998,234600.0,19.0,K,I,1.617111,1.5,4.1995260000000005,0.5,NBS,1.0,2.0
60236,480.4345,2.579973,155800.0,19.0,K,I,1.617111,1.5,4.197057,2.5,NBS,1.0,6.0
60849,484.9865,2.555758,145000.0,19.0,K,I,1.609956,0.5,4.165687999999999,0.5,NBS,1.0,2.0
60920,485.6092,2.552481,169500.0,19.0,K,I,1.609956,0.5,4.162411,1.5,NBS,1.0,4.0
61006,486.348,2.548603,287700.0,19.0,K,I,1.617111,1.5,4.165687999999999,0.5,NBS,1.0,2.0
61083,486.9754,2.5453200000000002,204500.0,19.0,K,I,1.617111,1.5,4.162405000000001,2.5,NBS,1.0,6.0
61953,494.2007,2.508107,212800.0,19.0,K,I,1.609956,0.5,4.118037999999999,0.5,NBS,1.0,2.0
62054,495.0814,2.503645,215000.0,19.0,K,I,1.609956,0.5,4.113576,1.5,NBS,1.0,4.0
62118,495.6146,2.500952,422200.0,19.0,K,I,1.617111,1.5,4.118037999999999,0.5,NBS,1.0,2.0
62207,496.503,2.496477,259400.0,19.0,K,I,1.617111,1.5,4.113563,2.5,NBS,1.0,6.0
63538,508.423,2.437948,348700.0,19.0,K,I,1.609956,0.5,4.047879,0.5,NBS,1.0,2.0
63674,509.7171,2.431759,293200.0,19.0,K,I,1.609956,0.5,4.04169,1.5,NBS,1.0,4.0
63699,509.9195,2.430793,691600.0,19.0,K,I,1.617111,1.5,4.047879,0.5,NBS,1.0,2.0
63825,511.2246,2.424588,353600.0,19.0,K,I,1.617111,1.5,4.0416739999999995,2.5,NBS,1.0,6.0
66102,532.3276,2.328471,631700.0,19.0,K,I,1.609956,0.5,3.9384040000000002,0.5,NBS,1.0,2.0
66268,533.9683,2.3213169999999996,1253000.0,19.0,K,I,1.617111,1.5,3.9384040000000002,0.5,NBS,1.0,2.0
66300,534.2969,2.319889,385700.0,19.0,K,I,1.609956,0.5,3.929822,1.5,NBS,1.0,4.0
66500,535.9498,2.312734,76480.0,19.0,K,I,1.617111,1.5,3.929822,1.5,NBS,1.0,4.0
66502,535.9573,2.3127020000000003,465000.0,19.0,K,I,1.617111,1.5,3.929789,2.5,NBS,1.0,6.0
70659,578.2384,2.143598,1226000.0,19.0,K,I,1.609956,0.5,3.753532,0.5,NBS,1.0,2.0
70850,580.1749,2.136443,2431000.0,19.0,K,I,1.617111,1.5,3.753532,0.5,NBS,1.0,2.0
70954,581.2149,2.13262,277400.0,19.0,K,I,1.609956,0.5,3.7425550000000003,1.5,NBS,1.0,4.0
71137,583.1714,2.125466,54980.0,19.0,K,I,1.617111,1.5,3.7425550000000003,1.5,NBS,1.0,4.0
71140,583.1884,2.125404,334300.0,19.0,K,I,1.617111,1.5,3.742493,2.5,NBS,1.0,6.0
78360,691.1082,1.793514,2715000.0,19.0,K,I,1.609956,0.5,3.4034519999999997,0.5,NBS,1.0,2.0
78520,693.8763,1.786359,5374000.0,19.0,K,I,1.617111,1.5,3.4034519999999997,0.5,NBS,1.0,2.0
78648,696.468,1.779712,30900.0,19.0,K,I,1.617111,1.5,3.396805,2.5,NBS,1.0,6.0
80677,732.1152,1.693057,179300.0,19.0,K,I,2.60696,0.5,4.3,0.5,KP,1.0,2.0
80678,732.1152,1.693057,178900.0,19.0,K,I,2.60696,0.5,4.3,1.5,KP,1.0,4.0
80794,734.2154,1.6882139999999999,141600.0,19.0,K,I,2.60696,0.5,4.295157,0.5,KP,1.0,2.0
80795,734.2154,1.6882139999999999,141300.0,19.0,K,I,2.60696,0.5,4.295157,1.5,KP,1.0,4.0
80915,736.732,1.682448,111700.0,19.0,K,I,2.60696,0.5,4.289391,0.5,KP,1.0,2.0
80916,736.732,1.682448,111500.0,19.0,K,I,2.60696,0.5,4.289391,1.5,KP,1.0,4.0
81058,739.7756,1.675525,87830.0,19.0,K,I,2.60696,0.5,4.282469,1.5,KP,1.0,4.0
81060,739.7871,1.675499,88030.0,19.0,K,I,2.60696,0.5,4.282443,0.5,KP,1.0,2.0
81240,743.5175,1.667093,74000.0,19.0,K,I,2.60696,0.5,4.274037,1.5,KP,1.0,4.0
81241,743.5313,1.6670619999999998,74180.0,19.0,K,I,2.60696,0.5,4.274006,0.5,KP,1.0,2.0
81468,748.19,1.656682,65130.0,19.0,K,I,2.60696,0.5,4.263626,1.5,KP,1.0,4.0
81472,748.2068,1.6566450000000001,65280.0,19.0,K,I,2.60696,0.5,4.2635879999999995,0.5,KP,1.0,2.0
82093,760.4112,1.630056,397900.0,19.0,K,I,2.6699599999999997,2.5,4.3,1.5,KP,1.0,4.0
82100,760.5447,1.6297700000000002,447300.0,19.0,K,I,2.670246,1.5,4.3,0.5,KP,1.0,2.0
82101,760.5447,1.6297700000000002,44620.0,19.0,K,I,2.670246,1.5,4.3,1.5,KP,1.0,4.0
82240,762.6771,1.625214,321500.0,19.0,K,I,2.6699599999999997,2.5,4.295157,1.5,KP,1.0,4.0
82248,762.8114,1.624927,35240.0,19.0,K,I,2.670246,1.5,4.295157,1.5,KP,1.0,4.0
82249,762.8114,1.624927,353200.0,19.0,K,I,2.670246,1.5,4.295157,0.5,KP,1.0,2.0
82375,765.3929,1.6194469999999999,259500.0,19.0,K,I,2.6699599999999997,2.5,4.289391,1.5,KP,1.0,4.0
82386,765.5281,1.619161,29100.0,19.0,K,I,2.670246,1.5,4.289391,1.5,KP,1.0,4.0
82387,765.5281,1.619161,291700.0,19.0,K,I,2.670246,1.5,4.289391,0.5,KP,1.0,2.0
82559,768.6785,1.612525,224000.0,19.0,K,I,2.6699599999999997,2.5,4.282469,1.5,KP,1.0,4.0
82565,768.8273,1.612213,246100.0,19.0,K,I,2.670246,1.5,4.282443,0.5,KP,1.0,2.0
82788,772.7192,1.604093,184400.0,19.0,K,I,2.6699599999999997,2.5,4.274037,1.5,KP,1.0,4.0
82797,772.872,1.603775,207300.0,19.0,K,I,2.670246,1.5,4.274006,0.5,KP,1.0,2.0
83043,777.7672,1.593682,162200.0,19.0,K,I,2.6699599999999997,2.5,4.263626,1.5,KP,1.0,4.0
83048,777.925,1.593358,178200.0,19.0,K,I,2.670246,1.5,4.2635879999999995,0.5,KP,1.0,2.0
83359,784.1921,1.580625,145500.0,19.0,K,I,2.6699599999999997,2.5,4.2505690000000005,1.5,KP,1.0,4.0
83371,784.3574,1.580291,163600.0,19.0,K,I,2.670246,1.5,4.250522,0.5,KP,1.0,2.0
83862,795.5363,1.558085,32690.0,19.0,K,I,2.6699599999999997,2.5,4.22803,2.5,KP,1.0,6.0
83863,795.5363,1.558085,489200.0,19.0,K,I,2.6699599999999997,2.5,4.22803,3.5,KP,1.0,8.0
83868,795.6824,1.557799,451100.0,19.0,K,I,2.670246,1.5,4.22803,2.5,KP,1.0,6.0
