,Wl/nm,E_Photon,A-Value,Elem. num,Element,ion state,E_lower_lev.,J_lower,E_upper_lev.,J_upper,Ref.,ion state num,g_j
2574,219.0913,5.657307,154300000.0,45.01,Rh,II,3.1463349999999997,4.0,8.803585,4.0,GUES,2.0,9.0
3531,225.8254,5.488625,186700000.0,45.01,Rh,II,3.402052,3.0,8.890622,3.0,GUES,2.0,7.0
3828,227.6205,5.445341,490300000.0,45.01,Rh,II,3.402052,3.0,8.847339,2.0,CB,2.0,5.0
3843,227.6874,5.443741999999999,183700000.0,45.01,Rh,II,3.4469339999999997,3.0,8.890622,3.0,GUES,2.0,7.0
4030,228.8564,5.415939,20540000.0,45.0,Rh,I,0.322115,2.5,5.738,1.5,CB,1.0,4.0
4120,229.4118,5.402826999999999,180900000.0,45.01,Rh,II,3.4878489999999998,2.0,8.890622,3.0,GUES,2.0,7.0
4374,230.9816,5.366112,46310000.0,45.0,Rh,I,0.43055699999999997,1.5,5.796616,0.5,CB,1.0,2.0
4425,231.2647,5.359543,249300000.0,45.01,Rh,II,3.4878489999999998,2.0,8.847339,2.0,GUES,2.0,5.0
4521,231.837,5.346314,11760000.0,45.0,Rh,I,0.7055899999999999,3.5,6.051851,3.5,CB,1.0,8.0
4542,231.9109,5.344612000000001,24840000.0,45.0,Rh,I,0.7055899999999999,3.5,6.050149,2.5,CB,1.0,6.0
4592,232.1728,5.338584,6297000.0,45.0,Rh,I,0.189692,3.5,5.528222,3.5,CB,1.0,8.0
4611,232.2582,5.33662,12080000.0,45.0,Rh,I,0.0,4.5,5.336566,4.5,CB,1.0,10.0
4676,232.6478,5.327683,32240000.0,45.0,Rh,I,0.41036999999999996,2.5,5.738,1.5,CB,1.0,4.0
4711,232.8647,5.322721,46510000.0,45.0,Rh,I,0.965989,2.5,6.288657,1.5,CB,1.0,4.0
4798,233.341,5.311858999999999,111300000.0,45.01,Rh,II,2.093448,5.0,7.405253999999999,5.0,GUES,2.0,11.0
4833,233.4772,5.308758999999999,333800000.0,45.01,Rh,II,2.093448,5.0,7.4021539999999995,6.0,CB,2.0,13.0
5141,235.2472,5.268821,3074000.0,45.0,Rh,I,0.0,4.5,5.268768,3.5,CB,1.0,8.0
5278,235.9174,5.253852999999999,4626000.0,45.0,Rh,I,0.189692,3.5,5.443493,3.5,CB,1.0,8.0
5324,236.1922,5.247741,13410000.0,45.0,Rh,I,0.0,4.5,5.247688,4.5,CB,1.0,10.0
5452,236.8342,5.233516000000001,21720000.0,45.0,Rh,I,0.43055699999999997,1.5,5.664021,2.5,CB,1.0,6.0
5763,238.2889,5.201569999999999,15120000.0,45.0,Rh,I,0.0,4.5,5.201518,4.5,CB,1.0,10.0
5802,238.4651,5.197726,26970000.0,45.0,Rh,I,0.965989,2.5,6.163664,2.5,CB,1.0,6.0
6284,240.7886,5.147574,10410000.0,45.0,Rh,I,0.189692,3.5,5.3372150000000005,3.5,CB,1.0,8.0
6293,240.819,5.146926000000001,2515000.0,45.0,Rh,I,0.189692,3.5,5.336566,4.5,CB,1.0,10.0
6338,241.0253,5.142521,6944000.0,45.0,Rh,I,0.41036999999999996,2.5,5.552839,2.5,CB,1.0,6.0
6350,241.0695,5.141577,382300000.0,45.01,Rh,II,3.604593,1.0,8.746118,1.0,GUES,2.0,3.0
6458,241.5851,5.130604,541400000.0,45.01,Rh,II,2.453945,3.0,7.584498,4.0,CB,2.0,9.0
6564,241.9752,5.122333,14390000.0,45.0,Rh,I,0.43055699999999997,1.5,5.552839,2.5,CB,1.0,6.0
6579,242.0162,5.121467,845700000.0,45.01,Rh,II,4.196295,3.0,9.31771,2.0,CB,2.0,5.0
6593,242.0988,5.119718,632100000.0,45.01,Rh,II,2.559889,2.0,7.679556,3.0,CB,2.0,7.0
6728,242.7096,5.106836,409500000.0,45.01,Rh,II,2.298717,4.0,7.405502,5.0,CB,2.0,11.0
6744,242.7683,5.105601,34300000.0,45.0,Rh,I,0.322115,2.5,5.427665,2.5,CB,1.0,6.0
6798,242.9517,5.1017470000000005,115000000.0,45.0,Rh,I,0.43055699999999997,1.5,5.532253,1.5,CB,1.0,4.0
6832,243.0802,5.09905,1128000000.0,45.01,Rh,II,3.604593,1.0,8.703591000000001,0.0,GUES,2.0,1.0
6858,243.1861,5.096831,650200000.0,45.01,Rh,II,2.625985,1.0,7.722764999999999,2.0,CB,2.0,5.0
6878,243.2655,5.095168,75980000.0,45.0,Rh,I,0.701499,1.5,5.796616,0.5,CB,1.0,2.0
6986,243.7082,5.085913,14690000.0,45.0,Rh,I,0.965989,2.5,6.051851,3.5,CB,1.0,8.0
7067,244.0338,5.079127,54430000.0,45.0,Rh,I,0.189692,3.5,5.268768,3.5,CB,1.0,8.0
7252,244.8836,5.061503,19850000.0,45.0,Rh,I,0.322115,2.5,5.383567,2.5,CB,1.0,6.0
7256,244.903,5.061102,23220000.0,45.0,Rh,I,0.7055899999999999,3.5,5.766641,4.5,CB,1.0,10.0
7410,245.5716,5.0473230000000004,623100000.0,45.01,Rh,II,2.559889,2.0,7.607162,2.0,CB,2.0,5.0
7467,245.8917,5.0407519999999995,845800000.0,45.01,Rh,II,2.453945,3.0,7.494646,3.0,CB,2.0,7.0
7527,246.103,5.036425,865700000.0,45.01,Rh,II,2.298717,4.0,7.335091,4.0,CB,2.0,9.0
7742,247.039,5.017345,26310000.0,45.0,Rh,I,0.41036999999999996,2.5,5.427665,2.5,CB,1.0,6.0
7770,247.1471,5.01515,18830000.0,45.0,Rh,I,0.322115,2.5,5.3372150000000005,3.5,CB,1.0,8.0
7807,247.3086,5.011876,15750000.0,45.0,Rh,I,0.189692,3.5,5.201518,4.5,CB,1.0,10.0
7864,247.5627,5.00673,155800000.0,45.01,Rh,II,3.934081,5.0,8.940761,6.0,CB,2.0,13.0
8047,248.3331,4.9912,52820000.0,45.0,Rh,I,0.43055699999999997,1.5,5.421707,0.5,CB,1.0,2.0
8230,249.0777,4.97628,707600000.0,45.01,Rh,II,2.093448,5.0,7.069678,5.0,CB,2.0,11.0
8274,249.2296,4.973247,10060000.0,45.0,Rh,I,0.41036999999999996,2.5,5.383567,2.5,CB,1.0,6.0
8532,250.2455,4.95306,40640000.0,45.0,Rh,I,0.43055699999999997,1.5,5.383567,2.5,CB,1.0,6.0
8563,250.386,4.95028,489200000.0,45.01,Rh,II,2.559889,2.0,7.51012,1.0,CB,2.0,3.0
8597,250.5121,4.947788,703500000.0,45.01,Rh,II,2.453945,3.0,7.401683,2.0,CB,2.0,5.0
8618,250.5671,4.946703,27730000.0,45.0,Rh,I,0.322115,2.5,5.268768,3.5,CB,1.0,8.0
8740,250.9697,4.938768,129600000.0,45.0,Rh,I,0.322115,2.5,5.260833,1.5,CB,1.0,4.0
8765,251.0665,4.936865,615400000.0,45.01,Rh,II,2.298717,4.0,7.235532000000001,3.0,CB,2.0,7.0
8903,251.5746,4.926894,43600000.0,45.0,Rh,I,0.41036999999999996,2.5,5.3372150000000005,3.5,CB,1.0,8.0
9051,252.0515,4.917573,1039000000.0,45.01,Rh,II,2.093448,5.0,7.010972,4.0,CB,2.0,9.0
9236,252.5991,4.906912,17020000.0,45.0,Rh,I,1.143286,2.5,6.050149,2.5,CB,1.0,6.0
9384,253.174,4.895771,5058000.0,45.0,Rh,I,0.7055899999999999,3.5,5.601312,3.5,CB,1.0,8.0
10105,255.5365,4.850511,207400000.0,45.0,Rh,I,0.41036999999999996,2.5,5.260833,1.5,CB,1.0,4.0
10406,256.5791,4.8308029999999995,34940000.0,45.0,Rh,I,0.701499,1.5,5.532253,1.5,CB,1.0,4.0
10415,256.6045,4.830324,16340000.0,45.0,Rh,I,0.43055699999999997,1.5,5.260833,1.5,CB,1.0,4.0
10439,256.6921,4.828675,1224000000.0,45.01,Rh,II,4.796639,1.0,9.625264999999999,1.0,CB,2.0,3.0
10680,257.5791,4.81205,74800000.0,45.0,Rh,I,1.833462,3.5,6.645464,2.5,CB,1.0,6.0
11005,258.7258,4.790723000000001,953300000.0,45.01,Rh,II,3.402052,3.0,8.192727,2.0,CB,2.0,5.0
11434,260.332,4.761165,488200000.0,45.01,Rh,II,4.042468,4.0,8.803585,4.0,CB,2.0,9.0
11971,262.2574,4.7262129999999996,56010000.0,45.0,Rh,I,0.701499,1.5,5.427665,2.5,CB,1.0,6.0
12070,262.5885,4.720256,247900000.0,45.0,Rh,I,0.701499,1.5,5.421707,0.5,CB,1.0,2.0
12183,263.0417,4.712122,23000000.0,45.0,Rh,I,0.322115,2.5,5.03419,1.5,CB,1.0,4.0
12397,263.8746,4.69725,895600000.0,45.01,Rh,II,4.245591,2.0,8.942794000000001,2.0,CB,2.0,5.0
12612,264.7276,4.6821150000000005,38030000.0,45.0,Rh,I,0.701499,1.5,5.383567,2.5,CB,1.0,6.0
12751,265.2659,4.672614,42020000.0,45.0,Rh,I,0.322115,2.5,4.994682,3.5,CB,1.0,8.0
12898,265.901,4.661455,1337000.0,45.0,Rh,I,0.189692,3.5,4.8511,2.5,SDL,1.0,6.0
13227,267.1051,4.640443,7915000.0,45.0,Rh,I,0.43055699999999997,1.5,5.070954,1.5,CB,1.0,4.0
13363,267.611,4.631671,14650000.0,45.0,Rh,I,0.7055899999999999,3.5,5.3372150000000005,3.5,CB,1.0,8.0
13475,268.0627,4.6238660000000005,23190000.0,45.0,Rh,I,0.41036999999999996,2.5,5.03419,1.5,CB,1.0,4.0
13510,268.1787,4.621867,59420000.0,45.0,Rh,I,1.833462,3.5,6.4552830000000005,3.5,CB,1.0,8.0
13860,269.4308,4.600389,7849000.0,45.0,Rh,I,0.43055699999999997,1.5,5.030901,2.5,CB,1.0,6.0
14130,270.373,4.584358,43340000.0,45.0,Rh,I,0.41036999999999996,2.5,4.994682,3.5,CB,1.0,8.0
14166,270.5616,4.581163,484300000.0,45.01,Rh,II,3.1463349999999997,4.0,7.727450999999999,4.0,CB,2.0,9.0
14215,270.7225,4.578441000000001,6558000.0,45.0,Rh,I,0.322115,2.5,4.90051,1.5,CB,1.0,4.0
14386,271.4409,4.566323000000001,109200000.0,45.0,Rh,I,1.483871,1.5,6.050149,2.5,CB,1.0,6.0
14476,271.7511,4.5611120000000005,1669000.0,45.0,Rh,I,0.0,4.5,4.561066,3.5,SDL,1.0,8.0
14510,271.8543,4.55938,69680000.0,45.0,Rh,I,0.701499,1.5,5.260833,1.5,CB,1.0,4.0
14568,272.0526,4.556057,98290000.0,45.0,Rh,I,1.732646,0.5,6.288657,1.5,CB,1.0,4.0
14795,272.8945,4.542002,26290000.0,45.0,Rh,I,0.322115,2.5,4.864071,1.5,CB,1.0,4.0
15010,273.6761,4.529031,1664000.0,45.0,Rh,I,0.322115,2.5,4.8511,2.5,SDL,1.0,6.0
15153,274.1756,4.5207809999999995,50080000.0,45.0,Rh,I,1.143286,2.5,5.664021,2.5,CB,1.0,6.0
15908,276.7726,4.478364,4693000.0,45.0,Rh,I,0.322115,2.5,4.800434,2.5,CB,1.0,6.0
16034,277.1507,4.472254,15720000.0,45.0,Rh,I,0.322115,2.5,4.794324,1.5,CB,1.0,4.0
16229,277.8051,4.46172,19870000.0,45.0,Rh,I,0.965989,2.5,5.427665,2.5,CB,1.0,6.0
16290,277.9531,4.459345,92020000.0,45.0,Rh,I,1.2787,1.5,5.738,1.5,CB,1.0,4.0
16399,278.3025,4.453745,20550000.0,45.0,Rh,I,0.41036999999999996,2.5,4.864071,1.5,CB,1.0,4.0
16636,279.1155,4.440774,1107000.0,45.0,Rh,I,0.41036999999999996,2.5,4.8511,2.5,SDL,1.0,6.0
16777,279.6628,4.432084,213600000.0,45.0,Rh,I,1.364576,0.5,5.796616,0.5,CB,1.0,2.0
17672,282.6423,4.385365,103100000.0,45.0,Rh,I,1.2787,1.5,5.664021,2.5,CB,1.0,6.0
17679,282.6671,4.384981,67330000.0,45.0,Rh,I,1.143286,2.5,5.528222,3.5,CB,1.0,8.0
17692,282.7305,4.383997,4457000.0,45.0,Rh,I,0.41036999999999996,2.5,4.794324,1.5,CB,1.0,4.0
17865,283.4112,4.373467,94840000.0,45.0,Rh,I,1.364576,0.5,5.738,1.5,CB,1.0,4.0
17908,283.5441,4.371418,1013000.0,45.0,Rh,I,0.189692,3.5,4.561066,3.5,SDL,1.0,8.0
17946,283.6687,4.369498999999999,20240000.0,45.0,Rh,I,0.701499,1.5,5.070954,1.5,CB,1.0,4.0
18468,285.6161,4.339707,5771000.0,45.0,Rh,I,0.43055699999999997,1.5,4.770221,0.5,SDL,1.0,2.0
18582,286.0673,4.332863,25110000.0,45.0,Rh,I,0.701499,1.5,5.034319,0.5,CB,1.0,2.0
18630,286.2931,4.329445,45930000.0,45.0,Rh,I,0.701499,1.5,5.030901,2.5,CB,1.0,6.0
18663,286.4398,4.327228,7902000.0,45.0,Rh,I,0.41036999999999996,2.5,4.737555,1.5,CB,1.0,4.0
19004,287.8655,4.3057989999999995,6814000.0,45.0,Rh,I,0.41036999999999996,2.5,4.716126,1.5,CB',1.0,4.0
19071,288.0759,4.302653,4590000.0,45.0,Rh,I,0.41036999999999996,2.5,4.71298,3.5,CB,1.0,8.0
19114,288.2369,4.30025,43780000.0,45.0,Rh,I,1.143286,2.5,5.443493,3.5,CB,1.0,8.0
19185,288.5969,4.294887,31710000.0,45.0,Rh,I,0.965989,2.5,5.260833,1.5,CB,1.0,4.0
19264,288.9097,4.290237,2687000.0,45.0,Rh,I,0.189692,3.5,4.4798860000000005,3.5,CB,1.0,8.0
19281,288.9839,4.289135,8690000.0,45.0,Rh,I,0.7055899999999999,3.5,4.994682,3.5,CB,1.0,8.0
19565,289.9949,4.274182,34750000.0,45.0,Rh,I,1.2787,1.5,5.552839,2.5,CB,1.0,6.0
19667,290.4812,4.267027,38860000.0,45.0,Rh,I,1.783164,1.5,6.050149,2.5,CB,1.0,6.0
19727,290.7206,4.263515,4998000.0,45.0,Rh,I,0.322115,2.5,4.585587,2.5,CB',1.0,6.0
19802,291.0144,4.2592099999999995,623200000.0,45.01,Rh,II,3.1463349999999997,4.0,7.405502,5.0,CB,2.0,11.0
19864,291.2617,4.255593,10650000.0,45.0,Rh,I,0.701499,1.5,4.957049,2.5,CB,1.0,6.0
19943,291.542,4.2515019999999994,12480000.0,45.0,Rh,I,0.7055899999999999,3.5,4.957049,2.5,CB,1.0,6.0
20144,292.3106,4.240324,11860000.0,45.0,Rh,I,1.143286,2.5,5.383567,2.5,CB,1.0,6.0
20174,292.4023,4.238994,4157000.0,45.0,Rh,I,0.322115,2.5,4.561066,3.5,SDL,1.0,8.0
20177,292.4113,4.2388639999999995,155900000.0,45.01,Rh,II,3.604593,1.0,7.843414,2.0,GUES,2.0,5.0
20308,292.9106,4.231637999999999,17070000.0,45.0,Rh,I,0.701499,1.5,4.9330940000000005,2.5,CB,1.0,6.0
20384,293.1941,4.227546,17040000.0,45.0,Rh,I,0.7055899999999999,3.5,4.9330940000000005,2.5,CB,1.0,6.0
20993,295.5414,4.193971,8120000.0,45.0,Rh,I,1.143286,2.5,5.3372150000000005,3.5,CB,1.0,8.0
21166,296.2124,4.184471,80080000.0,45.01,Rh,II,3.4878489999999998,2.0,7.672279,1.0,GUES,2.0,3.0
21348,296.8661,4.175258,7089000.0,45.0,Rh,I,0.41036999999999996,2.5,4.585587,2.5,CB',1.0,6.0
21486,297.4031,4.167718,20190000.0,45.0,Rh,I,1.364576,0.5,5.532253,1.5,CB,1.0,4.0
21582,297.7679,4.162614,28450000.0,45.0,Rh,I,0.701499,1.5,4.864071,1.5,CB,1.0,4.0
21627,297.9357,4.160269,1502000.0,45.01,Rh,II,3.4469339999999997,3.0,7.607162,2.0,GUES,2.0,5.0
21814,298.6199,4.150737,10980000.0,45.0,Rh,I,0.41036999999999996,2.5,4.561066,3.5,SDL,1.0,8.0
21828,298.6987,4.149643,4219000.0,45.0,Rh,I,0.701499,1.5,4.8511,2.5,SDL,1.0,6.0
21839,298.7445,4.149007,21140000.0,45.0,Rh,I,1.2787,1.5,5.427665,2.5,CB,1.0,6.0
21867,298.8334,4.147772,47210000.0,45.01,Rh,II,3.5750349999999997,2.0,7.722764999999999,2.0,GUES,2.0,5.0
22276,300.445,4.1255239999999995,25420000.0,45.0,Rh,I,1.143286,2.5,5.268768,3.5,CB,1.0,8.0
22377,300.895,4.119354,147300000.0,45.01,Rh,II,3.4878489999999998,2.0,7.607162,2.0,GUES,2.0,5.0
22638,301.9539,4.104908999999999,19310000.0,45.0,Rh,I,1.2787,1.5,5.383567,2.5,CB,1.0,6.0
22644,301.9794,4.104563,104400000.0,45.01,Rh,II,3.5750349999999997,2.0,7.679556,3.0,GUES,2.0,7.0
22736,302.391,4.098976,13020000.0,45.0,Rh,I,0.701499,1.5,4.800434,2.5,CB,1.0,6.0
22844,302.8424,4.092866000000001,7751000.0,45.0,Rh,I,0.701499,1.5,4.794324,1.5,CB,1.0,4.0
22847,302.8595,4.092635,32830000.0,45.01,Rh,II,3.402052,3.0,7.494646,3.0,GUES,2.0,7.0
23003,303.4985,4.084018,723700000.0,45.01,Rh,II,3.604593,1.0,7.6885699999999995,0.0,GUES,2.0,1.0
23257,304.5771,4.069557,1184000.0,45.0,Rh,I,0.41036999999999996,2.5,4.4798860000000005,3.5,CB,1.0,8.0
23282,304.6756,4.068241,8397000.0,45.0,Rh,I,0.965989,2.5,5.03419,1.5,CB,1.0,4.0
23297,304.7141,4.067727,239300000.0,45.01,Rh,II,3.604593,1.0,7.672279,1.0,GUES,2.0,3.0
23527,305.789,4.053429,30900000.0,45.0,Rh,I,1.998463,2.5,6.051851,3.5,CB,1.0,8.0
23630,306.2178,4.047753,101600000.0,45.01,Rh,II,3.4469339999999997,3.0,7.494646,3.0,GUES,2.0,7.0
23766,306.7302,4.040992,25140000.0,45.0,Rh,I,1.57746,4.5,5.618411,4.5,CB,1.0,10.0
23920,307.4015,4.032168,44620000.0,45.01,Rh,II,3.5750349999999997,2.0,7.607162,2.0,GUES,2.0,5.0
24113,308.1548,4.022311,234000000.0,45.01,Rh,II,3.4878489999999998,2.0,7.51012,1.0,GUES,2.0,3.0
24172,308.3966,4.019158,4870000.0,45.0,Rh,I,0.189692,3.5,4.20881,2.5,DL,1.0,6.0
24239,308.7415,4.014667,2054000.0,45.0,Rh,I,0.701499,1.5,4.716126,1.5,CB',1.0,4.0
24391,309.3449,4.006837,99520000.0,45.01,Rh,II,3.4878489999999998,2.0,7.494646,3.0,GUES,2.0,7.0
24487,309.6716,4.00261,139000000.0,45.01,Rh,II,3.604593,1.0,7.607162,2.0,GUES,2.0,5.0
24930,311.4907,3.979236,4518000.0,45.0,Rh,I,0.41036999999999996,2.5,4.389566,1.5,DL,1.0,4.0
25085,312.1754,3.970508,10890000.0,45.0,Rh,I,0.41036999999999996,2.5,4.380839,2.5,DL,1.0,6.0
25131,312.3703,3.968031,3643000.0,45.0,Rh,I,0.0,4.5,3.9679910000000005,3.5,DL,1.0,8.0
25309,313.0791,3.959049,1320000.0,45.0,Rh,I,0.43055699999999997,1.5,4.389566,1.5,SDL,1.0,4.0
25484,313.7708,3.9503209999999997,3330000.0,45.0,Rh,I,0.43055699999999997,1.5,4.380839,2.5,DL,1.0,6.0
25550,314.0208,3.9471760000000002,42760000.0,45.01,Rh,II,4.245591,2.0,8.192727,2.0,GUES,2.0,5.0
25809,315.1352,3.9332190000000002,29980000.0,45.0,Rh,I,1.833462,3.5,5.766641,4.5,CB,1.0,10.0
25811,315.1464,3.933079,23580000.0,45.01,Rh,II,3.402052,3.0,7.335091,4.0,GUES,2.0,9.0
25835,315.2602,3.931659,11100000.0,45.0,Rh,I,0.701499,1.5,4.633118,0.5,CB,1.0,2.0
25907,315.5774,3.927707,41080000.0,45.0,Rh,I,1.143286,2.5,5.070954,1.5,CB,1.0,4.0
25993,315.9252,3.9233830000000003,60720000.0,45.01,Rh,II,3.1463349999999997,4.0,7.069678,5.0,GUES,2.0,11.0
26059,316.226,3.919651,95230000.0,45.01,Rh,II,3.5750349999999997,2.0,7.494646,3.0,GUES,2.0,7.0
26169,316.6929,3.913873,132900000.0,45.01,Rh,II,3.4878489999999998,2.0,7.401683,2.0,GUES,2.0,5.0
26341,317.3665,3.9055660000000003,220600000.0,45.01,Rh,II,3.604593,1.0,7.51012,1.0,GUES,2.0,3.0
26472,317.9727,3.8981209999999997,14030000.0,45.0,Rh,I,0.965989,2.5,4.864071,1.5,CB,1.0,4.0
26636,318.5592,3.890943,24290000.0,45.0,Rh,I,1.143286,2.5,5.03419,1.5,CB,1.0,4.0
26692,318.7844,3.8881959999999998,72880000.0,45.01,Rh,II,3.4469339999999997,3.0,7.335091,4.0,GUES,2.0,9.0
26711,318.8596,3.887278,131100000.0,45.01,Rh,II,4.3054879999999995,1.0,8.192727,2.0,GUES,2.0,5.0
26721,318.9043,3.8867339999999997,3009000.0,45.0,Rh,I,0.322115,2.5,4.20881,2.5,DL,1.0,6.0
26770,319.1183,3.884127,16900000.0,45.0,Rh,I,0.701499,1.5,4.585587,2.5,CB',1.0,6.0
26920,319.713,3.876902,4388000.0,45.0,Rh,I,0.322115,2.5,4.198978,1.5,DL,1.0,4.0
27130,320.7245,3.8646760000000002,72010000.0,45.01,Rh,II,3.1463349999999997,4.0,7.010972,4.0,GUES,2.0,9.0
27233,321.1924,3.8590470000000003,129200000.0,45.01,Rh,II,4.196295,3.0,8.055303,2.0,GUES,2.0,5.0
27293,321.4325,3.856164,558000.0,45.0,Rh,I,0.0,4.5,3.856126,3.5,KZ,1.0,8.0
27714,323.3314,3.833518,91090000.0,45.01,Rh,II,3.402052,3.0,7.235532000000001,3.0,GUES,2.0,7.0
27813,323.7659,3.8283730000000005,14500000.0,45.0,Rh,I,0.965989,2.5,4.794324,1.5,CB,1.0,4.0
27845,323.9086,3.826687,40180000.0,45.01,Rh,II,3.5750349999999997,2.0,7.401683,2.0,GUES,2.0,5.0
27880,324.0535,3.8249760000000004,90690000.0,45.01,Rh,II,4.042468,4.0,7.867405000000001,3.0,GUES,2.0,7.0
28382,326.3142,3.7984769999999997,12540000.0,45.0,Rh,I,0.41036999999999996,2.5,4.20881,2.5,DL,1.0,6.0
28405,326.4301,3.797128,39570000.0,45.01,Rh,II,3.604593,1.0,7.401683,2.0,GUES,2.0,5.0
28489,326.7502,3.7934089999999996,69370000.0,45.01,Rh,II,3.934081,5.0,7.727450999999999,4.0,GUES,2.0,9.0
28584,327.161,3.788645,20060000.0,45.0,Rh,I,0.41036999999999996,2.5,4.198978,1.5,DL,1.0,4.0
28780,328.0536,3.778337,23380000.0,45.0,Rh,I,0.189692,3.5,3.9679910000000005,3.5,DL,1.0,8.0
28782,328.0577,3.77829,13930000.0,45.0,Rh,I,0.43055699999999997,1.5,4.20881,2.5,DL,1.0,6.0
28807,328.1698,3.776999,53660000.0,45.0,Rh,I,1.483871,1.5,5.260833,1.5,CB,1.0,4.0
28855,328.3571,3.7748459999999997,43460000.0,45.0,Rh,I,0.322115,2.5,4.096923,3.5,DL,1.0,8.0
28996,328.9137,3.7684580000000003,10180000.0,45.0,Rh,I,0.43055699999999997,1.5,4.198978,1.5,DL,1.0,4.0
29003,328.9635,3.7678879999999997,26090000.0,45.0,Rh,I,1.833462,3.5,5.601312,3.5,CB,1.0,8.0
29107,329.4273,3.762582,43570000.0,45.0,Rh,I,1.57746,4.5,5.340004,5.5,CB,1.0,12.0
29162,329.6717,3.759793,14280000.0,45.0,Rh,I,1.57746,4.5,5.3372150000000005,3.5,CB,1.0,8.0
29241,330.0462,3.755528,80290000.0,45.0,Rh,I,1.2787,1.5,5.03419,1.5,CB,1.0,4.0
29409,330.7338,3.7477199999999997,87060000.0,45.01,Rh,II,3.4878489999999998,2.0,7.235532000000001,3.0,GUES,2.0,7.0
29844,332.3091,3.729954,63210000.0,45.0,Rh,I,0.189692,3.5,3.9196089999999995,4.5,DL,1.0,10.0
30053,333.1095,3.720993,5342000.0,45.0,Rh,I,0.701499,1.5,4.422454,0.5,DL,1.0,2.0
30055,333.1247,3.720823,9922000.0,45.0,Rh,I,1.143286,2.5,4.864071,1.5,CB,1.0,4.0
30261,333.8548,3.712686,3537000.0,45.0,Rh,I,0.189692,3.5,3.9023410000000003,2.5,DL,1.0,6.0
30360,334.2901,3.7078519999999995,4050000.0,45.0,Rh,I,1.143286,2.5,4.8511,2.5,SDL,1.0,6.0
30403,334.4197,3.7064150000000002,27750000.0,45.0,Rh,I,1.364576,0.5,5.070954,1.5,CB,1.0,4.0
30764,335.9894,3.6890989999999997,89170000.0,45.0,Rh,I,1.732646,0.5,5.421707,0.5,CB,1.0,2.0
30783,336.08,3.688104,12270000.0,45.0,Rh,I,0.701499,1.5,4.389566,1.5,DL,1.0,4.0
30826,336.2182,3.686589,827100.0,45.0,Rh,I,0.41036999999999996,2.5,4.096923,3.5,SDL,1.0,8.0
30983,336.8373,3.679813,10400000.0,45.0,Rh,I,0.322115,2.5,4.0018910000000005,1.5,DL,1.0,4.0
30997,336.8772,3.6793769999999997,833300.0,45.0,Rh,I,0.701499,1.5,4.380839,2.5,DL,1.0,6.0
31030,336.968,3.678386,8328000.0,45.0,Rh,I,1.2787,1.5,4.957049,2.5,CB,1.0,6.0
31090,337.2249,3.6755839999999997,13800000.0,45.0,Rh,I,0.322115,2.5,3.997662,2.5,KZ,1.0,6.0
31093,337.2523,3.6752860000000003,501000.0,45.0,Rh,I,0.7055899999999999,3.5,4.380839,2.5,DL,1.0,6.0
31214,337.7136,3.670265,21720000.0,45.0,Rh,I,1.57746,4.5,5.247688,4.5,CB,1.0,10.0
31226,337.7702,3.66965,25980000.0,45.0,Rh,I,1.364576,0.5,5.03419,1.5,CB,1.0,4.0
31433,338.5776,3.6608989999999997,33230000.0,45.0,Rh,I,1.676352,2.5,5.3372150000000005,3.5,CB,1.0,8.0
31443,338.6114,3.6605339999999997,830600.0,45.01,Rh,II,3.5750349999999997,2.0,7.235532000000001,3.0,GUES,2.0,7.0
31739,339.6819,3.648998,64820000.0,45.0,Rh,I,0.0,4.5,3.6489620000000005,4.5,DL,1.0,10.0
31810,339.9693,3.6459129999999997,12240000.0,45.0,Rh,I,0.322115,2.5,3.9679910000000005,3.5,DL,1.0,8.0
31965,340.6546,3.63858,250200000.0,45.0,Rh,I,1.783164,1.5,5.421707,0.5,CB,1.0,2.0
32085,341.227,3.632476,396100000.0,45.0,Rh,I,1.985971,4.5,5.618411,4.5,CB,1.0,10.0
32267,342.0162,3.6240940000000004,10860000.0,45.0,Rh,I,1.57746,4.5,5.201518,4.5,CB,1.0,10.0
32366,342.4377,3.6196330000000003,4535000.0,45.0,Rh,I,0.965989,2.5,4.585587,2.5,CB',1.0,6.0
32607,343.4509,3.6089559999999996,627900.0,45.01,Rh,II,3.402052,3.0,7.010972,4.0,GUES,2.0,9.0
32619,343.4885,3.6085599999999998,132700000.0,45.0,Rh,I,0.0,4.5,3.6085239999999996,5.5,KZ,1.0,12.0
32812,344.2633,3.6004389999999997,16670000.0,45.0,Rh,I,1.783164,1.5,5.383567,2.5,CB,1.0,6.0
32953,344.7734,3.5951129999999996,3513000.0,45.0,Rh,I,0.965989,2.5,4.561066,3.5,SDL,1.0,8.0
32970,344.8572,3.594239,30930000.0,45.0,Rh,I,1.833462,3.5,5.427665,2.5,CB,1.0,6.0
33002,345.0288,3.5924519999999998,31990000.0,45.0,Rh,I,1.676352,2.5,5.268768,3.5,CB,1.0,8.0
33020,345.1147,3.591557,496500.0,45.0,Rh,I,0.41036999999999996,2.5,4.0018910000000005,1.5,DL,1.0,4.0
33133,345.5216,3.587328,5114000.0,45.0,Rh,I,0.41036999999999996,2.5,3.997662,2.5,KZ,1.0,6.0
33139,345.5418,3.5871180000000003,20650000.0,45.0,Rh,I,1.483871,1.5,5.070954,1.5,CB,1.0,4.0
33179,345.7067,3.585407,38410000.0,45.0,Rh,I,1.2787,1.5,4.864071,1.5,CB,1.0,4.0
33197,345.7926,3.584517,121400000.0,45.0,Rh,I,1.676352,2.5,5.260833,1.5,CB,1.0,4.0
33309,346.2036,3.5802620000000003,61240000.0,45.0,Rh,I,0.322115,2.5,3.9023410000000003,2.5,DL,1.0,6.0
33498,346.962,3.572436,10360000.0,45.0,Rh,I,1.2787,1.5,4.8511,2.5,SDL,1.0,6.0
33521,347.0656,3.5713699999999995,85310000.0,45.0,Rh,I,0.43055699999999997,1.5,4.0018910000000005,1.5,DL,1.0,4.0
33554,347.2249,3.569731,9111000.0,45.0,Rh,I,1.143286,2.5,4.71298,3.5,CB,1.0,8.0
33613,347.4771,3.56714,60800000.0,45.0,Rh,I,0.43055699999999997,1.5,3.997662,2.5,KZ,1.0,6.0
33678,347.7761,3.5640730000000005,61240000.0,45.01,Rh,II,3.4469339999999997,3.0,7.010972,4.0,GUES,2.0,9.0
33707,347.8904,3.562903,33330000.0,45.0,Rh,I,0.41036999999999996,2.5,3.973237,2.5,DL,1.0,6.0
33839,348.4034,3.557657,926000.0,45.0,Rh,I,0.41036999999999996,2.5,3.9679910000000005,3.5,DL,1.0,8.0
33984,349.1073,3.5504830000000003,53320000.0,45.0,Rh,I,1.483871,1.5,5.034319,0.5,CB,1.0,2.0
34049,349.4438,3.5470650000000004,22850000.0,45.0,Rh,I,1.483871,1.5,5.030901,2.5,CB,1.0,6.0
34154,349.8728,3.5427150000000003,21280000.0,45.0,Rh,I,0.43055699999999997,1.5,3.973237,2.5,DL,1.0,6.0
34244,350.2522,3.538878,43160000.0,45.0,Rh,I,0.0,4.5,3.538843,4.5,DL,1.0,10.0
34304,350.5403,3.535969,14200000.0,45.0,Rh,I,1.364576,0.5,4.90051,1.5,CB,1.0,4.0
34349,350.7311,3.534046,33950000.0,45.0,Rh,I,0.322115,2.5,3.856126,3.5,DL,1.0,8.0
34447,351.1786,3.529543,29490000.0,45.0,Rh,I,1.9987150000000002,3.5,5.528222,3.5,CB,1.0,8.0
34484,351.31,3.528223,32390000.0,45.0,Rh,I,1.732646,0.5,5.260833,1.5,CB,1.0,4.0
34629,351.9538,3.5217690000000004,7460000.0,45.0,Rh,I,1.2787,1.5,4.800434,2.5,CB,1.0,6.0
34807,352.8025,3.513297,84280000.0,45.0,Rh,I,0.189692,3.5,3.702954,3.5,DL,1.0,8.0
35016,353.8139,3.503254,16530000.0,45.0,Rh,I,0.7055899999999999,3.5,4.20881,2.5,DL,1.0,6.0
35090,354.1905,3.4995300000000005,63580000.0,45.0,Rh,I,1.364576,0.5,4.864071,1.5,CB,1.0,4.0
35148,354.3946,3.497514,46010000.0,45.0,Rh,I,0.701499,1.5,4.198978,1.5,DL,1.0,4.0
35293,354.9537,3.4920050000000002,22150000.0,45.0,Rh,I,0.41036999999999996,2.5,3.9023410000000003,2.5,DL,1.0,6.0
35653,356.4135,3.477704,131200000.0,45.0,Rh,I,1.783164,1.5,5.260833,1.5,CB,1.0,4.0
35836,357.0177,3.471818,18210000.0,45.0,Rh,I,0.43055699999999997,1.5,3.9023410000000003,2.5,DL,1.0,6.0
36141,358.3092,3.459304,26020000.0,45.0,Rh,I,0.189692,3.5,3.6489620000000005,4.5,DL,1.0,10.0
36152,358.3521,3.4588900000000002,20100000.0,45.0,Rh,I,1.2787,1.5,4.737555,1.5,CB,1.0,4.0
36477,359.6195,3.446701,54970000.0,45.0,Rh,I,0.322115,2.5,3.7687809999999997,1.5,DL,1.0,4.0
36499,359.7146,3.44579,58730000.0,45.0,Rh,I,0.41036999999999996,2.5,3.856126,3.5,DL,1.0,8.0
36713,360.5862,3.4374599999999997,24990000.0,45.0,Rh,I,1.2787,1.5,4.716126,1.5,CB',1.0,4.0
36883,361.247,3.4311730000000003,88560000.0,45.0,Rh,I,0.43055699999999997,1.5,3.861696,0.5,DL,1.0,2.0
36960,361.4775,3.428985,128700000.0,45.0,Rh,I,1.9987150000000002,3.5,5.427665,2.5,CB,1.0,6.0
37102,362.0449,3.423611,8400000.0,45.0,Rh,I,0.965989,2.5,4.389566,1.5,DL,1.0,4.0
37247,362.6589,3.417815,55180000.0,45.0,Rh,I,1.143286,2.5,4.561066,3.5,SDL,1.0,8.0
37276,362.7801,3.4166730000000003,23580000.0,45.0,Rh,I,1.483871,1.5,4.90051,1.5,CB,1.0,4.0
37567,363.9512,3.405679,46860000.0,45.0,Rh,I,1.364576,0.5,4.770221,0.5,SDL,1.0,2.0
37944,365.4873,3.3913660000000005,5957000.0,45.0,Rh,I,0.7055899999999999,3.5,4.096923,3.5,DL,1.0,8.0
38005,365.7985,3.3884809999999996,88970000.0,45.0,Rh,I,0.189692,3.5,3.5781389999999997,2.5,DL,1.0,6.0
38087,366.1869,3.3848870000000004,140700000.0,45.0,Rh,I,1.9987150000000002,3.5,5.383567,2.5,CB,1.0,6.0
38199,366.6216,3.3808730000000002,8363000.0,45.0,Rh,I,0.322115,2.5,3.702954,3.5,DL,1.0,8.0
38217,366.691,3.3802339999999997,41040000.0,45.0,Rh,I,1.483871,1.5,4.864071,1.5,CB,1.0,4.0
38399,367.4761,3.373013,24620000.0,45.0,Rh,I,1.364576,0.5,4.737555,1.5,CB,1.0,4.0
38553,368.1036,3.367262,35790000.0,45.0,Rh,I,1.483871,1.5,4.8511,2.5,SDL,1.0,6.0
38765,369.0701,3.3584440000000004,32180000.0,45.0,Rh,I,0.41036999999999996,2.5,3.7687809999999997,1.5,DL,1.0,4.0
38792,369.2358,3.3569379999999995,91240000.0,45.0,Rh,I,0.0,4.5,3.356904,3.5,DL,1.0,8.0
38862,369.4951,3.354582,13510000.0,45.0,Rh,I,1.676352,2.5,5.030901,2.5,CB,1.0,6.0
38877,369.5519,3.3540669999999997,218400000.0,45.0,Rh,I,1.985971,4.5,5.340004,5.5,CB,1.0,12.0
38951,369.8257,3.351583,23760000.0,45.0,Rh,I,1.364576,0.5,4.716126,1.5,CB',1.0,4.0
38955,369.8595,3.3512769999999996,130200000.0,45.0,Rh,I,1.985971,4.5,5.3372150000000005,3.5,CB,1.0,8.0
39004,370.0907,3.3491839999999997,38660000.0,45.0,Rh,I,0.189692,3.5,3.538843,4.5,DL,1.0,10.0
39299,371.3021,3.338257,8173000.0,45.0,Rh,I,0.43055699999999997,1.5,3.7687809999999997,1.5,DL,1.0,4.0
39305,371.3434,3.337885,16010000.0,45.0,Rh,I,1.9987150000000002,3.5,5.336566,4.5,CB,1.0,10.0
39340,371.4827,3.3366339999999997,2296000.0,45.0,Rh,I,1.143286,2.5,4.4798860000000005,3.5,CB,1.0,8.0
39608,372.4944,3.327572,6928000.0,45.0,Rh,I,1.483871,1.5,4.8114099999999995,0.5,CB,1.0,2.0
39872,373.5281,3.318364,103800000.0,45.0,Rh,I,1.676352,2.5,4.994682,3.5,CB,1.0,8.0
39919,373.7272,3.316596,57630000.0,45.0,Rh,I,1.483871,1.5,4.800434,2.5,CB,1.0,6.0
40090,374.417,3.310486,86120000.0,45.0,Rh,I,1.483871,1.5,4.794324,1.5,CB,1.0,4.0
40184,374.8207,3.30692,49900000.0,45.0,Rh,I,1.2787,1.5,4.585587,2.5,CB',1.0,6.0
40331,375.4126,3.301706,163600000.0,45.0,Rh,I,1.732646,0.5,5.034319,0.5,CB,1.0,2.0
40334,375.4273,3.3015769999999995,132700000.0,45.0,Rh,I,1.732646,0.5,5.03419,1.5,CB,1.0,4.0
40371,375.5583,3.300425,504000.0,45.0,Rh,I,0.701499,1.5,4.0018910000000005,1.5,DL,1.0,4.0
40509,376.0402,3.296196,13970000.0,45.0,Rh,I,0.701499,1.5,3.997662,2.5,KZ,1.0,6.0
40620,376.5075,3.2921050000000003,32670000.0,45.0,Rh,I,0.7055899999999999,3.5,3.997662,2.5,KZ,1.0,6.0
40747,376.9979,3.2878220000000002,190200000.0,45.0,Rh,I,1.783164,1.5,5.070954,1.5,CB,1.0,4.0
40881,377.5713,3.282829,21220000.0,45.0,Rh,I,1.985971,4.5,5.268768,3.5,CB,1.0,8.0
40938,377.8129,3.28073,74330000.0,45.0,Rh,I,1.676352,2.5,4.957049,2.5,CB,1.0,6.0
41175,378.8475,3.2717709999999998,13770000.0,45.0,Rh,I,0.701499,1.5,3.973237,2.5,DL,1.0,6.0
41258,379.218,3.268575,367300000.0,45.0,Rh,I,1.364576,0.5,4.633118,0.5,CB,1.0,2.0
41282,379.3219,3.26768,41470000.0,45.0,Rh,I,0.7055899999999999,3.5,3.973237,2.5,DL,1.0,6.0
41458,379.9318,3.262434,55130000.0,45.0,Rh,I,0.7055899999999999,3.5,3.9679910000000005,3.5,DL,1.0,8.0
41602,380.592,3.256775,142800000.0,45.0,Rh,I,1.676352,2.5,4.9330940000000005,2.5,CB,1.0,6.0
41625,380.6759,3.2560569999999998,6232000.0,45.0,Rh,I,0.322115,2.5,3.5781389999999997,2.5,DL,1.0,6.0
41696,380.9498,3.253716,8513000.0,45.0,Rh,I,1.483871,1.5,4.737555,1.5,CB,1.0,4.0
41766,381.2462,3.251187,66140000.0,45.0,Rh,I,1.783164,1.5,5.034319,0.5,CB,1.0,2.0
41831,381.4925,3.249088,65430000.0,45.01,Rh,II,4.245591,2.0,7.494646,3.0,GUES,2.0,7.0
41835,381.5021,3.249006,107400000.0,45.0,Rh,I,1.9987150000000002,3.5,5.247688,4.5,CB,1.0,10.0
41872,381.6474,3.247769,178800000.0,45.0,Rh,I,1.783164,1.5,5.030901,2.5,CB,1.0,6.0
41916,381.8186,3.2463130000000002,57290000.0,45.0,Rh,I,1.143286,2.5,4.389566,1.5,DL,1.0,4.0
42025,382.226,3.2428529999999998,85330000.0,45.0,Rh,I,0.965989,2.5,4.20881,2.5,DL,1.0,6.0
42177,382.8478,3.237586,61610000.0,45.0,Rh,I,1.143286,2.5,4.380839,2.5,DL,1.0,6.0
42324,383.3884,3.233021,56830000.0,45.0,Rh,I,0.965989,2.5,4.198978,1.5,DL,1.0,4.0
42347,383.4755,3.232287,4115000.0,45.0,Rh,I,1.483871,1.5,4.716126,1.5,CB',1.0,4.0
42841,385.6513,3.214051,59090000.0,45.0,Rh,I,0.7055899999999999,3.5,3.9196089999999995,4.5,DL,1.0,10.0
43164,387.0018,3.202835,104300000.0,45.0,Rh,I,1.9987150000000002,3.5,5.201518,4.5,CB,1.0,10.0
43221,387.239,3.200874,660300.0,45.0,Rh,I,0.701499,1.5,3.9023410000000003,2.5,DL,1.0,6.0
43353,387.7346,3.196782,3704000.0,45.0,Rh,I,0.7055899999999999,3.5,3.9023410000000003,2.5,DL,1.0,6.0
43618,388.8331,3.187751,17470000.0,45.0,Rh,I,1.676352,2.5,4.864071,1.5,CB,1.0,4.0
44025,390.4218,3.1747799999999997,1962000.0,45.0,Rh,I,1.676352,2.5,4.8511,2.5,SDL,1.0,6.0
44235,391.282,3.167801,151600.0,45.0,Rh,I,0.41036999999999996,2.5,3.5781389999999997,2.5,DL,1.0,6.0
44250,391.3508,3.1672439999999997,248700.0,45.0,Rh,I,0.189692,3.5,3.356904,3.5,DL,1.0,8.0
44480,392.2195,3.160229,6249000.0,45.0,Rh,I,0.701499,1.5,3.861696,0.5,DL,1.0,2.0
44797,393.4224,3.1505669999999997,15890000.0,45.0,Rh,I,0.7055899999999999,3.5,3.856126,3.5,DL,1.0,8.0
44812,393.498,3.149962,9033000.0,45.0,Rh,I,1.783164,1.5,4.9330940000000005,2.5,CB,1.0,6.0
44837,393.5833,3.149279,13890000.0,45.0,Rh,I,1.483871,1.5,4.633118,0.5,CB,1.0,2.0
44895,393.7915,3.147613,98900.0,45.0,Rh,I,0.43055699999999997,1.5,3.5781389999999997,2.5,DL,1.0,6.0
45021,394.271,3.143786,71000000.0,45.0,Rh,I,1.2787,1.5,4.422454,0.5,DL,1.0,2.0
45385,395.8233,3.131457,23270000.0,45.0,Rh,I,1.732646,0.5,4.864071,1.5,CB,1.0,4.0
45394,395.8856,3.130965,54410000.0,45.0,Rh,I,0.965989,2.5,4.096923,3.5,DL,1.0,8.0
45777,397.5313,3.118003,80000000.0,45.0,Rh,I,1.676352,2.5,4.794324,1.5,CB,1.0,4.0
45991,398.4393,3.110898,10990000.0,45.0,Rh,I,1.2787,1.5,4.389566,1.5,DL,1.0,4.0
46238,399.5602,3.10217,4705000.0,45.0,Rh,I,1.2787,1.5,4.380839,2.5,DL,1.0,6.0
46250,399.6149,3.101746,16690000.0,45.0,Rh,I,1.483871,1.5,4.585587,2.5,CB',1.0,6.0
46821,402.3139,3.080938,29700000.0,45.0,Rh,I,1.783164,1.5,4.864071,1.5,CB,1.0,4.0
47371,404.8407,3.061709,12800000.0,45.0,Rh,I,1.732646,0.5,4.794324,1.5,CB,1.0,4.0
47392,404.9035,3.0612340000000002,4541000.0,45.0,Rh,I,1.676352,2.5,4.737555,1.5,CB,1.0,4.0
47483,405.3438,3.057909,2800000.0,45.0,Rh,I,1.364576,0.5,4.422454,0.5,DL,1.0,2.0
47545,405.6337,3.055723,945300.0,45.0,Rh,I,1.143286,2.5,4.198978,1.5,DL,1.0,4.0
47987,407.758,3.039804,6472000.0,45.0,Rh,I,1.676352,2.5,4.716126,1.5,CB',1.0,4.0
48088,408.278,3.035932,14120000.0,45.0,Rh,I,0.965989,2.5,4.0018910000000005,1.5,DL,1.0,4.0
48129,408.4277,3.03482,189900.0,45.0,Rh,I,0.322115,2.5,3.356904,3.5,SDL,1.0,8.0
48217,408.7784,3.032216,11820000.0,45.0,Rh,I,1.9987150000000002,3.5,5.030901,2.5,CB,1.0,6.0
48229,408.8476,3.031703,896600.0,45.0,Rh,I,0.965989,2.5,3.997662,2.5,KZ,1.0,6.0
48415,409.7508,3.02502,7027000.0,45.0,Rh,I,1.364576,0.5,4.389566,1.5,DL,1.0,4.0
48622,410.7492,3.017668,3300000.0,45.0,Rh,I,1.833462,3.5,4.8511,2.5,SDL,1.0,6.0
48797,411.6329,3.01119,15590000.0,45.0,Rh,I,1.783164,1.5,4.794324,1.5,CB,1.0,4.0
48859,411.9679,3.008741,20470000.0,45.0,Rh,I,1.985971,4.5,4.994682,3.5,CB,1.0,8.0
48895,412.1683,3.007278,9899000.0,45.0,Rh,I,0.965989,2.5,3.973237,2.5,DL,1.0,6.0
49048,412.8886,3.002032,17340000.0,45.0,Rh,I,0.965989,2.5,3.9679910000000005,3.5,DL,1.0,8.0
49184,413.5275,2.997394,10180000.0,45.0,Rh,I,0.7055899999999999,3.5,3.702954,3.5,DL,1.0,8.0
49558,415.4343,2.983636,8586000.0,45.0,Rh,I,1.57746,4.5,4.561066,3.5,SDL,1.0,8.0
50369,419.6496,2.953667,3846000.0,45.0,Rh,I,1.143286,2.5,4.096923,3.5,DL,1.0,8.0
50589,420.6613,2.946564,113000.0,45.0,Rh,I,0.41036999999999996,2.5,3.356904,3.5,DL,1.0,8.0
50681,421.1133,2.9434009999999997,16410000.0,45.0,Rh,I,0.7055899999999999,3.5,3.6489620000000005,4.5,DL,1.0,10.0
51035,423.0193,2.930139,818500.0,45.0,Rh,I,1.2787,1.5,4.20881,2.5,SDL,1.0,6.0
51344,424.4435,2.9203069999999998,654900.0,45.0,Rh,I,1.2787,1.5,4.198978,1.5,DL,1.0,4.0
51882,427.3418,2.900502,18680000.0,45.0,Rh,I,1.732646,0.5,4.633118,0.5,CB,1.0,2.0
51989,427.8588,2.8969970000000003,918600.0,45.0,Rh,I,1.483871,1.5,4.380839,2.5,DL,1.0,6.0
52206,428.8702,2.890165,6111000.0,45.0,Rh,I,0.965989,2.5,3.856126,3.5,DL,1.0,8.0
52364,429.6763,2.884743,2658000.0,45.0,Rh,I,1.676352,2.5,4.561066,3.5,SDL,1.0,8.0
53256,434.2432,2.854405,380400.0,45.0,Rh,I,1.143286,2.5,3.997662,2.5,KZ,1.0,6.0
53816,437.3035,2.83443,1739000.0,45.0,Rh,I,1.364576,0.5,4.198978,1.5,DL,1.0,4.0
53849,437.4809,2.833281,16290000.0,45.0,Rh,I,0.7055899999999999,3.5,3.538843,4.5,DL,1.0,10.0
53940,437.9911,2.82998,2471000.0,45.0,Rh,I,1.143286,2.5,3.973237,2.5,DL,1.0,6.0
54915,443.3318,2.795889,5602000.0,45.0,Rh,I,1.998463,2.5,4.794324,1.5,CB,1.0,4.0
55946,449.2459,2.7590830000000004,447500.0,45.0,Rh,I,1.143286,2.5,3.9023410000000003,2.5,DL,1.0,6.0
56118,450.3773,2.752152,1474000.0,45.0,Rh,I,1.833462,3.5,4.585587,2.5,CB',1.0,6.0
56498,452.8719,2.736992,1345000.0,45.0,Rh,I,0.965989,2.5,3.702954,3.5,DL,1.0,8.0
56737,454.4261,2.727631,654400.0,45.0,Rh,I,1.833462,3.5,4.561066,3.5,SDL,1.0,8.0
56811,454.8707,2.7249659999999998,549500.0,45.0,Rh,I,1.483871,1.5,4.20881,2.5,DL,1.0,6.0
56852,455.1625,2.723219,4032000.0,45.0,Rh,I,1.2787,1.5,4.0018910000000005,1.5,DL,1.0,4.0
57015,456.0884,2.71769,1922000.0,45.0,Rh,I,1.998463,2.5,4.716126,1.5,CB',1.0,4.0
57086,456.5179,2.715134,1079000.0,45.0,Rh,I,1.483871,1.5,4.198978,1.5,DL,1.0,4.0
57139,456.8993,2.7128669999999997,1026000.0,45.0,Rh,I,1.143286,2.5,3.856126,3.5,DL,1.0,8.0
57719,460.8115,2.689836,2069000.0,45.0,Rh,I,1.732646,0.5,4.422454,0.5,DL,1.0,2.0
58172,464.3181,2.669522,11200000.0,45.0,Rh,I,2.100726,1.5,4.770221,0.5,SDL,1.0,2.0
58569,467.5022,2.651341,632700.0,45.0,Rh,I,0.7055899999999999,3.5,3.356904,3.5,DL,1.0,8.0
59156,472.0995,2.625522,341800.0,45.0,Rh,I,1.143286,2.5,3.7687809999999997,1.5,DL,1.0,4.0
59506,474.5116,2.612176,516700.0,45.0,Rh,I,0.965989,2.5,3.5781389999999997,2.5,DL,1.0,6.0
59644,475.558,2.6064279999999997,599000.0,45.0,Rh,I,1.783164,1.5,4.389566,1.5,DL,1.0,4.0
60317,481.0482,2.576682,31590000.0,45.0,Rh,I,3.356904,3.5,5.93356,4.5,CB,1.0,10.0
60737,484.2407,2.559694,162400.0,45.0,Rh,I,1.143286,2.5,3.702954,3.5,DL,1.0,8.0
60759,484.3991,2.558857,77690000.0,45.0,Rh,I,3.356904,3.5,5.915736,3.5,CB,1.0,8.0
61036,486.5773,2.547402,418200.0,45.0,Rh,I,1.833462,3.5,4.380839,2.5,DL,1.0,6.0
61618,491.3515,2.5226509999999998,301300.0,45.0,Rh,I,1.676352,2.5,4.198978,1.5,DL,1.0,4.0
61678,491.9683,2.519488,212300.0,45.0,Rh,I,1.57746,4.5,4.096923,3.5,DL,1.0,8.0
61724,492.2503,2.518045,321700.0,45.0,Rh,I,1.483871,1.5,4.0018910000000005,1.5,DL,1.0,4.0
62193,496.3703,2.497145,3029000.0,45.0,Rh,I,1.364576,0.5,3.861696,0.5,DL,1.0,2.0
62367,497.7734,2.490106,972200.0,45.0,Rh,I,1.2787,1.5,3.7687809999999997,1.5,DL,1.0,4.0
62380,497.9164,2.489391,1003000.0,45.0,Rh,I,1.483871,1.5,3.973237,2.5,DL,1.0,6.0
63605,509.064,2.434878,503700.0,45.0,Rh,I,1.143286,2.5,3.5781389999999997,2.5,DL,1.0,6.0
63903,512.0679,2.420595,310600.0,45.0,Rh,I,1.676352,2.5,4.096923,3.5,DL,1.0,8.0
64022,513.0763,2.415838,438000.0,45.0,Rh,I,1.783164,1.5,4.198978,1.5,DL,1.0,4.0
64269,515.5537,2.404229,971100.0,45.0,Rh,I,1.364576,0.5,3.7687809999999997,1.5,DL,1.0,4.0
64288,515.709,2.403505,20850000.0,45.0,Rh,I,3.538843,4.5,5.942323,4.5,CB,1.0,10.0
64304,515.8681,2.402763,107300000.0,45.0,Rh,I,3.5781389999999997,2.5,5.980879,2.5,CB,1.0,6.0
64470,517.5962,2.394742,84310000.0,45.0,Rh,I,3.538843,4.5,5.93356,4.5,CB,1.0,10.0
64485,517.7249,2.394146,40980000.0,45.0,Rh,I,3.973237,2.5,6.36736,3.5,CB,1.0,8.0
64577,518.4194,2.390939,162700.0,45.0,Rh,I,0.965989,2.5,3.356904,3.5,DL,1.0,8.0
64591,518.5025,2.390556,112500.0,45.0,Rh,I,1.57746,4.5,3.9679910000000005,3.5,DL,1.0,8.0
64679,519.313,2.386825,113200000.0,45.0,Rh,I,3.538843,4.5,5.925644,5.5,CB,1.0,12.0
64795,520.3325,2.382148,167200.0,45.0,Rh,I,1.9987150000000002,3.5,4.380839,2.5,DL,1.0,6.0
64880,521.1506,2.378409,48630000.0,45.0,Rh,I,3.856126,3.5,6.234511,3.5,CB,1.0,8.0
64896,521.2734,2.3778490000000003,600800.0,45.0,Rh,I,1.483871,1.5,3.861696,0.5,DL,1.0,2.0
64920,521.4776,2.3769169999999997,29260000.0,45.0,Rh,I,3.538843,4.5,5.915736,3.5,CB,1.0,8.0
64994,522.2655,2.373332,133700000.0,45.0,Rh,I,4.0018910000000005,1.5,6.375198999999999,1.5,CB,1.0,4.0
65076,523.0612,2.3697209999999997,66630000.0,45.0,Rh,I,3.997662,2.5,6.36736,3.5,CB,1.0,8.0
65138,523.7147,2.366764,138900000.0,45.0,Rh,I,3.856126,3.5,6.222866000000001,3.5,CB,1.0,8.0
65505,526.9262,2.3523400000000003,34850000.0,45.0,Rh,I,3.5781389999999997,2.5,5.9304559999999995,2.5,CB,1.0,6.0
65639,528.0116,2.3475040000000003,43700000.0,45.0,Rh,I,3.9023410000000003,2.5,6.249821,2.5,CB,1.0,6.0
65754,529.2135,2.342173,368700.0,45.0,Rh,I,1.57746,4.5,3.9196089999999995,4.5,DL,1.0,10.0
66011,531.478,2.332193,42640000.0,45.0,Rh,I,3.9023410000000003,2.5,6.234511,3.5,CB,1.0,8.0
66167,532.9738,2.325648,51440000.0,45.0,Rh,I,3.6085239999999996,5.5,5.934149,5.5,CB,1.0,12.0
66181,533.1088,2.325059,20910000.0,45.0,Rh,I,3.6085239999999996,5.5,5.93356,4.5,CB,1.0,10.0
66376,534.9302,2.317143,11700000.0,45.0,Rh,I,3.6085239999999996,5.5,5.925644,5.5,CB,1.0,12.0
66476,535.6465,2.314044,57030000.0,45.0,Rh,I,3.9196089999999995,4.5,6.233630000000001,4.5,CB,1.0,10.0
66693,537.9072,2.304319,94030000.0,45.0,Rh,I,3.9196089999999995,4.5,6.223905,5.5,CB,1.0,12.0
66815,539.0433,2.299462,960500.0,45.0,Rh,I,1.2787,1.5,3.5781389999999997,2.5,DL,1.0,6.0
66962,540.4718,2.293385,36170000.0,45.0,Rh,I,3.6489620000000005,4.5,5.942323,4.5,CB,1.0,10.0
67152,542.4051,2.2852099999999997,75170000.0,45.0,Rh,I,3.6489620000000005,4.5,5.934149,5.5,CB,1.0,12.0
67164,542.4711,2.284933,504700.0,45.0,Rh,I,1.483871,1.5,3.7687809999999997,1.5,DL,1.0,4.0
67166,542.545,2.284621,28510000.0,45.0,Rh,I,3.6489620000000005,4.5,5.93356,4.5,CB,1.0,10.0
67310,543.9575,2.278689,158400.0,45.0,Rh,I,1.57746,4.5,3.856126,3.5,KZ,1.0,8.0
67325,544.1346,2.277947,32680000.0,45.0,Rh,I,3.702954,3.5,5.980879,2.5,CB,1.0,6.0
67346,544.4315,2.2767049999999998,11830000.0,45.0,Rh,I,3.6489620000000005,4.5,5.925644,5.5,CB,1.0,12.0
67569,546.8111,2.266797,43160000.0,45.0,Rh,I,3.6489620000000005,4.5,5.915736,3.5,CB,1.0,8.0
67603,547.0852,2.265662,110800000.0,45.0,Rh,I,3.9679910000000005,3.5,6.233630000000001,3.5,CB,1.0,8.0
67660,547.6118,2.2634830000000004,271500.0,45.0,Rh,I,1.833462,3.5,4.096923,3.5,SDL,1.0,8.0
67733,548.1414,2.2612959999999998,36560000.0,45.0,Rh,I,3.973237,2.5,6.234511,3.5,CB,1.0,8.0
67765,548.4229,2.260136,50420000.0,45.0,Rh,I,3.9679910000000005,3.5,6.228104,3.5,CB,1.0,8.0
67960,550.4651,2.25175,38390000.0,45.0,Rh,I,3.973237,2.5,6.224965,2.5,CB,1.0,6.0
68258,553.5031,2.2393919999999996,46520000.0,45.0,Rh,I,3.702954,3.5,5.942323,4.5,CB,1.0,10.0
68347,554.4593,2.235529,41030000.0,45.0,Rh,I,3.702954,3.5,5.938461,3.5,CB,1.0,8.0
68897,559.9419,2.213641,1243000.0,45.0,Rh,I,1.143286,2.5,3.356904,3.5,DL,1.0,8.0
68978,560.8346,2.210117,599900.0,45.0,Rh,I,1.9987150000000002,3.5,4.20881,2.5,SDL,1.0,6.0
69211,563.2763,2.2005369999999997,245700.0,45.0,Rh,I,1.998463,2.5,4.198978,1.5,SDL,1.0,4.0
69475,565.962,2.190095,186300.0,45.0,Rh,I,1.783164,1.5,3.973237,2.5,SDL,1.0,6.0
69718,568.6361,2.179795,502500.0,45.0,Rh,I,1.676352,2.5,3.856126,3.5,DL,1.0,8.0
69857,570.2459,2.1736419999999996,49390000.0,45.0,Rh,I,4.20881,2.5,6.38243,2.5,CB,1.0,6.0
70105,572.7281,2.164222,125800.0,45.0,Rh,I,1.833462,3.5,3.997662,2.5,KZ,1.0,6.0
70768,579.2657,2.139797,602500.0,45.0,Rh,I,1.833462,3.5,3.973237,2.5,SDL,1.0,6.0
70904,580.6893,2.1345509999999996,1130000.0,45.0,Rh,I,1.833462,3.5,3.9679910000000005,3.5,DL,1.0,8.0
71046,582.1836,2.1290720000000003,264700.0,45.0,Rh,I,1.732646,0.5,3.861696,0.5,SDL,1.0,2.0
71135,583.1576,2.125516,370900.0,45.0,Rh,I,1.57746,4.5,3.702954,3.5,DL,1.0,8.0
71783,590.7414,2.098229,173000.0,45.0,Rh,I,1.9987150000000002,3.5,4.096923,3.5,SDL,1.0,8.0
71861,591.8529,2.094289,100300.0,45.0,Rh,I,1.483871,1.5,3.5781389999999997,2.5,DL,1.0,6.0
72054,594.1424,2.086219,11920000.0,45.0,Rh,I,3.856126,3.5,5.942323,4.5,CB,1.0,10.0
72360,598.3575,2.071523,2089000.0,45.0,Rh,I,1.57746,4.5,3.6489620000000005,4.5,DL,1.0,10.0
72420,599.1162,2.068899,182300.0,45.0,Rh,I,1.833462,3.5,3.9023410000000003,2.5,SDL,1.0,6.0
73207,610.2706,2.031085,1008000.0,45.0,Rh,I,1.57746,4.5,3.6085239999999996,5.5,KZ,1.0,12.0
73303,611.6143,2.026623,82760.0,45.0,Rh,I,1.676352,2.5,3.702954,3.5,SDL,1.0,8.0
73389,612.8053,2.022684,124800.0,45.0,Rh,I,1.833462,3.5,3.856126,3.5,KZ,1.0,8.0
73811,618.6889,2.003448,262300.0,45.0,Rh,I,1.998463,2.5,4.0018910000000005,1.5,SDL,1.0,4.0
73887,619.9977,1.9992189999999999,324300.0,45.0,Rh,I,1.998463,2.5,3.997662,2.5,KZ,1.0,6.0
74173,625.3716,1.9820400000000002,322500.0,45.0,Rh,I,1.985971,4.5,3.9679910000000005,3.5,SDL,1.0,8.0
74350,627.6662,1.974794,102400.0,45.0,Rh,I,1.998463,2.5,3.973237,2.5,SDL,1.0,6.0
74355,627.7462,1.974543,182000.0,45.0,Rh,I,1.9987150000000002,3.5,3.973237,2.5,SDL,1.0,6.0
74441,629.338,1.9695479999999999,115600.0,45.0,Rh,I,1.998463,2.5,3.9679910000000005,3.5,SDL,1.0,8.0
74621,631.9517,1.9614029999999998,400400.0,45.0,Rh,I,1.57746,4.5,3.538843,4.5,DL,1.0,10.0
75164,641.4702,1.9322979999999998,10390000.0,45.0,Rh,I,3.5781389999999997,2.5,5.510418,3.5,CB,1.0,8.0
75746,651.0394,1.9038970000000002,353600.0,45.0,Rh,I,1.998463,2.5,3.9023410000000003,2.5,SDL,1.0,6.0
75803,651.9684,1.901184,621400.0,45.0,Rh,I,2.100726,1.5,4.0018910000000005,1.5,SDL,1.0,4.0
76507,662.7794,1.8701729999999999,154200.0,45.0,Rh,I,1.985971,4.5,3.856126,3.5,KZ,1.0,8.0
76526,663.0142,1.8695110000000001,286900.0,45.0,Rh,I,1.833462,3.5,3.702954,3.5,SDL,1.0,8.0
77305,675.2337,1.835679,21130000.0,45.0,Rh,I,3.356904,3.5,5.192565,4.5,CB,1.0,10.0
77618,679.6674,1.823704,69370000.0,45.0,Rh,I,4.380839,2.5,6.204525,2.5,CB,1.0,6.0
77816,682.7322,1.815518,272500.0,45.0,Rh,I,1.833462,3.5,3.6489620000000005,4.5,SDL,1.0,10.0
78040,685.7675,1.807482,15430000.0,45.0,Rh,I,3.702954,3.5,5.510418,3.5,CB,1.0,8.0
78172,687.9941,1.801632,661600.0,45.0,Rh,I,2.100726,1.5,3.9023410000000003,2.5,SDL,1.0,6.0
78654,696.5656,1.779463,375700.0,45.0,Rh,I,1.57746,4.5,3.356904,3.5,DL,1.0,8.0
78693,697.293,1.777607,33500000.0,45.0,Rh,I,3.9023410000000003,2.5,5.6799290000000004,1.5,CB,1.0,4.0
78725,697.9092,1.7760369999999999,40560000.0,45.0,Rh,I,3.861696,0.5,5.637715,2.5,CB,1.0,6.0
78877,700.1567,1.7703360000000001,564200.0,45.0,Rh,I,1.998463,2.5,3.7687809999999997,1.5,SDL,1.0,4.0
79083,703.8736,1.760988,1169000.0,45.0,Rh,I,2.100726,1.5,3.861696,0.5,SDL,1.0,2.0
79427,710.1622,1.745394,46030000.0,45.0,Rh,I,3.7687809999999997,1.5,5.514158,2.5,CB,1.0,6.0
79440,710.4468,1.744695,540300.0,45.0,Rh,I,1.833462,3.5,3.5781389999999997,2.5,SDL,1.0,6.0
79656,714.2552,1.7353919999999998,20800000.0,45.0,Rh,I,3.9023410000000003,2.5,5.637715,2.5,CB,1.0,6.0
80095,721.9061,1.717,311800.0,45.0,Rh,I,1.985971,4.5,3.702954,3.5,SDL,1.0,8.0
80366,726.8176,1.705397,399100.0,45.0,Rh,I,1.833462,3.5,3.538843,4.5,DL,1.0,10.0
80377,727.0819,1.704777,38690000.0,45.0,Rh,I,3.538843,4.5,5.243603,3.5,CB,1.0,8.0
80384,727.1967,1.7045080000000001,395800.0,45.0,Rh,I,1.998463,2.5,3.702954,3.5,SDL,1.0,8.0
80389,727.3041,1.704257,157500.0,45.0,Rh,I,1.9987150000000002,3.5,3.702954,3.5,SDL,1.0,8.0
80962,737.5554,1.680569,342900.0,45.0,Rh,I,1.676352,2.5,3.356904,3.5,SDL,1.0,8.0
81007,738.6606,1.6780549999999999,27860000.0,45.0,Rh,I,4.0018910000000005,1.5,5.6799290000000004,1.5,CB,1.0,4.0
81219,743.0814,1.6680720000000002,478400.0,45.0,Rh,I,2.100726,1.5,3.7687809999999997,1.5,SDL,1.0,4.0
81277,744.2376,1.6654799999999998,19830000.0,45.0,Rh,I,3.5781389999999997,2.5,5.243603,3.5,CB,1.0,8.0
81298,744.6783,1.664495,25810000.0,45.0,Rh,I,3.973237,2.5,5.637715,2.5,CB,1.0,6.0
81444,747.5734,1.658049,32240000.0,45.0,Rh,I,3.856126,3.5,5.514158,2.5,CB,1.0,6.0
81544,749.5216,1.6537389999999998,9426000.0,45.0,Rh,I,3.538843,4.5,5.192565,4.5,CB,1.0,10.0
81774,754.2024,1.643475,89280000.0,45.0,Rh,I,4.561066,3.5,6.204525,2.5,CB,1.0,6.0
81843,755.7687,1.6400689999999998,38810000.0,45.0,Rh,I,3.997662,2.5,5.637715,2.5,CB,1.0,6.0
81958,757.7226,1.63584,30670000.0,45.0,Rh,I,4.0018910000000005,1.5,5.637715,2.5,CB,1.0,6.0
82574,769.0085,1.611833,29780000.0,45.0,Rh,I,3.9023410000000003,2.5,5.514158,2.5,CB,1.0,6.0
83025,777.2913,1.594657,20400000.0,45.0,Rh,I,3.6489620000000005,4.5,5.243603,3.5,CB,1.0,8.0
83108,779.1639,1.590825,62740000.0,45.0,Rh,I,3.9196089999999995,4.5,5.510418,3.5,CB,1.0,8.0
83267,782.4931,1.584057,44350000.0,45.0,Rh,I,3.6085239999999996,5.5,5.192565,4.5,CB,1.0,10.0
83390,784.6549,1.579692,597600.0,45.0,Rh,I,1.998463,2.5,3.5781389999999997,2.5,SDL,1.0,6.0
