,Wl/nm,E_Photon,A-Value,Elem. num,Element,ion state,E_lower_lev.,J_lower,E_upper_lev.,J_upper,Ref.,ion state num,g_j
1948,214.6877,5.773334999999999,516600000.0,73.01,Ta,II,0.127872,2.0,5.901149,1.0,CB,2.0,3.0
2004,215.064,5.763235,154800000.0,73.01,Ta,II,0.127872,2.0,5.89105,2.0,CB,2.0,5.0
2192,216.5013,5.724978,184400000.0,73.01,Ta,II,0.0,1.0,5.724921,1.0,CB,2.0,3.0
2383,217.8027,5.690774,220100000.0,73.01,Ta,II,0.547477,4.0,6.238194,3.0,CB,2.0,7.0
2449,218.2723,5.678532,224300000.0,73.01,Ta,II,0.127872,2.0,5.806347,3.0,CB,2.0,7.0
2606,219.322,5.651358,220200000.0,73.01,Ta,II,0.327598,3.0,5.9789,2.0,CB,2.0,5.0
2614,219.389,5.649630999999999,380200000.0,73.01,Ta,II,0.767067,5.0,6.416641,5.0,CB,2.0,11.0
2648,219.6056,5.6440589999999995,520400000.0,73.01,Ta,II,0.547488,4.0,6.191491,4.0,CB,2.0,9.0
2690,219.9686,5.634748,316300000.0,73.01,Ta,II,0.0,1.0,5.634691,2.0,CB,2.0,5.0
2818,221.0042,5.608346,498800000.0,73.01,Ta,II,0.0,1.0,5.60829,1.0,CB,2.0,3.0
2901,221.56,5.594279,207900000.0,73.01,Ta,II,0.547488,4.0,6.141711,3.0,CB,2.0,7.0
3251,223.9517,5.53454,435800000.0,73.01,Ta,II,0.327598,3.0,5.862083,4.0,CB,2.0,9.0
3360,224.8495,5.512443,272800000.0,73.01,Ta,II,1.208385,4.0,6.720772999999999,4.0,CB,2.0,9.0
3382,224.9791,5.5092669999999995,675400000.0,73.01,Ta,II,0.0,1.0,5.509212000000001,0.0,CB,2.0,1.0
3401,225.0769,5.506874,468000000.0,73.01,Ta,II,0.127872,2.0,5.634691,2.0,CB,2.0,5.0
3466,225.4882,5.49683,194400000.0,73.01,Ta,II,0.394275,2.0,5.89105,2.0,CB,2.0,5.0
3485,225.5762,5.494688,696700000.0,73.01,Ta,II,1.541849,3.0,7.036481,4.0,CB,2.0,9.0
3504,225.6509,5.492869000000001,351200000.0,73.01,Ta,II,1.208385,4.0,6.701198,5.0,CB,2.0,11.0
3537,225.8718,5.487496,157500000.0,73.01,Ta,II,0.0,1.0,5.4874410000000005,2.0,CB,2.0,5.0
3580,226.1424,5.48093,424600000.0,73.01,Ta,II,0.0,1.0,5.480875,1.0,CB,2.0,3.0
3585,226.1613,5.480473,172900000.0,73.01,Ta,II,0.127872,2.0,5.60829,1.0,CB,2.0,3.0
3603,226.2302,5.478804,512500000.0,73.01,Ta,II,0.327598,3.0,5.806347,3.0,CB,2.0,7.0
3717,226.9563,5.461276,424400000.0,73.01,Ta,II,1.57526,4.0,7.036481,4.0,CB,2.0,9.0
3750,227.1847,5.455786,293000000.0,73.01,Ta,II,0.327598,3.0,5.78333,4.0,CB,2.0,9.0
3763,227.26,5.453978,556800000.0,73.01,Ta,II,0.394275,2.0,5.848198,3.0,CB,2.0,7.0
3927,228.22,5.431038,110200000.0,73.01,Ta,II,0.127872,2.0,5.558856,3.0,CB,2.0,7.0
3973,228.5023,5.424331,185000000.0,73.01,Ta,II,0.660931,1.0,6.085208000000001,2.0,CB,2.0,5.0
3977,228.5276,5.423731,584800000.0,73.01,Ta,II,0.327598,3.0,5.751275,2.0,CB,2.0,5.0
3996,228.6603,5.420583000000001,1176000000.0,73.01,Ta,II,1.208385,4.0,6.628913000000001,3.0,CB,2.0,7.0
4005,228.7274,5.418992,538200000.0,73.01,Ta,II,1.541849,3.0,6.960787,4.0,CB,2.0,9.0
4041,228.9164,5.414519,882100000.0,73.01,Ta,II,0.394275,2.0,5.808739,2.0,CB,2.0,5.0
4247,230.1466,5.38558,403300000.0,73.01,Ta,II,1.57526,4.0,6.960787,4.0,CB,2.0,9.0
4255,230.2239,5.383771,832900000.0,73.01,Ta,II,0.70149,2.0,6.085208000000001,2.0,CB,2.0,5.0
4261,230.2928,5.382161,451000000.0,73.01,Ta,II,0.547488,4.0,5.929595,3.0,CB,2.0,7.0
4270,230.349,5.380848,118600000.0,73.01,Ta,II,0.127872,2.0,5.508666000000001,3.0,CB,2.0,7.0
4355,230.8511,5.369145,129400000.0,73.01,Ta,II,0.70149,2.0,6.070581,3.0,CB,2.0,7.0
4424,231.2613,5.359623,238100000.0,73.01,Ta,II,0.127872,2.0,5.4874410000000005,2.0,CB,2.0,5.0
4477,231.545,5.353056,395800000.0,73.01,Ta,II,0.127872,2.0,5.480875,1.0,CB,2.0,3.0
4541,231.9082,5.344673,995700000.0,73.01,Ta,II,1.541849,3.0,6.886467999999999,3.0,CB,2.0,7.0
4757,233.1289,5.31669,383300000.0,73.01,Ta,II,1.458942,3.0,6.775579,3.0,CB,2.0,7.0
4773,233.2185,5.314648,529800000.0,73.01,Ta,II,0.547488,4.0,5.862083,4.0,CB,2.0,9.0
4840,233.4897,5.308475,373400000.0,73.01,Ta,II,0.846974,3.0,6.155396,3.0,CB,2.0,7.0
4851,233.5746,5.306546,422300000.0,73.01,Ta,II,1.57526,4.0,6.881753,5.0,CB,2.0,11.0
4935,234.0933,5.29479,436500000.0,73.01,Ta,II,0.846974,3.0,6.141711,3.0,CB,2.0,7.0
4949,234.1613,5.293252,976600000.0,73.01,Ta,II,1.541849,3.0,6.835048,3.0,CB,2.0,7.0
5165,235.3869,5.265694,2139000000.0,73.01,Ta,II,0.660931,1.0,5.926572,0.0,CB,2.0,1.0
5213,235.6064,5.2607870000000005,682900000.0,73.01,Ta,II,1.201465,2.0,6.462199,3.0,CB,2.0,7.0
5228,235.6904,5.2589120000000005,201400000.0,73.01,Ta,II,0.547488,4.0,5.806347,3.0,CB,2.0,7.0
5240,235.7316,5.257994,21730000.0,73.0,Ta,I,0.0,1.5,5.257942,1.5,CB,1.0,4.0
5277,235.9168,5.253867,838000000.0,73.01,Ta,II,1.208385,4.0,6.462199,3.0,CB,2.0,7.0
5313,236.1106,5.249555,42220000.0,73.0,Ta,I,0.249221,2.5,5.498723,1.5,CB,1.0,4.0
5366,236.4261,5.242551000000001,1102000000.0,73.01,Ta,II,0.767067,5.0,6.009565,4.0,CB,2.0,9.0
5430,236.7267,5.235894,60410000.0,73.01,Ta,II,0.547488,4.0,5.78333,4.0,CB,2.0,9.0
5472,236.9341,5.23131,137900000.0,73.01,Ta,II,0.327598,3.0,5.558856,3.0,CB,2.0,7.0
5500,237.077,5.228157,629500000.0,73.01,Ta,II,0.70149,2.0,5.929595,3.0,CB,2.0,7.0
5512,237.1586,5.2263589999999995,62460000.0,73.0,Ta,I,0.491463,3.5,5.717771,2.5,CB,1.0,6.0
5545,237.2812,5.223659,198700000.0,73.01,Ta,II,0.846974,3.0,6.070581,3.0,CB,2.0,7.0
5575,237.3936,5.221186,1164000000.0,73.01,Ta,II,1.3282690000000001,1.0,6.549402,1.0,CB,2.0,3.0
5664,237.8329,5.211542,135600000.0,73.01,Ta,II,0.127872,2.0,5.339362,2.0,CB,2.0,5.0
5732,238.1148,5.2053720000000006,335800000.0,73.01,Ta,II,0.327598,3.0,5.532919000000001,4.0,CB,2.0,9.0
5783,238.3741,5.199711,916700000.0,73.01,Ta,II,0.70149,2.0,5.901149,1.0,CB,2.0,3.0
5791,238.4303,5.198485,149300000.0,73.01,Ta,II,0.127872,2.0,5.3263050000000005,3.0,CB,2.0,7.0
5876,238.838,5.189611,274600000.0,73.01,Ta,II,0.70149,2.0,5.89105,2.0,CB,2.0,5.0
5888,238.9112,5.188023,1171000000.0,73.01,Ta,II,1.201465,2.0,6.389436,2.0,CB,2.0,5.0
6020,239.6292,5.172479,13050000.0,73.0,Ta,I,0.69692,4.5,5.869347,5.5,CB,1.0,12.0
6093,239.9932,5.164633,68920000.0,73.01,Ta,II,0.394275,2.0,5.558856,3.0,CB,2.0,7.0
6147,240.2137,5.159895,220600000.0,73.01,Ta,II,0.327598,3.0,5.4874410000000005,2.0,CB,2.0,5.0
6183,240.3674,5.156594,826100000.0,73.01,Ta,II,1.4723709999999999,2.0,6.628913000000001,3.0,CB,2.0,7.0
6260,240.6547,5.1504389999999995,18320000.0,73.0,Ta,I,0.249221,2.5,5.399609,2.5,CB,1.0,6.0
6276,240.756,5.148272,4242000.0,73.0,Ta,I,0.249221,2.5,5.397441000000001,3.5,CB,1.0,8.0
6295,240.8268,5.14676,359200000.0,73.01,Ta,II,0.70149,2.0,5.848198,3.0,CB,2.0,7.0
6385,241.2528,5.13767,630900000.0,73.01,Ta,II,1.807822,3.0,6.945441000000001,2.0,CB,2.0,5.0
6443,241.5205,5.131977,1285000000.0,73.01,Ta,II,0.846974,3.0,5.9789,2.0,CB,2.0,5.0
6486,241.6889,5.1284019999999995,318500000.0,73.01,Ta,II,0.327598,3.0,5.4559489999999995,4.0,CB,2.0,9.0
6494,241.7346,5.127432,102300000.0,73.01,Ta,II,0.0,1.0,5.1273800000000005,1.0,CB,2.0,3.0
6595,242.1038,5.119614,36960000.0,73.0,Ta,I,0.491463,3.5,5.611026,2.5,CB,1.0,6.0
6646,242.3486,5.114443,269100000.0,73.01,Ta,II,0.394275,2.0,5.508666000000001,3.0,CB,2.0,7.0
6705,242.5919,5.109314,1973000000.0,73.01,Ta,II,1.541849,3.0,6.651111,2.0,CB,2.0,5.0
6742,242.7632,5.105708,98280000.0,73.0,Ta,I,0.0,1.5,5.105657,0.5,CB,1.0,2.0
6753,242.8013,5.104908,208100000.0,73.01,Ta,II,0.70149,2.0,5.806347,3.0,CB,2.0,7.0
6803,242.9695,5.101373000000001,326400000.0,73.01,Ta,II,0.0,1.0,5.101322,2.0,CB,2.0,5.0
6839,243.1055,5.098521,110500000.0,73.01,Ta,II,0.127872,2.0,5.226342,2.0,CB,2.0,5.0
6907,243.3586,5.093218,310700000.0,73.01,Ta,II,0.394275,2.0,5.4874410000000005,2.0,CB,2.0,5.0
6973,243.6506,5.087115,1532000000.0,73.01,Ta,II,1.541849,3.0,6.628913000000001,3.0,CB,2.0,7.0
7006,243.7686,5.084651999999999,8949000.0,73.0,Ta,I,0.0,1.5,5.084601,2.5,CB,1.0,6.0
7031,243.8636,5.0826720000000005,530200000.0,73.01,Ta,II,0.846974,3.0,5.929595,3.0,CB,2.0,7.0
7056,243.991,5.080018,35560000.0,73.0,Ta,I,0.249221,2.5,5.329187999999999,2.5,CB,1.0,6.0
7106,244.239,5.074859,33040000.0,73.0,Ta,I,0.69692,4.5,5.7717279999999995,5.5,CB,1.0,12.0
7141,244.4116,5.071276999999999,163100000.0,73.01,Ta,II,0.327598,3.0,5.398825,3.0,CB,2.0,7.0
7210,244.7143,5.065005,10920000.0,73.0,Ta,I,0.0,1.5,5.064954,2.5,CB,1.0,6.0
7377,245.4481,5.049862,24040000.0,73.0,Ta,I,0.491463,3.5,5.541275,3.5,CB,1.0,8.0
7383,245.4702,5.049409,478200000.0,73.01,Ta,II,1.458942,3.0,6.5083,4.0,CB,2.0,9.0
7516,246.0547,5.037413,86840000.0,73.0,Ta,I,1.1472790000000002,2.5,6.184642,3.5,CB,1.0,8.0
7626,246.5261,5.027783,29990000.0,73.0,Ta,I,0.69692,4.5,5.724653,3.5,CB,1.0,8.0
7670,246.6985,5.024269,121500000.0,73.01,Ta,II,0.127872,2.0,5.152091,3.0,CB,2.0,7.0
7676,246.7372,5.023480999999999,1077000000.0,73.01,Ta,II,0.70149,2.0,5.724921,1.0,CB,2.0,3.0
7699,246.8391,5.021407,963700000.0,73.01,Ta,II,1.9652880000000001,4.0,6.986644999999999,3.0,CB,2.0,7.0
7754,247.0898,5.016312999999999,1213000000.0,73.01,Ta,II,0.767067,5.0,5.78333,4.0,CB,2.0,9.0
7781,247.2135,5.013803,21270000.0,73.0,Ta,I,0.491463,3.5,5.505216000000001,4.5,CB,1.0,10.0
7808,247.3124,5.011799,44590000.0,73.0,Ta,I,0.491463,3.5,5.503212,2.5,CB,1.0,6.0
7812,247.3311,5.011418,289900000.0,73.01,Ta,II,0.547488,4.0,5.558856,3.0,CB,2.0,7.0
7840,247.4619,5.008771,153000000.0,73.0,Ta,I,0.249221,2.5,5.257942,1.5,CB,1.0,4.0
7856,247.5322,5.007348,221100000.0,73.0,Ta,I,1.209958,0.5,6.217256,1.5,CB,1.0,4.0
7893,247.6681,5.0046,331900000.0,73.01,Ta,II,0.394275,2.0,5.398825,3.0,CB,2.0,7.0
7927,247.823,5.001473000000001,21550000.0,73.0,Ta,I,0.0,1.5,5.001423,1.5,CB,1.0,4.0
7968,247.9577,4.998757,112200000.0,73.01,Ta,II,0.327598,3.0,5.3263050000000005,3.0,CB,2.0,7.0
8017,248.1854,4.994169,3367000000.0,73.01,Ta,II,1.4723709999999999,2.0,6.46649,1.0,CB,2.0,3.0
8081,248.4743,4.988363,73170000.0,73.01,Ta,II,0.0,1.0,4.988313,2.0,CB,2.0,5.0
8085,248.4956,4.987935,69370000.0,73.0,Ta,I,0.0,1.5,4.9878860000000005,1.5,CB,1.0,4.0
8121,248.6709,4.984421,25090000.0,73.0,Ta,I,0.491463,3.5,5.475834,3.5,CB,1.0,8.0
8171,248.8707,4.980418,852200000.0,73.01,Ta,II,0.547488,4.0,5.527857,5.0,CB,2.0,11.0
8374,249.625,4.965371,25180000.0,73.0,Ta,I,0.7524489999999999,1.5,5.717771,2.5,CB,1.0,6.0
8408,249.7768,4.962354,218200000.0,73.01,Ta,II,0.0,1.0,4.9623040000000005,0.0,CB,2.0,1.0
8431,249.8335,4.961228,192100000.0,73.01,Ta,II,0.547488,4.0,5.508666000000001,3.0,CB,2.0,7.0
8521,250.199,4.953981,1128000000.0,73.01,Ta,II,1.201465,2.0,6.155396,3.0,CB,2.0,7.0
8575,250.4449,4.949117,157900000.0,73.0,Ta,I,0.491463,3.5,5.440531,2.5,CB,1.0,6.0
8604,250.5314,4.947408,629500000.0,73.01,Ta,II,0.660931,1.0,5.60829,1.0,CB,2.0,3.0
8683,250.7451,4.943192,88560000.0,73.0,Ta,I,0.249221,2.5,5.192362999999999,2.5,CB,1.0,6.0
8722,250.8921,4.940295,775900000.0,73.01,Ta,II,1.201465,2.0,6.141711,3.0,CB,2.0,7.0
8822,251.2658,4.932949,19740000.0,73.0,Ta,I,0.0,1.5,4.9329,2.5,CB,1.0,6.0
8837,251.31,4.93208,144000000.0,73.01,Ta,II,0.394275,2.0,5.3263050000000005,3.0,CB,2.0,7.0
8858,251.3883,4.930544,1082000000.0,73.01,Ta,II,1.458942,3.0,6.389436,2.0,CB,2.0,5.0
9031,251.9774,4.919018,65930000.0,73.0,Ta,I,0.7500319999999999,0.5,5.669001000000001,1.5,CB,1.0,4.0
9238,252.6024,4.906849,895100000.0,73.01,Ta,II,0.70149,2.0,5.60829,1.0,CB,2.0,3.0
9249,252.6351,4.906213,166200000.0,73.0,Ta,I,0.249221,2.5,5.155384,2.5,CB,1.0,6.0
9376,253.129,4.8966400000000005,13930000.0,73.0,Ta,I,0.69692,4.5,5.593511,3.5,CB,1.0,8.0
9395,253.2125,4.8950260000000005,528000000.0,73.01,Ta,II,0.327598,3.0,5.222575,4.0,CB,2.0,9.0
9467,253.4483,4.890472,31340000.0,73.0,Ta,I,1.203314,3.5,6.093737,4.5,CB,1.0,10.0
9478,253.4973,4.889526999999999,22220000.0,73.0,Ta,I,0.69692,4.5,5.586398,5.5,CB,1.0,12.0
9559,253.795,4.883791,1644000000.0,73.01,Ta,II,1.201465,2.0,6.085208000000001,2.0,CB,2.0,5.0
9788,254.5487,4.869332,384800000.0,73.01,Ta,II,0.127872,2.0,4.9971559999999995,1.0,CB,2.0,3.0
9836,254.6807,4.866809,25690000.0,73.0,Ta,I,0.0,1.5,4.86676,1.5,CB,1.0,4.0
9926,254.938,4.861897,22800000.0,73.0,Ta,I,0.491463,3.5,5.353312,3.5,CB,1.0,8.0
9981,255.1064,4.858688,86770000.0,73.0,Ta,I,0.249221,2.5,5.10786,1.5,CB,1.0,4.0
10007,255.1733,4.8574150000000005,342800000.0,73.01,Ta,II,0.70149,2.0,5.558856,3.0,CB,2.0,7.0
10079,255.462,4.851926000000001,375800000.0,73.01,Ta,II,0.327598,3.0,5.179476,4.0,CB,2.0,9.0
10087,255.4904,4.851385,206100000.0,73.01,Ta,II,0.547488,4.0,5.398825,3.0,CB,2.0,7.0
10096,255.5055,4.851099,30840000.0,73.0,Ta,I,0.491463,3.5,5.3425139999999995,4.5,CB,1.0,10.0
10141,255.6515,4.848329,2181000000.0,73.01,Ta,II,0.660931,1.0,5.509212000000001,0.0,CB,2.0,1.0
10187,255.7706,4.8460730000000005,2891000000.0,73.01,Ta,II,1.201465,2.0,6.047489,1.0,CB,2.0,3.0
10232,255.9428,4.842812,81180000.0,73.0,Ta,I,0.0,1.5,4.842763,2.5,CB,1.0,6.0
10309,256.2094,4.837773,95180000.0,73.0,Ta,I,0.491463,3.5,5.329187999999999,2.5,CB,1.0,6.0
10343,256.3336,4.835428,9508000.0,73.0,Ta,I,0.249221,2.5,5.084601,2.5,CB,1.0,6.0
10352,256.3707,4.834729,14260000.0,73.0,Ta,I,0.0,1.5,4.834681,1.5,CB,1.0,4.0
10504,256.9121,4.824541,137800000.0,73.01,Ta,II,0.327598,3.0,5.152091,3.0,CB,2.0,7.0
10568,257.1546,4.819992,1934000000.0,73.01,Ta,II,0.660931,1.0,5.480875,1.0,CB,2.0,3.0
10629,257.3546,4.816244999999999,98120000.0,73.0,Ta,I,0.0,1.5,4.816197,0.5,CB,1.0,2.0
10638,257.3794,4.815782,51830000.0,73.0,Ta,I,0.249221,2.5,5.064954,2.5,CB,1.0,6.0
10673,257.5474,4.812641,114600000.0,73.0,Ta,I,1.1472790000000002,2.5,5.959872,3.5,CB,1.0,8.0
10738,257.7776,4.808344,74370000.0,73.0,Ta,I,0.69692,4.5,5.505216000000001,4.5,CB,1.0,10.0
10752,257.8241,4.807477,703000000.0,73.01,Ta,II,1.57526,4.0,6.382689,4.0,CB,2.0,9.0
10801,257.9623,4.804901,7631000.0,73.0,Ta,I,0.0,1.5,4.804853,2.5,CB,1.0,6.0
10819,258.0153,4.803915,19840000.0,73.0,Ta,I,0.249221,2.5,5.053088,3.5,CB,1.0,8.0
10861,258.1596,4.801228,202200000.0,73.01,Ta,II,1.208385,4.0,6.009565,4.0,CB,2.0,9.0
10937,258.4694,4.795475,103700000.0,73.0,Ta,I,1.1472790000000002,2.5,5.942705999999999,3.5,CB,1.0,8.0
10961,258.5614,4.793769,107300000.0,73.0,Ta,I,1.203314,3.5,5.9970349999999994,2.5,CB,1.0,6.0
11052,258.8857,4.787765,165500000.0,73.01,Ta,II,0.846974,3.0,5.634691,2.0,CB,2.0,5.0
11070,258.9812,4.7859989999999994,268100000.0,73.01,Ta,II,0.70149,2.0,5.4874410000000005,2.0,CB,2.0,5.0
11083,259.02,4.785283,724600000.0,73.01,Ta,II,1.681255,2.0,6.46649,1.0,CB,2.0,3.0
11157,259.3085,4.779959,88360000.0,73.0,Ta,I,0.69692,4.5,5.476831,4.5,CB,1.0,10.0
11172,259.3678,4.778865000000001,709500000.0,73.01,Ta,II,0.547488,4.0,5.3263050000000005,3.0,CB,2.0,7.0
11188,259.4254,4.777805,353800000.0,73.01,Ta,II,0.0,1.0,4.777757,1.0,CB,2.0,3.0
11218,259.526,4.7759529999999994,94690000.0,73.0,Ta,I,0.69692,4.5,5.472825,5.5,CB,1.0,12.0
11226,259.5578,4.775367,82500000.0,73.01,Ta,II,0.0,1.0,4.77532,2.0,CB,2.0,5.0
11239,259.6118,4.774374,17960000.0,73.0,Ta,I,0.0,1.5,4.774326,0.5,CB,1.0,2.0
11246,259.6446,4.773772,442700000.0,73.01,Ta,II,0.327598,3.0,5.101322,2.0,CB,2.0,5.0
11305,259.8741,4.769556,48230000.0,73.0,Ta,I,0.7500319999999999,0.5,5.519541,0.5,CB,1.0,2.0
11338,260.0139,4.766991,15340000.0,73.0,Ta,I,0.0,1.5,4.766943,2.5,CB,1.0,6.0
11359,260.0734,4.7659,147700000.0,73.01,Ta,II,0.767067,5.0,5.532919000000001,4.0,CB,2.0,9.0
11369,260.1049,4.765323,77890000.0,73.0,Ta,I,0.7500319999999999,0.5,5.515308,1.5,CB,1.0,4.0
11399,260.2369,4.762907,47980000.0,73.0,Ta,I,0.7524489999999999,1.5,5.515308,1.5,CB,1.0,4.0
11448,260.3827,4.7602400000000005,63750000.0,73.0,Ta,I,1.2368430000000001,1.5,5.9970349999999994,2.5,CB,1.0,6.0
11491,260.5317,4.757517,40650000.0,73.0,Ta,I,1.1472790000000002,2.5,5.904749,3.5,CB,1.0,8.0
11529,260.6405,4.755532,1018000000.0,73.01,Ta,II,1.9652880000000001,4.0,6.720772999999999,4.0,CB,2.0,9.0
11579,260.8205,4.75225,8895000.0,73.0,Ta,I,0.249221,2.5,5.001423,1.5,CB,1.0,4.0
11595,260.8625,4.751485,119700000.0,73.0,Ta,I,0.249221,2.5,5.0006580000000005,3.5,CB,1.0,8.0
11607,260.8995,4.750811,74610000.0,73.0,Ta,I,0.7524489999999999,1.5,5.503212,2.5,CB,1.0,6.0
11637,261.0134,4.7487379999999995,18560000.0,73.0,Ta,I,0.7500319999999999,0.5,5.498723,1.5,CB,1.0,4.0
11674,261.134,4.746544999999999,37170000.0,73.0,Ta,I,0.491463,3.5,5.23796,4.5,CB,1.0,10.0
11710,261.2612,4.744235,68330000.0,73.01,Ta,II,0.127872,2.0,4.872058999999999,3.0,CB,2.0,7.0
11788,261.5255,4.73944,49630000.0,73.0,Ta,I,1.203314,3.5,5.942705999999999,3.5,CB,1.0,8.0
11797,261.5657,4.7387120000000005,52080000.0,73.0,Ta,I,0.249221,2.5,4.9878860000000005,1.5,CB,1.0,4.0
12021,262.4114,4.723441,175700000.0,73.0,Ta,I,0.7500319999999999,0.5,5.473426,0.5,CB,1.0,2.0
12059,262.5457,4.721025,87990000.0,73.0,Ta,I,0.7524489999999999,1.5,5.473426,0.5,CB,1.0,2.0
12185,263.0525,4.7119290000000005,228400000.0,73.01,Ta,II,0.846974,3.0,5.558856,3.0,CB,2.0,7.0
12314,263.5583,4.7028870000000005,687100000.0,73.01,Ta,II,0.127872,2.0,4.830712,3.0,CB,2.0,7.0
12325,263.5926,4.702276,5357000.0,73.0,Ta,I,0.249221,2.5,4.951449,3.5,CB,1.0,8.0
12337,263.6371,4.701482,34580000.0,73.0,Ta,I,1.203314,3.5,5.904749,3.5,CB,1.0,8.0
12348,263.6671,4.700946,85820000.0,73.0,Ta,I,0.491463,3.5,5.192362999999999,2.5,CB,1.0,6.0
12353,263.6883,4.700568,185600000.0,73.0,Ta,I,0.69692,4.5,5.397441000000001,3.5,CB,1.0,8.0
12394,263.8672,4.697382,176200000.0,73.01,Ta,II,0.70149,2.0,5.398825,3.0,CB,2.0,7.0
12410,263.9167,4.696502,508000000.0,73.01,Ta,II,1.458942,3.0,6.155396,3.0,CB,2.0,7.0
12533,264.388,4.688129,55110000.0,73.0,Ta,I,0.7524489999999999,1.5,5.440531,2.5,CB,1.0,6.0
12557,264.5086,4.6859910000000005,259900000.0,73.01,Ta,II,0.846974,3.0,5.532919000000001,4.0,CB,2.0,9.0
12586,264.6366,4.683726,60310000.0,73.0,Ta,I,0.249221,2.5,4.9329,2.5,CB,1.0,6.0
12619,264.747,4.681773000000001,207100000.0,73.0,Ta,I,0.0,1.5,4.681726,1.5,CB,1.0,4.0
12694,265.0282,4.676805,80390000.0,73.0,Ta,I,1.1472790000000002,2.5,5.824037000000001,1.5,CB,1.0,4.0
12720,265.123,4.675134,297000000.0,73.01,Ta,II,0.547488,4.0,5.222575,4.0,CB,2.0,9.0
12743,265.2316,4.67322,37020000.0,73.0,Ta,I,1.203314,3.5,5.876486,2.5,CB,1.0,6.0
12764,265.3272,4.671536,255900000.0,73.0,Ta,I,0.249221,2.5,4.92071,2.5,CB,1.0,6.0
12841,265.6657,4.665583,104000000.0,73.0,Ta,I,0.0,1.5,4.6655370000000005,2.5,CB,1.0,6.0
12858,265.7298,4.664459,11660000.0,73.0,Ta,I,0.491463,3.5,5.155875,2.5,CB,1.0,6.0
12891,265.8848,4.661738,323100000.0,73.01,Ta,II,0.846974,3.0,5.508666000000001,3.0,CB,2.0,7.0
12911,265.9406,4.660761,98930000.0,73.01,Ta,II,0.327598,3.0,4.988313,2.0,CB,2.0,5.0
12955,266.1328,4.657394999999999,206300000.0,73.0,Ta,I,0.69692,4.5,5.354269,5.5,CB,1.0,12.0
12974,266.1875,4.656438,30930000.0,73.0,Ta,I,0.69692,4.5,5.353312,3.5,CB,1.0,8.0
13022,266.3876,4.65294,903100000.0,73.01,Ta,II,1.813596,1.0,6.46649,1.0,CB,2.0,3.0
13033,266.4234,4.652316000000001,726700000.0,73.01,Ta,II,2.229484,6.0,6.881753,5.0,CB,2.0,11.0
13069,266.56,4.649931,266200000.0,73.01,Ta,II,0.127872,2.0,4.777757,1.0,CB,2.0,3.0
13115,266.6998,4.647494,30400000.0,73.01,Ta,II,0.127872,2.0,4.77532,2.0,CB,2.0,5.0
13123,266.7163,4.647206,15260000.0,73.0,Ta,I,0.7524489999999999,1.5,5.399609,2.5,CB,1.0,6.0
13146,266.8063,4.64564,34790000.0,73.0,Ta,I,0.69692,4.5,5.3425139999999995,4.5,CB,1.0,10.0
13159,266.8617,4.6446760000000005,95560000.0,73.0,Ta,I,0.0,1.5,4.644629,0.5,CB,1.0,2.0
13240,267.1636,4.6394269999999995,112800000.0,73.0,Ta,I,1.3576540000000001,1.5,5.9970349999999994,2.5,CB,1.0,6.0
13264,267.2505,4.637918,263700000.0,73.01,Ta,II,0.70149,2.0,5.339362,2.0,CB,2.0,5.0
13303,267.418,4.635013,572900000.0,73.01,Ta,II,1.9652880000000001,4.0,6.600255000000001,5.0,CB,2.0,11.0
13310,267.4483,4.634488,26080000.0,73.0,Ta,I,1.325431,4.5,5.959872,3.5,CB,1.0,8.0
13353,267.59,4.632034,766800000.0,73.01,Ta,II,0.547488,4.0,5.179476,4.0,CB,2.0,9.0
13372,267.6483,4.631025,2623000000.0,73.01,Ta,II,1.3282690000000001,1.0,5.959247,0.0,CB,2.0,1.0
13457,268.005,4.624861,492600000.0,73.01,Ta,II,0.70149,2.0,5.3263050000000005,3.0,CB,2.0,7.0
13477,268.0656,4.623816000000001,176200000.0,73.01,Ta,II,0.547488,4.0,5.171258,5.0,CB,2.0,11.0
13578,268.4273,4.617586,80200000.0,73.0,Ta,I,0.249221,2.5,4.86676,1.5,CB,1.0,4.0
13635,268.6287,4.614126000000001,40130000.0,73.0,Ta,I,1.209958,0.5,5.824037000000001,1.5,CB,1.0,4.0
13711,268.9262,4.609021,190700000.0,73.01,Ta,II,0.846974,3.0,5.4559489999999995,4.0,CB,2.0,9.0
13744,269.0531,4.606848,17420000.0,73.0,Ta,I,1.1472790000000002,2.5,5.754080999999999,3.5,CB,1.0,8.0
13761,269.131,4.605514,16820000.0,73.0,Ta,I,0.0,1.5,4.605467,2.5,CB,1.0,6.0
13773,269.1815,4.604649,61470000.0,73.01,Ta,II,0.547488,4.0,5.152091,3.0,CB,2.0,7.0
13791,269.2391,4.603664,45760000.0,73.0,Ta,I,0.69692,4.5,5.3005379999999995,3.5,CB,1.0,8.0
13808,269.2822,4.602926999999999,84400000.0,73.01,Ta,II,0.394275,2.0,4.9971559999999995,1.0,CB,2.0,3.0
13827,269.3337,4.602048,38130000.0,73.0,Ta,I,0.7500319999999999,0.5,5.352035,1.5,CB,1.0,4.0
13867,269.4516,4.600035,262200000.0,73.01,Ta,II,0.327598,3.0,4.927587,4.0,CB,2.0,9.0
13877,269.4752,4.599632,58990000.0,73.0,Ta,I,0.7524489999999999,1.5,5.352035,1.5,CB,1.0,4.0
13903,269.5503,4.59835,2054000000.0,73.01,Ta,II,1.3282690000000001,1.0,5.926572,0.0,CB,2.0,1.0
13911,269.5703,4.598008999999999,140400000.0,73.01,Ta,II,1.208385,4.0,5.806347,3.0,CB,2.0,7.0
13940,269.6808,4.596125,160000000.0,73.0,Ta,I,1.1472790000000002,2.5,5.743358,2.5,CB,1.0,6.0
13979,269.8297,4.593589,85810000.0,73.0,Ta,I,0.249221,2.5,4.842763,2.5,CB,1.0,6.0
14045,270.0695,4.589511,57260000.0,73.0,Ta,I,1.595177,2.5,6.184642,3.5,CB,1.0,8.0
14107,270.2799,4.585937,94000000.0,73.01,Ta,II,0.0,1.0,4.585891999999999,1.0,CB,2.0,3.0
14119,270.3053,4.585506,10670000.0,73.0,Ta,I,0.249221,2.5,4.834681,1.5,CB,1.0,4.0
14198,270.6679,4.579364,328000000.0,73.0,Ta,I,1.325431,4.5,5.904749,3.5,CB,1.0,8.0
14291,271.0128,4.573536,169700000.0,73.0,Ta,I,0.491463,3.5,5.064954,2.5,CB,1.0,6.0
14308,271.0731,4.57252,666000000.0,73.01,Ta,II,3.003666,5.0,7.57614,4.0,CB,2.0,9.0
14392,271.467,4.565884,117000000.0,73.0,Ta,I,0.0,1.5,4.565837999999999,2.5,CB,1.0,6.0
14464,271.7178,4.5616699999999994,24690000.0,73.0,Ta,I,0.491463,3.5,5.053088,3.5,CB,1.0,8.0
14501,271.8373,4.559666,36070000.0,73.0,Ta,I,0.7524489999999999,1.5,5.312069,2.5,CB,1.0,6.0
14574,272.0753,4.5556779999999995,36840000.0,73.0,Ta,I,0.249221,2.5,4.804853,2.5,CB,1.0,6.0
14596,272.1817,4.553896,61960000.0,73.0,Ta,I,0.7500319999999999,0.5,5.303883,1.5,CB,1.0,4.0
14724,272.6296,4.546416000000001,1478000.0,73.0,Ta,I,0.249221,2.5,4.795591,3.5,CB,1.0,8.0
14763,272.7768,4.5439620000000005,179100000.0,73.0,Ta,I,1.325431,4.5,5.869347,5.5,CB,1.0,12.0
14892,273.2921,4.535394999999999,4351000.0,73.0,Ta,I,0.0,1.5,4.535349,1.5,CB,1.0,4.0
14907,273.3333,4.534712,653700000.0,73.01,Ta,II,2.300382,3.0,6.835048,3.0,CB,2.0,7.0
14968,273.5262,4.5315129999999995,315100000.0,73.01,Ta,II,1.208385,4.0,5.739852,5.0,CB,2.0,11.0
15079,273.9262,4.524897,416500000.0,73.01,Ta,II,0.70149,2.0,5.226342,2.0,CB,2.0,5.0
15125,274.0692,4.522536,792800000.0,73.01,Ta,II,2.12862,2.0,6.651111,2.0,CB,2.0,5.0
15138,274.1157,4.521768,121900000.0,73.0,Ta,I,1.1472790000000002,2.5,5.669001000000001,1.5,CB,1.0,4.0
15207,274.3584,4.517768,14760000.0,73.0,Ta,I,0.249221,2.5,4.766943,2.5,CB,1.0,6.0
15293,274.6674,4.512687000000001,76410000.0,73.0,Ta,I,0.69692,4.5,5.209562,3.5,CB,1.0,8.0
15325,274.7846,4.5107610000000005,21030000.0,73.0,Ta,I,1.394032,2.5,5.904749,3.5,CB,1.0,8.0
15346,274.8773,4.50924,110300000.0,73.0,Ta,I,0.491463,3.5,5.0006580000000005,3.5,CB,1.0,8.0
15377,274.9824,4.507518,409400000.0,73.0,Ta,I,1.203314,3.5,5.710787,3.5,CB,1.0,8.0
15390,275.0399,4.506574,734700000.0,73.01,Ta,II,1.4723709999999999,2.0,5.9789,2.0,CB,2.0,5.0
15445,275.2286,4.503486,93630000.0,73.0,Ta,I,1.325431,4.5,5.8288720000000005,3.5,CB,1.0,8.0
15451,275.2486,4.503158999999999,245100000.0,73.01,Ta,II,0.327598,3.0,4.830712,3.0,CB,2.0,7.0
15572,275.7257,4.495366000000001,613500000.0,73.01,Ta,II,1.57526,4.0,6.070581,3.0,CB,2.0,7.0
15600,275.8316,4.49364,52420000.0,73.0,Ta,I,0.249221,2.5,4.742816,3.5,CB,1.0,8.0
15633,275.9058,4.492433,179200000.0,73.01,Ta,II,0.846974,3.0,5.339362,2.0,CB,2.0,5.0
15713,276.1662,4.488197,220100000.0,73.01,Ta,II,0.127872,2.0,4.616025,2.0,CB,2.0,5.0
15771,276.3363,4.485434,41880000.0,73.01,Ta,II,0.0,1.0,4.485389,2.0,CB,2.0,5.0
15918,276.8056,4.47783,33450000.0,73.01,Ta,II,0.394275,2.0,4.872058999999999,3.0,CB,2.0,7.0
16135,277.487,4.466835,152900000.0,73.0,Ta,I,1.9082419999999998,4.5,6.375032,3.5,CB,1.0,8.0
16145,277.5082,4.466494,355000000.0,73.01,Ta,II,0.660931,1.0,5.1273800000000005,1.0,CB,2.0,3.0
16150,277.5366,4.466036,540700000.0,73.01,Ta,II,2.254782,5.0,6.720772999999999,4.0,CB,2.0,9.0
16169,277.5881,4.4652080000000005,28110000.0,73.0,Ta,I,0.0,1.5,4.4651629999999995,2.5,CB,1.0,6.0
16189,277.6691,4.4639050000000005,292000000.0,73.01,Ta,II,2.1363950000000003,4.0,6.600255000000001,5.0,CB,2.0,11.0
16263,277.8811,4.4605,526100000.0,73.01,Ta,II,1.681255,2.0,6.141711,3.0,CB,2.0,7.0
16277,277.9104,4.460030000000001,8570000.0,73.0,Ta,I,0.491463,3.5,4.951449,3.5,CB,1.0,8.0
16295,277.9691,4.4590879999999995,44040000.0,73.0,Ta,I,1.209958,0.5,5.669001000000001,1.5,CB,1.0,4.0
16322,278.0329,4.458064,82900000.0,73.01,Ta,II,0.127872,2.0,4.585891999999999,1.0,CB,2.0,3.0
16342,278.1371,4.456394,42880000.0,73.0,Ta,I,1.203314,3.5,5.659663,3.5,CB,1.0,8.0
16362,278.1782,4.455735,31130000.0,73.0,Ta,I,1.3576540000000001,1.5,5.813345,1.5,CB,1.0,4.0
16451,278.4964,4.450646,190200000.0,73.01,Ta,II,0.70149,2.0,5.152091,3.0,CB,2.0,7.0
16511,278.6767,4.4477660000000006,44130000.0,73.01,Ta,II,0.327598,3.0,4.77532,2.0,CB,2.0,5.0
16537,278.7701,4.446276999999999,141300000.0,73.0,Ta,I,1.1472790000000002,2.5,5.593511,3.5,CB,1.0,8.0
16569,278.9164,4.443944,1270000000.0,73.01,Ta,II,2.12862,2.0,6.57252,2.0,CB,2.0,5.0
16593,278.9757,4.443,40700000.0,73.0,Ta,I,1.516917,3.5,5.959872,3.5,CB,1.0,8.0
16621,279.0711,4.441481,11070000.0,73.0,Ta,I,0.491463,3.5,4.9329,2.5,CB,1.0,6.0
16640,279.1368,4.440436,215400000.0,73.01,Ta,II,0.660931,1.0,5.101322,2.0,CB,2.0,5.0
16655,279.1668,4.439958,23120000.0,73.0,Ta,I,0.7524489999999999,1.5,5.192362999999999,2.5,CB,1.0,6.0
16701,279.3856,4.436482,30650000.0,73.01,Ta,II,0.394275,2.0,4.830712,3.0,CB,2.0,7.0
16732,279.5199,4.434349,328700000.0,73.01,Ta,II,1.57526,4.0,6.009565,4.0,CB,2.0,9.0
16768,279.6334,4.43255,61470000.0,73.0,Ta,I,0.249221,2.5,4.681726,1.5,CB,1.0,4.0
16775,279.6553,4.4322029999999994,65850000.0,73.0,Ta,I,1.2368430000000001,1.5,5.669001000000001,1.5,CB,1.0,4.0
16815,279.7761,4.43029,221400000.0,73.01,Ta,II,0.127872,2.0,4.558118,3.0,CB,2.0,7.0
16891,280.0578,4.425834,39470000.0,73.0,Ta,I,1.516917,3.5,5.942705999999999,3.5,CB,1.0,8.0
16927,280.2075,4.423468,29230000.0,73.0,Ta,I,0.491463,3.5,4.914887,3.5,CB,1.0,8.0
17009,280.4756,4.41924,14320000.0,73.0,Ta,I,0.7500319999999999,0.5,5.1692290000000005,1.5,CB,1.0,4.0
17046,280.6291,4.416824,119000000.0,73.0,Ta,I,0.7524489999999999,1.5,5.1692290000000005,1.5,CB,1.0,4.0
17054,280.6585,4.41636,30160000.0,73.0,Ta,I,0.249221,2.5,4.6655370000000005,2.5,CB,1.0,6.0
17203,281.0921,4.409548,82450000.0,73.0,Ta,I,1.516917,3.5,5.9264209999999995,4.5,CB,1.0,10.0
17318,281.4312,4.404236,85850000.0,73.01,Ta,II,0.767067,5.0,5.171258,5.0,CB,2.0,11.0
17345,281.4801,4.403471,16860000.0,73.0,Ta,I,0.7524489999999999,1.5,5.155875,2.5,CB,1.0,6.0
17354,281.5006,4.403149,7996000.0,73.0,Ta,I,0.249221,2.5,4.652326,1.5,CB,1.0,4.0
17360,281.5115,4.40298,16850000.0,73.0,Ta,I,0.7524489999999999,1.5,5.155384,2.5,CB,1.0,6.0
17411,281.7101,4.399876,403000000.0,73.01,Ta,II,0.70149,2.0,5.101322,2.0,CB,2.0,5.0
17424,281.7491,4.399266000000001,25770000.0,73.0,Ta,I,1.325431,4.5,5.724653,3.5,CB,1.0,8.0
17476,281.9138,4.3966959999999995,474800000.0,73.01,Ta,II,1.3282690000000001,1.0,5.724921,1.0,CB,2.0,3.0
17486,281.937,4.396335,5541000.0,73.0,Ta,I,0.491463,3.5,4.887755,4.5,CB,1.0,10.0
17622,282.4806,4.387876,31540000.0,73.0,Ta,I,1.516917,3.5,5.904749,3.5,CB,1.0,8.0
17665,282.6176,4.385748,48230000.0,73.0,Ta,I,1.3576540000000001,1.5,5.743358,2.5,CB,1.0,6.0
17670,282.6401,4.3854,16920000.0,73.0,Ta,I,1.325431,4.5,5.710787,3.5,CB,1.0,8.0
17690,282.7162,4.384218,14220000.0,73.0,Ta,I,0.69692,4.5,5.081094,2.5,CB,1.0,6.0
17697,282.7489,4.383712,806900000.0,73.01,Ta,II,1.807822,3.0,6.191491,4.0,CB,2.0,9.0
17764,282.9793,4.380143,20240000.0,73.01,Ta,II,0.547488,4.0,4.927587,4.0,CB,2.0,9.0
17837,283.2702,4.375645,78560000.0,73.01,Ta,II,0.846974,3.0,5.222575,4.0,CB,2.0,9.0
17854,283.362,4.374226999999999,87300000.0,73.0,Ta,I,1.2368430000000001,1.5,5.611026,2.5,CB,1.0,6.0
17878,283.4404,4.373017,52110000.0,73.0,Ta,I,1.2368430000000001,1.5,5.609816,1.5,CB,1.0,4.0
17945,283.6613,4.369611,1535000.0,73.0,Ta,I,0.0,1.5,4.369568,1.5,CB,1.0,4.0
17982,283.7934,4.367578,51980000.0,73.0,Ta,I,1.3576540000000001,1.5,5.725189,1.5,CB,1.0,4.0
17995,283.8236,4.367114,1155000000.0,73.01,Ta,II,1.9652880000000001,4.0,6.332358999999999,3.0,CB,2.0,7.0
18114,284.2807,4.360092,139100000.0,73.0,Ta,I,1.394032,2.5,5.754080999999999,3.5,CB,1.0,8.0
18154,284.4256,4.357871,156300000.0,73.0,Ta,I,0.7500319999999999,0.5,5.10786,1.5,CB,1.0,4.0
18160,284.4459,4.357559999999999,114000000.0,73.01,Ta,II,0.127872,2.0,4.485389,2.0,CB,2.0,5.0
18178,284.534,4.356211,31080000.0,73.0,Ta,I,0.69692,4.5,5.053088,3.5,CB,1.0,8.0
18192,284.5834,4.355455,8383000.0,73.0,Ta,I,0.7524489999999999,1.5,5.10786,1.5,CB,1.0,4.0
18239,284.8064,4.3520449999999995,39330000.0,73.0,Ta,I,1.203314,3.5,5.555315,4.5,CB,1.0,10.0
18258,284.8523,4.351343,49710000.0,73.0,Ta,I,0.491463,3.5,4.842763,2.5,CB,1.0,6.0
18284,284.9816,4.3493699999999995,73470000.0,73.0,Ta,I,1.394032,2.5,5.743358,2.5,CB,1.0,6.0
18312,285.0978,4.347597,159900000.0,73.0,Ta,I,0.69692,4.5,5.044473,4.5,CB,1.0,10.0
18350,285.2342,4.345517,711300000.0,73.01,Ta,II,2.254782,5.0,6.600255000000001,5.0,CB,2.0,11.0
18482,285.6703,4.338883999999999,1109000000.0,73.01,Ta,II,1.562309,0.0,5.901149,1.0,CB,2.0,3.0
18521,285.8426,4.3362680000000005,461800000.0,73.01,Ta,II,0.660931,1.0,4.9971559999999995,1.0,CB,2.0,3.0
18585,286.0883,4.332545,64070000.0,73.01,Ta,II,0.846974,3.0,5.179476,4.0,CB,2.0,9.0
18591,286.1114,4.332195,7992000.0,73.0,Ta,I,0.7524489999999999,1.5,5.084601,2.5,CB,1.0,6.0
18610,286.2,4.330854,233600000.0,73.0,Ta,I,1.209958,0.5,5.540768,1.5,CB,1.0,4.0
18765,286.8648,4.320818,15440000.0,73.0,Ta,I,0.491463,3.5,4.812238,4.5,CB,1.0,10.0
18834,287.1411,4.316661,22360000.0,73.0,Ta,I,0.249221,2.5,4.565837999999999,2.5,CB,1.0,6.0
18876,287.3363,4.313729,7395000.0,73.0,Ta,I,0.0,1.5,4.3136849999999995,2.5,CB,1.0,6.0
18885,287.356,4.313432,21320000.0,73.0,Ta,I,0.491463,3.5,4.804853,2.5,CB,1.0,6.0
18903,287.4149,4.3125480000000005,30810000.0,73.0,Ta,I,0.7524489999999999,1.5,5.064954,2.5,CB,1.0,6.0
18946,287.6098,4.309626000000001,171900000.0,73.0,Ta,I,1.209958,0.5,5.519541,0.5,CB,1.0,2.0
18971,287.7044,4.308209,970500000.0,73.01,Ta,II,1.670734,1.0,5.9789,2.0,CB,2.0,5.0
18982,287.7689,4.307244,295600000.0,73.01,Ta,II,1.201465,2.0,5.508666000000001,3.0,CB,2.0,7.0
19018,287.9082,4.30516,89180000.0,73.01,Ta,II,0.846974,3.0,5.152091,3.0,CB,2.0,7.0
19036,287.9492,4.304546,28320000.0,73.0,Ta,I,1.6553689999999999,4.5,5.959872,3.5,CB,1.0,8.0
19046,287.9744,4.304171,7279000.0,73.0,Ta,I,0.491463,3.5,4.795591,3.5,CB,1.0,8.0
19052,288.0004,4.303781,36470000.0,73.0,Ta,I,0.69692,4.5,5.0006580000000005,3.5,CB,1.0,8.0
19086,288.1233,4.301945,8408000.0,73.0,Ta,I,1.203314,3.5,5.505216000000001,4.5,CB,1.0,10.0
19112,288.2319,4.300325,99840000.0,73.01,Ta,II,1.208385,4.0,5.508666000000001,3.0,CB,2.0,7.0
19172,288.5417,4.2957089999999996,180400000.0,73.01,Ta,II,0.70149,2.0,4.9971559999999995,1.0,CB,2.0,3.0
19293,289.0288,4.288469,41020000.0,73.01,Ta,II,0.327598,3.0,4.616025,2.0,CB,2.0,5.0
19311,289.1022,4.287381,68970000.0,73.0,Ta,I,1.6553689999999999,4.5,5.942705999999999,3.5,CB,1.0,8.0
19336,289.1837,4.2861720000000005,51220000.0,73.0,Ta,I,0.249221,2.5,4.535349,1.5,CB,1.0,4.0
19403,289.4154,4.282741000000001,128800000.0,73.0,Ta,I,1.2368430000000001,1.5,5.519541,0.5,CB,1.0,2.0
19437,289.5092,4.281352,129500000.0,73.0,Ta,I,1.595177,2.5,5.876486,2.5,CB,1.0,6.0
19519,289.8416,4.276443,40410000.0,73.0,Ta,I,1.9082419999999998,4.5,6.184642,3.5,CB,1.0,8.0
19538,289.904,4.275523000000001,19550000.0,73.0,Ta,I,0.491463,3.5,4.766943,2.5,CB,1.0,6.0
19572,290.0372,4.27356,39720000.0,73.0,Ta,I,1.203314,3.5,5.476831,4.5,CB,1.0,10.0
19578,290.0765,4.272981,383500000.0,73.01,Ta,II,1.57526,4.0,5.848198,3.0,CB,2.0,7.0
19584,290.1048,4.272563,12180000.0,73.0,Ta,I,1.203314,3.5,5.475834,3.5,CB,1.0,8.0
19600,290.2045,4.271095,345500000.0,73.0,Ta,I,1.6553689999999999,4.5,5.9264209999999995,4.5,CB,1.0,10.0
19647,290.4066,4.268123,58180000.0,73.0,Ta,I,1.325431,4.5,5.593511,3.5,CB,1.0,8.0
19672,290.525,4.2663839999999995,224100000.0,73.01,Ta,II,0.511416,2.0,4.777757,1.0,CB,2.0,3.0
19770,290.8914,4.26101,42390000.0,73.0,Ta,I,1.325431,4.5,5.586398,5.5,CB,1.0,12.0
19882,291.3317,4.2545720000000005,2965000.0,73.0,Ta,I,0.69692,4.5,4.951449,3.5,CB,1.0,8.0
19884,291.3441,4.254391,55730000.0,73.01,Ta,II,0.846974,3.0,5.101322,2.0,CB,2.0,5.0
19902,291.4109,4.253415,106300000.0,73.0,Ta,I,1.3576540000000001,1.5,5.611026,2.5,CB,1.0,6.0
19930,291.4938,4.252205,20070000.0,73.0,Ta,I,1.3576540000000001,1.5,5.609816,1.5,CB,1.0,4.0
19946,291.5494,4.251395,16650000.0,73.0,Ta,I,0.491463,3.5,4.742816,3.5,CB,1.0,8.0
19987,291.7125,4.249017,6636000.0,73.0,Ta,I,0.7524489999999999,1.5,5.001423,1.5,CB,1.0,4.0
19999,291.7561,4.248382,256300000.0,73.01,Ta,II,1.681255,2.0,5.929595,3.0,CB,2.0,7.0
20118,292.2131,4.241739,307800000.0,73.01,Ta,II,1.9497939999999998,3.0,6.191491,4.0,CB,2.0,9.0
20202,292.5188,4.237305,158700000.0,73.0,Ta,I,0.7524489999999999,1.5,4.989712,0.5,CB,1.0,2.0
20218,292.5658,4.236626,38940000.0,73.0,Ta,I,1.2368430000000001,1.5,5.473426,0.5,CB,1.0,2.0
20234,292.645,4.235479,19460000.0,73.0,Ta,I,0.7524489999999999,1.5,4.9878860000000005,1.5,CB,1.0,4.0
20358,293.1001,4.228903,44440000.0,73.0,Ta,I,1.595177,2.5,5.824037000000001,1.5,CB,1.0,4.0
20399,293.2678,4.226483999999999,224500000.0,73.0,Ta,I,1.516917,3.5,5.743358,2.5,CB,1.0,6.0
20415,293.355,4.2252279999999995,57150000.0,73.0,Ta,I,0.0,1.5,4.225186,1.5,CB,1.0,4.0
20523,293.8018,4.218803,606300000.0,73.01,Ta,II,2.300382,3.0,6.5191419999999995,3.0,CB,2.0,7.0
20537,293.8431,4.21821,43210000.0,73.0,Ta,I,1.595177,2.5,5.813345,1.5,CB,1.0,4.0
20556,293.9249,4.217036,81140000.0,73.0,Ta,I,1.394032,2.5,5.611026,2.5,CB,1.0,6.0
20575,294.005,4.215887,160000000.0,73.0,Ta,I,1.325431,4.5,5.541275,3.5,CB,1.0,8.0
20579,294.0216,4.215649,26240000.0,73.0,Ta,I,0.0,1.5,4.215607,2.5,CB,1.0,6.0
20623,294.1352,4.214021,73720000.0,73.0,Ta,I,1.6553689999999999,4.5,5.869347,5.5,CB,1.0,12.0
20646,294.2141,4.212891,9695000.0,73.0,Ta,I,0.491463,3.5,4.704313,4.5,CB,1.0,10.0
20739,294.5716,4.207778,17880000.0,73.0,Ta,I,1.516917,3.5,5.724653,3.5,CB,1.0,8.0
20772,294.6909,4.206075,34040000.0,73.0,Ta,I,1.1472790000000002,2.5,5.353312,3.5,CB,1.0,8.0
20862,294.9918,4.201785,229100000.0,73.01,Ta,II,1.807822,3.0,6.009565,4.0,CB,2.0,9.0
20919,295.1919,4.198937,19300000.0,73.0,Ta,I,0.249221,2.5,4.4481150000000005,2.5,CB,1.0,6.0
20941,295.2999,4.197401999999999,238900000.0,73.01,Ta,II,1.201465,2.0,5.398825,3.0,CB,2.0,7.0
21056,295.7597,4.190876,10520000.0,73.0,Ta,I,0.69692,4.5,4.887755,4.5,CB,1.0,10.0
21063,295.7875,4.190482,78850000.0,73.01,Ta,II,1.208385,4.0,5.398825,3.0,CB,2.0,7.0
21190,296.3056,4.183155999999999,23350000.0,73.0,Ta,I,1.3576540000000001,1.5,5.540768,1.5,CB,1.0,4.0
21198,296.332,4.182783000000001,42390000.0,73.0,Ta,I,0.249221,2.5,4.431961,3.5,CB,1.0,8.0
21223,296.391,4.181951000000001,33270000.0,73.0,Ta,I,1.1472790000000002,2.5,5.329187999999999,2.5,CB,1.0,6.0
21255,296.5149,4.180203,155200000.0,73.01,Ta,II,0.0,1.0,4.180161,2.0,CB,2.0,5.0
21271,296.5534,4.179661,41460000.0,73.0,Ta,I,0.249221,2.5,4.42884,1.5,CB,1.0,4.0
21283,296.5923,4.179112,31800000.0,73.01,Ta,II,0.0,1.0,4.179069999999999,1.0,CB,2.0,3.0
21335,296.8282,4.175791,190500000.0,73.01,Ta,II,1.458942,3.0,5.634691,2.0,CB,2.0,5.0
21371,296.9474,4.1741150000000005,21400000.0,73.0,Ta,I,0.491463,3.5,4.6655370000000005,2.5,CB,1.0,6.0
21385,296.988,4.173545,45220000.0,73.0,Ta,I,1.6553689999999999,4.5,5.8288720000000005,3.5,CB,1.0,8.0
21520,297.5558,4.16558,19660000.0,73.0,Ta,I,0.491463,3.5,4.657001,3.5,CB,1.0,8.0
21533,297.6093,4.164832,23360000.0,73.0,Ta,I,1.1472790000000002,2.5,5.312069,2.5,CB,1.0,6.0
21537,297.6234,4.1646339999999995,285200000.0,73.01,Ta,II,1.57526,4.0,5.739852,5.0,CB,2.0,11.0
21676,298.1192,4.157708,18070000.0,73.0,Ta,I,1.203314,3.5,5.3609800000000005,2.5,CB,1.0,6.0
21763,298.4356,4.1533,11780000.0,73.0,Ta,I,1.1472790000000002,2.5,5.3005379999999995,3.5,CB,1.0,8.0
21824,298.6816,4.149881,26870000.0,73.01,Ta,II,0.327598,3.0,4.477437999999999,4.0,CB,2.0,9.0
21874,298.8576,4.147436,36620000.0,73.0,Ta,I,1.325431,4.5,5.472825,5.5,CB,1.0,12.0
21903,298.9494,4.146162,59110000.0,73.0,Ta,I,0.7500319999999999,0.5,4.896153,0.5,CB,1.0,2.0
21944,299.1238,4.143746,32440000.0,73.0,Ta,I,0.7524489999999999,1.5,4.896153,0.5,CB,1.0,2.0
22142,299.9377,4.132502,530500000.0,73.01,Ta,II,1.797135,2.0,5.929595,3.0,CB,2.0,7.0
22196,300.1545,4.129517,27300000.0,73.0,Ta,I,1.595177,2.5,5.724653,3.5,CB,1.0,8.0
22238,300.2994,4.127525,288300000.0,73.01,Ta,II,1.681255,2.0,5.808739,2.0,CB,2.0,5.0
22266,300.4165,4.125916,19510000.0,73.0,Ta,I,1.203314,3.5,5.329187999999999,2.5,CB,1.0,6.0
22286,300.4918,4.124882,152400000.0,73.01,Ta,II,1.201465,2.0,5.3263050000000005,3.0,CB,2.0,7.0
22421,301.0768,4.116867,162000000.0,73.01,Ta,II,0.660931,1.0,4.777757,1.0,CB,2.0,3.0
22427,301.1109,4.116401000000001,82650000.0,73.0,Ta,I,1.6553689999999999,4.5,5.7717279999999995,5.5,CB,1.0,12.0
22446,301.1871,4.115359,12480000.0,73.0,Ta,I,0.69692,4.5,4.812238,4.5,CB,1.0,10.0
22556,301.6371,4.109221,32870000.0,73.0,Ta,I,1.394032,2.5,5.503212,2.5,CB,1.0,6.0
22640,301.967,4.104731,42840000.0,73.0,Ta,I,1.394032,2.5,5.498723,1.5,CB,1.0,4.0
22738,302.4105,4.098712,6601000.0,73.0,Ta,I,0.69692,4.5,4.795591,3.5,CB,1.0,8.0
22769,302.5173,4.097265,41620000.0,73.0,Ta,I,1.203314,3.5,5.3005379999999995,3.5,CB,1.0,8.0
22821,302.7474,4.09415,175200000.0,73.0,Ta,I,1.516917,3.5,5.611026,2.5,CB,1.0,6.0
22849,302.8779,4.092386,29050000.0,73.0,Ta,I,1.2368430000000001,1.5,5.329187999999999,2.5,CB,1.0,6.0
22879,303.0283,4.090355000000001,11290000.0,73.0,Ta,I,0.7524489999999999,1.5,4.842763,2.5,CB,1.0,6.0
23046,303.7488,4.080653,76670000.0,73.01,Ta,II,0.846974,3.0,4.927587,4.0,CB,2.0,9.0
23137,304.0727,4.076308,57650000.0,73.01,Ta,II,0.70149,2.0,4.777757,1.0,CB,2.0,3.0
23164,304.2064,4.074516,282100000.0,73.01,Ta,II,0.511416,0.0,4.585891999999999,1.0,CB,2.0,3.0
23172,304.2436,4.074018,304200000.0,73.01,Ta,II,1.458942,3.0,5.532919000000001,4.0,CB,2.0,9.0
23217,304.3905,4.072051,21570000.0,73.0,Ta,I,1.325431,4.5,5.397441000000001,3.5,CB,1.0,8.0
23262,304.5945,4.069325,65060000.0,73.0,Ta,I,1.6553689999999999,4.5,5.724653,3.5,CB,1.0,8.0
23334,304.886,4.065434,4390000.0,73.0,Ta,I,0.249221,2.5,4.314614,3.5,CB,1.0,8.0
23354,304.9556,4.064506,17270000.0,73.0,Ta,I,0.249221,2.5,4.3136849999999995,2.5,CB,1.0,6.0
23365,305.0094,4.063789,31930000.0,73.0,Ta,I,0.7524489999999999,1.5,4.816197,0.5,CB,1.0,2.0
23497,305.6603,4.055136,792800000.0,73.01,Ta,II,2.1363950000000003,4.0,6.191491,4.0,CB,2.0,9.0
23513,305.7232,4.054302,644100000.0,73.01,Ta,II,1.807822,3.0,5.862083,4.0,CB,2.0,9.0
23544,305.8633,4.052444,14280000.0,73.0,Ta,I,0.7524489999999999,1.5,4.804853,2.5,CB,1.0,6.0
23579,306.0282,4.050261,4703000.0,73.0,Ta,I,0.491463,3.5,4.541684,4.5,CB,1.0,10.0
23659,306.3553,4.045936,11700000.0,73.0,Ta,I,0.69692,4.5,4.742816,3.5,CB,1.0,8.0
23806,306.9241,4.038439,173700000.0,73.0,Ta,I,1.516917,3.5,5.555315,4.5,CB,1.0,10.0
23977,307.6382,4.029066,5318000.0,73.0,Ta,I,0.7500319999999999,0.5,4.779058,1.5,CB,1.0,4.0
24001,307.7256,4.027921,94290000.0,73.0,Ta,I,1.325431,4.5,5.353312,3.5,CB,1.0,8.0
24032,307.8228,4.026649,20190000.0,73.0,Ta,I,0.7524489999999999,1.5,4.779058,1.5,CB,1.0,4.0
24071,307.9949,4.024399,42040000.0,73.0,Ta,I,1.516917,3.5,5.541275,3.5,CB,1.0,8.0
24120,308.1849,4.021918,50720000.0,73.0,Ta,I,0.7524489999999999,1.5,4.774326,0.5,CB,1.0,2.0
24201,308.5528,4.017123000000001,34290000.0,73.0,Ta,I,1.325431,4.5,5.3425139999999995,4.5,CB,1.0,10.0
24243,308.7517,4.014533999999999,13080000.0,73.0,Ta,I,0.7524489999999999,1.5,4.766943,2.5,CB,1.0,6.0
24248,308.7751,4.014231,87170000.0,73.01,Ta,II,1.208385,4.0,5.222575,4.0,CB,2.0,9.0
24358,309.206,4.008636,6687000.0,73.0,Ta,I,1.1472790000000002,2.5,5.155875,2.5,CB,1.0,6.0
24364,309.2439,4.008146,40280000.0,73.0,Ta,I,1.1472790000000002,2.5,5.155384,2.5,CB,1.0,6.0
24379,309.2989,4.007433,1791000.0,73.0,Ta,I,0.69692,4.5,4.704313,4.5,CB,1.0,10.0
24411,309.3873,4.006288,28830000.0,73.0,Ta,I,1.203314,3.5,5.209562,3.5,CB,1.0,8.0
24450,309.5383,4.004334,95360000.0,73.0,Ta,I,1.6553689999999999,4.5,5.659663,3.5,CB,1.0,8.0
24596,310.1026,3.9970480000000004,184800000.0,73.01,Ta,II,1.458942,3.0,5.4559489999999995,4.0,CB,2.0,9.0
24641,310.3249,3.9941839999999997,16910000.0,73.0,Ta,I,0.0,1.5,3.994143,1.5,CB',1.0,4.0
24738,310.7213,3.989089,18240000.0,73.0,Ta,I,1.203314,3.5,5.192362999999999,2.5,CB,1.0,6.0
24951,311.586,3.978018,1526000.0,73.0,Ta,I,0.249221,2.5,4.227199,3.5,CB,1.0,8.0
24985,311.7438,3.9760050000000002,6084000.0,73.0,Ta,I,0.249221,2.5,4.225186,1.5,CB,1.0,4.0
25071,312.0917,3.971574,12510000.0,73.0,Ta,I,1.3576540000000001,1.5,5.329187999999999,2.5,CB,1.0,6.0
25156,312.4967,3.9664260000000002,9909000.0,73.0,Ta,I,0.249221,2.5,4.215607,2.5,CB,1.0,6.0
25240,312.7737,3.962913,159200000.0,73.01,Ta,II,1.208385,4.0,5.171258,5.0,CB,2.0,11.0
25282,312.9548,3.9606209999999997,18230000.0,73.0,Ta,I,1.1472790000000002,2.5,5.10786,1.5,CB,1.0,4.0
25292,312.9943,3.960121,6162000.0,73.0,Ta,I,0.69692,4.5,4.657001,3.5,CB,1.0,8.0
25305,313.0577,3.9593190000000003,99890000.0,73.0,Ta,I,1.394032,2.5,5.353312,3.5,CB,1.0,8.0
25348,313.2656,3.956692,12410000.0,73.0,Ta,I,0.491463,3.5,4.4481150000000005,2.5,CB,1.0,6.0
25372,313.3552,3.9555599999999997,9197000.0,73.0,Ta,I,1.2368430000000001,1.5,5.192362999999999,2.5,CB,1.0,6.0
25381,313.389,3.955133,49290000.0,73.01,Ta,II,0.660931,1.0,4.616025,2.0,CB,2.0,5.0
25435,313.5897,3.952601,41020000.0,73.0,Ta,I,1.203314,3.5,5.155875,2.5,CB,1.0,6.0
25478,313.7434,3.9506660000000005,96740000.0,73.01,Ta,II,1.201465,2.0,5.152091,3.0,CB,2.0,7.0
25619,314.2939,3.943746,96410000.0,73.01,Ta,II,1.208385,4.0,5.152091,3.0,CB,2.0,7.0
25740,314.738,3.938182,35070000.0,73.0,Ta,I,1.6553689999999999,4.5,5.593511,3.5,CB,1.0,8.0
25747,314.8036,3.937361,26280000.0,73.0,Ta,I,1.1472790000000002,2.5,5.084601,2.5,CB,1.0,6.0
25799,315.0842,3.9338550000000003,7226000.0,73.0,Ta,I,1.1472790000000002,2.5,5.081094,2.5,CB,1.0,6.0
25892,315.523,3.9283839999999994,36040000.0,73.01,Ta,II,0.846974,3.0,4.77532,2.0,CB,2.0,5.0
25932,315.6749,3.9264940000000004,104800000.0,73.01,Ta,II,1.4723709999999999,2.0,5.398825,3.0,CB,2.0,7.0
25962,315.7951,3.925,77260000.0,73.01,Ta,II,0.660931,1.0,4.585891999999999,1.0,CB,2.0,3.0
25983,315.9035,3.923653,16470000.0,73.0,Ta,I,1.516917,3.5,5.440531,2.5,CB,1.0,6.0
26074,316.2727,3.9190720000000003,17200000.0,73.0,Ta,I,1.2368430000000001,1.5,5.155875,2.5,CB,1.0,6.0
26079,316.3124,3.9185809999999996,32770000.0,73.0,Ta,I,1.2368430000000001,1.5,5.155384,2.5,CB,1.0,6.0
26094,316.3824,3.917714,12740000.0,73.0,Ta,I,1.1472790000000002,2.5,5.064954,2.5,CB,1.0,6.0
26184,316.7533,3.913127,5679000.0,73.0,Ta,I,0.7524489999999999,1.5,4.6655370000000005,2.5,CB,1.0,6.0
26208,316.8179,3.912328,424600000.0,73.01,Ta,II,1.9497939999999998,3.0,5.862083,4.0,CB,2.0,9.0
26317,317.287,3.9065440000000002,18110000.0,73.0,Ta,I,1.394032,2.5,5.3005379999999995,3.5,CB,1.0,8.0
26338,317.3585,3.905664,13800000.0,73.0,Ta,I,0.0,1.5,3.905625,0.5,CB',1.0,2.0
26395,317.6295,3.902333,21280000.0,73.0,Ta,I,0.7500319999999999,0.5,4.652326,1.5,CB,1.0,4.0
26436,317.8158,3.9000449999999995,5489000.0,73.0,Ta,I,0.69692,4.5,4.596926,4.5,CB,1.0,10.0
26501,318.0951,3.896621,7954000.0,73.0,Ta,I,0.0,1.5,3.896582,2.5,CB',1.0,6.0
26519,318.1672,3.8957379999999997,64200000.0,73.0,Ta,I,1.209958,0.5,5.105657,0.5,CB,1.0,2.0
26548,318.2572,3.894636,24390000.0,73.0,Ta,I,0.7500319999999999,0.5,4.644629,0.5,CB,1.0,2.0
26610,318.4548,3.8922190000000003,52090000.0,73.0,Ta,I,0.7524489999999999,1.5,4.644629,0.5,CB,1.0,2.0
26769,319.1148,3.8841699999999997,23600000.0,73.0,Ta,I,1.325431,4.5,5.209562,3.5,CB,1.0,8.0
26947,319.8664,3.8750430000000002,4508000.0,73.0,Ta,I,0.491463,3.5,4.366468,4.5,CB,1.0,10.0
27016,320.1959,3.871056,11780000.0,73.0,Ta,I,1.2368430000000001,1.5,5.10786,1.5,CB,1.0,4.0
27106,320.6377,3.8657220000000003,6741000.0,73.0,Ta,I,0.69692,4.5,4.562604,3.5,CB,1.0,8.0
27141,320.7849,3.863948,19920000.0,73.0,Ta,I,1.394032,2.5,5.257942,1.5,CB,1.0,4.0
27278,321.3906,3.856666,82170000.0,73.01,Ta,II,0.70149,2.0,4.558118,3.0,CB,2.0,7.0
27347,321.6917,3.853057,10020000.0,73.0,Ta,I,0.7524489999999999,1.5,4.605467,2.5,CB,1.0,6.0
27434,322.1315,3.8477959999999998,14780000.0,73.0,Ta,I,1.2368430000000001,1.5,5.084601,2.5,CB,1.0,6.0
27482,322.3824,3.8448019999999996,10400000.0,73.0,Ta,I,0.69692,4.5,4.541684,4.5,CB,1.0,10.0
27557,322.7314,3.840645,43070000.0,73.0,Ta,I,1.1472790000000002,2.5,4.9878860000000005,1.5,CB,1.0,4.0
27620,322.9879,3.837595,570900000.0,73.01,Ta,II,1.797135,2.0,5.634691,2.0,CB,2.0,5.0
27645,323.0857,3.836433,33280000.0,73.0,Ta,I,1.516917,3.5,5.353312,3.5,CB,1.0,8.0
27866,323.9976,3.8256349999999997,14550000.0,73.0,Ta,I,1.516917,3.5,5.3425139999999995,4.5,CB,1.0,10.0
27892,324.0942,3.824496,60750000.0,73.01,Ta,II,0.660931,1.0,4.485389,2.0,CB,2.0,5.0
27918,324.2049,3.8231889999999997,5119000.0,73.0,Ta,I,0.491463,3.5,4.314614,3.5,CB,1.0,8.0
27933,324.2837,3.82226,6821000.0,73.0,Ta,I,0.491463,3.5,4.3136849999999995,2.5,CB,1.0,6.0
28045,324.8525,3.815568,7541000.0,73.0,Ta,I,1.394032,2.5,5.209562,3.5,CB,1.0,8.0
28090,325.0348,3.813428,2301000.0,73.0,Ta,I,0.7524489999999999,1.5,4.565837999999999,2.5,CB,1.0,6.0
28306,326.0143,3.801971,1245000.0,73.0,Ta,I,0.0,1.5,3.801933,1.5,DSL,1.0,4.0
28662,327.4906,3.7848330000000003,90440000.0,73.01,Ta,II,0.394275,2.0,4.179069999999999,1.0,CB,2.0,3.0
28677,327.5682,3.783936,42100000.0,73.01,Ta,II,0.70149,2.0,4.485389,2.0,CB,2.0,5.0
28747,327.9274,3.779792,33210000.0,73.0,Ta,I,1.209958,0.5,4.989712,0.5,CB,1.0,2.0
28793,328.0859,3.777965,16590000.0,73.0,Ta,I,1.209958,0.5,4.9878860000000005,1.5,CB,1.0,4.0
29068,329.2492,3.764618,7530000.0,73.0,Ta,I,1.2368430000000001,1.5,5.001423,1.5,CB,1.0,4.0
29126,329.5318,3.76139,32350000.0,73.0,Ta,I,1.394032,2.5,5.155384,2.5,CB,1.0,6.0
29231,329.9774,3.75631,19760000.0,73.0,Ta,I,0.7500319999999999,0.5,4.506305,0.5,CB,1.0,2.0
29326,330.4375,3.7510800000000004,16740000.0,73.0,Ta,I,1.2368430000000001,1.5,4.9878860000000005,1.5,CB,1.0,4.0
29475,330.9775,3.74496,2411000.0,73.0,Ta,I,0.249221,2.5,3.994143,1.5,CB',1.0,4.0
29512,331.1135,3.7434220000000002,24820000.0,73.0,Ta,I,0.69692,4.5,4.440304,5.5,CB,1.0,12.0
29703,331.7915,3.7357730000000005,4561000.0,73.0,Ta,I,0.491463,3.5,4.227199,3.5,CB,1.0,8.0
29718,331.8532,3.7350790000000003,2338000.0,73.0,Ta,I,0.69692,4.5,4.431961,3.5,CB,1.0,8.0
29728,331.8847,3.734724,10690000.0,73.0,Ta,I,0.249221,2.5,3.983907,3.5,CB',1.0,8.0
30088,333.2415,3.719519,15360000.0,73.0,Ta,I,1.1472790000000002,2.5,4.86676,1.5,CB,1.0,4.0
30239,333.7791,3.7135279999999997,1545000.0,73.0,Ta,I,0.249221,2.5,3.962711,2.5,DSL,1.0,6.0
30258,333.8489,3.7127510000000004,4156000.0,73.0,Ta,I,0.7524489999999999,1.5,4.4651629999999995,2.5,CB,1.0,6.0
30295,333.9902,3.711181,56400000.0,73.01,Ta,II,0.846974,3.0,4.558118,3.0,CB,2.0,7.0
30378,334.3463,3.7072279999999997,11310000.0,73.0,Ta,I,1.462038,0.5,5.1692290000000005,1.5,CB,1.0,4.0
30521,334.9197,3.700881,488500000.0,73.01,Ta,II,1.807822,3.0,5.508666000000001,3.0,CB,2.0,7.0
30565,335.0958,3.6989370000000004,17150000.0,73.0,Ta,I,1.6553689999999999,4.5,5.354269,5.5,CB,1.0,12.0
30573,335.1497,3.698342,26380000.0,73.0,Ta,I,1.209958,0.5,4.908263,1.5,CB,1.0,4.0
30734,335.8523,3.690605,47140000.0,73.0,Ta,I,1.394032,2.5,5.084601,2.5,CB,1.0,6.0
30807,336.1641,3.687182,38970000.0,73.0,Ta,I,1.6553689999999999,4.5,5.3425139999999995,4.5,CB,1.0,10.0
30839,336.2507,3.686232,15120000.0,73.0,Ta,I,1.209958,4.5,4.896153,0.5,CB,1.0,2.0
31013,336.926,3.6788440000000002,7884000.0,73.0,Ta,I,0.7500319999999999,0.5,4.42884,1.5,CB,1.0,4.0
31068,337.1534,3.676363,9959000.0,73.0,Ta,I,0.491463,3.5,4.16779,4.5,CB,1.0,10.0
31177,337.604,3.671457,26610000.0,73.0,Ta,I,1.2368430000000001,1.5,4.908263,1.5,CB,1.0,4.0
31277,337.9507,3.6676900000000003,58760000.0,73.01,Ta,II,0.511416,0.0,4.179069999999999,1.0,CB,2.0,3.0
31413,338.5044,3.6616910000000003,5429000.0,73.0,Ta,I,0.491463,3.5,4.153117,4.5,CB,1.0,10.0
31480,338.7449,3.659092,5509000.0,73.0,Ta,I,1.394032,2.5,5.053088,3.5,CB,1.0,8.0
31519,338.8821,3.65761,4127000.0,73.0,Ta,I,1.1472790000000002,2.5,4.804853,2.5,CB,1.0,6.0
31786,339.831,3.6473970000000002,4011000.0,73.0,Ta,I,0.249221,2.5,3.896582,2.5,CB',1.0,6.0
31967,340.6666,3.6384510000000003,89180000.0,73.01,Ta,II,0.846974,3.0,4.485389,2.0,CB,2.0,5.0
31975,340.6937,3.6381620000000003,6471000.0,73.0,Ta,I,0.0,1.5,3.638125,2.5,DSL,1.0,6.0
32102,341.2891,3.631815,14310000.0,73.0,Ta,I,1.1472790000000002,2.5,4.779058,1.5,CB,1.0,4.0
32131,341.4128,3.630499,39180000.0,73.01,Ta,II,0.846974,3.0,4.477437999999999,4.0,CB,2.0,9.0
32191,341.7021,3.6274260000000003,3448000.0,73.01,Ta,II,0.0,1.0,3.62739,2.0,CB,2.0,5.0
32255,341.9714,3.624569,1559000.0,73.0,Ta,I,0.491463,3.5,4.115996,3.5,DSL,1.0,8.0
32367,342.4436,3.619571,8967000.0,73.0,Ta,I,0.7500319999999999,0.5,4.369568,1.5,CB,1.0,4.0
32423,342.6724,3.6171550000000003,5650000.0,73.0,Ta,I,0.7524489999999999,1.5,4.369568,1.5,CB,1.0,4.0
32606,343.4504,3.608961,5154000.0,73.0,Ta,I,1.203314,3.5,4.812238,4.5,CB,1.0,10.0
32653,343.5964,3.6074269999999995,37130000.0,73.0,Ta,I,1.394032,2.5,5.001423,1.5,CB,1.0,4.0
32749,344.0312,3.602868,651000000.0,73.01,Ta,II,1.797135,2.0,5.399967,1.0,CB,2.0,3.0
32873,344.5088,3.597874,8080000.0,73.0,Ta,I,1.2368430000000001,1.5,4.834681,1.5,CB,1.0,4.0
32926,344.6851,3.5960339999999995,88640000.0,73.01,Ta,II,1.57526,4.0,5.171258,5.0,CB,2.0,11.0
32939,344.7293,3.5955730000000004,6544000.0,73.0,Ta,I,1.1472790000000002,2.5,4.742816,3.5,CB,1.0,8.0
33354,346.377,3.578469,2797000.0,73.0,Ta,I,0.0,1.5,3.578433,2.5,DSL,1.0,6.0
33559,347.2516,3.569457,31590000.0,73.0,Ta,I,2.155232,3.5,5.724653,3.5,CB,1.0,8.0
33591,347.3889,3.568046,5059000.0,73.0,Ta,I,1.2368430000000001,1.5,4.804853,2.5,CB,1.0,6.0
33666,347.7229,3.5646190000000004,11810000.0,73.0,Ta,I,1.9082419999999998,4.5,5.472825,5.5,CB,1.0,12.0
33673,347.7438,3.564404,30930000.0,73.0,Ta,I,1.209958,0.5,4.774326,0.5,CB,1.0,2.0
33750,348.0497,3.561272,18300000.0,73.0,Ta,I,0.7524489999999999,1.5,4.3136849999999995,2.5,CB,1.0,6.0
33853,348.4621,3.557057,808200.0,73.0,Ta,I,0.0,1.5,3.5570209999999998,1.5,DSL,1.0,4.0
33980,349.0915,3.550644,16070000.0,73.0,Ta,I,1.3576540000000001,1.5,4.908263,1.5,CB,1.0,4.0
34137,349.7845,3.5436089999999996,4104000.0,73.0,Ta,I,0.249221,2.5,3.792794,3.5,DSL,1.0,8.0
34243,350.2497,3.538903,11400000.0,73.0,Ta,I,1.394032,2.5,4.9329,2.5,CB,1.0,6.0
34251,350.2862,3.538535,54200000.0,73.0,Ta,I,1.3576540000000001,1.5,4.896153,0.5,CB,1.0,2.0
34272,350.3868,3.537519,76520000.0,73.0,Ta,I,1.2368430000000001,1.5,4.774326,0.5,CB,1.0,2.0
34292,350.4961,3.5364160000000004,3684000.0,73.0,Ta,I,0.491463,3.5,4.027844,2.5,DSL,1.0,6.0
34297,350.5169,3.536206,11260000.0,73.0,Ta,I,1.516917,3.5,5.053088,3.5,CB,1.0,8.0
34427,351.1019,3.5303139999999997,11220000.0,73.0,Ta,I,0.69692,4.5,4.227199,3.5,CB,1.0,8.0
34499,351.3611,3.5277089999999998,102600000.0,73.0,Ta,I,1.462038,0.5,4.989712,0.5,CB,1.0,2.0
34787,352.7053,3.5142660000000006,11400000.0,73.0,Ta,I,1.394032,2.5,4.908263,1.5,CB,1.0,4.0
34816,352.8607,3.512718,26100000.0,73.0,Ta,I,1.595177,2.5,5.10786,1.5,CB,1.0,4.0
34880,353.1583,3.509758,9223000.0,73.0,Ta,I,1.1472790000000002,2.5,4.657001,3.5,CB,1.0,8.0
34893,353.2203,3.5091410000000005,7511000.0,73.0,Ta,I,1.3576540000000001,1.5,4.86676,1.5,CB,1.0,4.0
34975,353.6294,3.505082,9220000.0,73.0,Ta,I,1.1472790000000002,2.5,4.652326,1.5,CB,1.0,4.0
35088,354.1882,3.4995519999999996,7699000.0,73.01,Ta,II,0.127872,2.0,3.62739,2.0,CB,2.0,5.0
35282,354.9056,3.492479,2044000.0,73.0,Ta,I,0.491463,3.5,3.983907,3.5,CB',1.0,8.0
35395,355.3418,3.4881910000000005,506300.0,73.0,Ta,I,0.0,1.5,3.488157,2.5,DSL,1.0,6.0
35501,355.7922,3.483776,7218000.0,73.0,Ta,I,1.516917,3.5,5.0006580000000005,3.5,CB,1.0,8.0
35675,356.4793,3.477061,9722000.0,73.0,Ta,I,1.3576540000000001,1.5,4.834681,1.5,CB,1.0,4.0
35734,356.6715,3.4751879999999997,8458000.0,73.0,Ta,I,0.7500319999999999,0.5,4.225186,1.5,CB,1.0,4.0
35881,357.1847,3.470195,12740000.0,73.0,Ta,I,1.325431,4.5,4.795591,3.5,CB,1.0,8.0
35916,357.3407,3.4686800000000004,126900000.0,73.01,Ta,II,1.458942,3.0,4.927587,4.0,CB,2.0,9.0
36167,358.4213,3.4582230000000003,7887000.0,73.0,Ta,I,1.1472790000000002,2.5,4.605467,2.5,CB,1.0,6.0
36174,358.45,3.4579449999999996,12650000.0,73.0,Ta,I,1.595177,2.5,5.053088,3.5,CB,1.0,8.0
36228,358.6278,3.456232,2369000.0,73.0,Ta,I,0.69692,4.5,4.153117,4.5,CB,1.0,10.0
36463,359.564,3.447233,17550000.0,73.0,Ta,I,1.3576540000000001,1.5,4.804853,2.5,CB,1.0,6.0
36621,360.2485,3.4406830000000004,9968000.0,73.0,Ta,I,1.394032,2.5,4.834681,1.5,CB,1.0,4.0
36758,360.7405,3.4359900000000003,5577000.0,73.0,Ta,I,0.249221,2.5,3.6851760000000002,3.5,DSL,1.0,8.0
37211,362.5215,3.419111,1181000.0,73.0,Ta,I,0.69692,4.5,4.115996,3.5,DSL,1.0,8.0
37249,362.661,3.417795,7671000.0,73.0,Ta,I,0.491463,3.5,3.9092239999999996,4.5,DSL,1.0,10.0
37624,364.205,3.4033059999999997,5781000.0,73.0,Ta,I,0.69692,4.5,4.100192,5.5,DSL,1.0,12.0
37910,365.339,3.392743,10150000.0,73.0,Ta,I,1.595177,2.5,4.9878860000000005,1.5,CB,1.0,4.0
37920,365.3835,3.3923300000000003,5191000.0,73.0,Ta,I,1.9082419999999998,4.5,5.3005379999999995,3.5,CB,1.0,8.0
37990,365.7276,3.3891379999999995,6420000.0,73.0,Ta,I,1.6553689999999999,4.5,5.044473,4.5,CB,1.0,10.0
37994,365.7491,3.388939,811600.0,73.0,Ta,I,0.249221,2.5,3.638125,2.5,DSL,1.0,6.0
38081,366.1683,3.3850589999999996,10100000.0,73.0,Ta,I,1.394032,2.5,4.779058,1.5,CB,1.0,4.0
38107,366.2331,3.38446,72320000.0,73.01,Ta,II,1.201465,2.0,4.585891999999999,1.0,CB,2.0,3.0
38403,367.4835,3.3729449999999996,6535000.0,73.0,Ta,I,1.394032,2.5,4.766943,2.5,CB,1.0,6.0
38410,367.5127,3.3726769999999995,5771000.0,73.0,Ta,I,1.462038,0.5,4.834681,1.5,CB,1.0,4.0
38551,368.0982,3.367312,3739000.0,73.0,Ta,I,1.6553689999999999,4.5,5.022647,5.5,CB,1.0,12.0
38659,368.6186,3.3625580000000004,6347000.0,73.0,Ta,I,1.203314,3.5,4.565837999999999,2.5,CB,1.0,6.0
38747,368.9736,3.359324,4643000.0,73.0,Ta,I,1.203314,3.5,4.562604,3.5,CB,1.0,8.0
38806,369.3053,3.3563059999999996,8434000.0,73.0,Ta,I,1.595177,2.5,4.951449,3.5,CB,1.0,8.0
38848,369.4501,3.3549900000000004,98550000.0,73.01,Ta,II,1.797135,2.0,5.152091,3.0,CB,2.0,7.0
38875,369.538,3.354193,19390000.0,73.0,Ta,I,1.462038,0.5,4.816197,0.5,CB,1.0,2.0
39018,370.1312,3.348817,1493000.0,73.0,Ta,I,1.394032,2.5,4.742816,3.5,CB,1.0,8.0
39562,372.3071,3.329246,483000.0,73.0,Ta,I,0.249221,2.5,3.578433,2.5,DSL,1.0,6.0
39766,373.1012,3.32216,1127000.0,73.0,Ta,I,0.0,1.5,3.3221269999999996,2.5,DSL,1.0,6.0
39908,373.6756,3.317053,22220000.0,73.0,Ta,I,1.462038,0.5,4.779058,1.5,CB,1.0,4.0
40341,375.4515,3.301364,1153000.0,73.0,Ta,I,0.491463,3.5,3.792794,3.5,DSL,1.0,8.0
40351,375.5078,3.300869,3685000.0,73.0,Ta,I,1.1472790000000002,2.5,4.4481150000000005,2.5,CB,1.0,6.0
40428,375.773,3.29854,1871000.0,73.0,Ta,I,1.2368430000000001,1.5,4.535349,1.5,CB,1.0,4.0
40486,375.974,3.2967769999999996,502900.0,73.0,Ta,I,0.0,1.5,3.2967440000000003,1.5,DSL,1.0,4.0
40503,376.0192,3.29638,3487000.0,73.0,Ta,I,1.209958,0.5,4.506305,0.5,CB,1.0,2.0
40559,376.2104,3.2947050000000004,4909000.0,73.0,Ta,I,1.3576540000000001,1.5,4.652326,1.5,CB,1.0,4.0
40771,377.0899,3.2870199999999996,672800.0,73.0,Ta,I,0.69692,4.5,3.983907,3.5,CB',1.0,8.0
40915,377.7136,3.281593,7039000.0,73.0,Ta,I,1.1472790000000002,2.5,4.42884,1.5,CB,1.0,4.0
41081,378.4246,3.275428,467500.0,73.0,Ta,I,0.7524489999999999,1.5,4.027844,2.5,DSL,1.0,6.0
41253,379.2019,3.268714,1214000.0,73.0,Ta,I,0.0,1.5,3.268681,1.5,DSL,1.0,4.0
42058,382.3587,3.241727,2798000.0,73.0,Ta,I,0.7524489999999999,1.5,3.994143,1.5,CB',1.0,4.0
42112,382.6173,3.239536,5974000.0,73.0,Ta,I,1.595177,2.5,4.834681,1.5,CB,1.0,4.0
42135,382.6844,3.238968,708000.0,73.0,Ta,I,0.249221,2.5,3.488157,2.5,DSL,1.0,6.0
42187,382.8928,3.237205,4024000.0,73.0,Ta,I,1.325431,4.5,4.562604,3.5,CB,1.0,8.0
42318,383.3734,3.233147,14050000.0,73.01,Ta,II,0.394275,2.0,3.62739,2.0,CB,2.0,5.0
42391,383.6611,3.230723,685500.0,73.0,Ta,I,0.491463,3.5,3.722154,4.5,DSL,1.0,10.0
42442,383.9039,3.2286799999999998,2706000.0,73.0,Ta,I,1.203314,3.5,4.431961,3.5,CB,1.0,8.0
42623,384.6615,3.222321,2097000.0,73.0,Ta,I,1.1472790000000002,2.5,4.369568,1.5,CB,1.0,4.0
42657,384.8037,3.221131,1550000.0,73.0,Ta,I,0.69692,4.5,3.918018,3.5,DSL,1.0,8.0
42919,385.9811,3.211305,1670000.0,73.0,Ta,I,1.2368430000000001,1.5,4.4481150000000005,2.5,CB,1.0,6.0
43540,388.52,3.1903200000000003,11040000.0,73.0,Ta,I,1.462038,0.5,4.652326,1.5,CB,1.0,4.0
43758,389.3019,3.183913,2699000.0,73.0,Ta,I,1.595177,2.5,4.779058,1.5,CB,1.0,4.0
44214,391.2138,3.168352,18070000.0,73.0,Ta,I,2.1355619999999997,2.5,5.303883,1.5,CB,1.0,4.0
44386,391.8518,3.163195,4535000.0,73.0,Ta,I,0.0,1.5,3.163163,0.5,DSL,1.0,2.0
44490,392.2438,3.1600330000000003,6632000.0,73.01,Ta,II,0.846974,3.0,4.006976,3.0,CB,2.0,7.0
44501,392.2769,3.159766,5684000.0,73.0,Ta,I,0.7524489999999999,1.5,3.9121839999999994,1.5,DSL,1.0,4.0
44504,392.2925,3.159641,8028000.0,73.0,Ta,I,1.209958,0.5,4.369568,1.5,CB,1.0,4.0
44713,393.0929,3.1532080000000002,3265000.0,73.0,Ta,I,0.7524489999999999,1.5,3.905625,0.5,CB',1.0,2.0
44862,393.6579,3.148682,8368000.0,73.0,Ta,I,1.3576540000000001,1.5,4.506305,0.5,CB,1.0,2.0
44890,393.7844,3.14767,5627000.0,73.0,Ta,I,1.595177,2.5,4.742816,3.5,CB,1.0,8.0
45011,394.2236,3.144164,305000.0,73.0,Ta,I,0.7524489999999999,1.5,3.896582,2.5,CB',1.0,6.0
45249,395.2168,3.136263,7083000.0,73.0,Ta,I,1.9082419999999998,4.5,5.044473,4.5,CB,1.0,10.0
45342,395.6591,3.132756,3777000.0,73.0,Ta,I,1.2368430000000001,1.5,4.369568,1.5,CB,1.0,4.0
45650,397.0106,3.122092,1170000.0,73.0,Ta,I,0.0,1.5,3.122061,2.5,CB',1.0,6.0
45877,397.9267,3.114905,1497000.0,73.0,Ta,I,1.325431,4.5,4.440304,5.5,CB,1.0,12.0
45915,398.0996,3.113552,19810000.0,73.01,Ta,II,1.4723709999999999,2.0,4.585891999999999,1.0,CB,2.0,3.0
45936,398.1938,3.112816,16430000.0,73.0,Ta,I,1.971816,1.5,5.084601,2.5,CB,1.0,6.0
45976,398.3837,3.111332,478800.0,73.0,Ta,I,1.203314,3.5,4.314614,3.5,CB,1.0,8.0
46010,398.5027,3.110403,568700.0,73.0,Ta,I,1.203314,3.5,4.3136849999999995,2.5,CB,1.0,6.0
46077,398.8698,3.10754,4019000.0,73.0,Ta,I,1.3576540000000001,1.5,4.4651629999999995,2.5,CB,1.0,6.0
46251,399.6165,3.101734,5111000.0,73.0,Ta,I,0.7500319999999999,0.5,3.8517349999999997,1.5,DSL,1.0,4.0
46331,399.928,3.0993169999999997,2558000.0,73.0,Ta,I,0.7524489999999999,1.5,3.8517349999999997,1.5,DSL,1.0,4.0
46417,400.3688,3.095905,669700.0,73.0,Ta,I,0.69692,4.5,3.792794,3.5,DSL,1.0,8.0
46488,400.6825,3.093481,1060000.0,73.0,Ta,I,0.249221,2.5,3.3426709999999997,3.5,DSL,1.0,8.0
46499,400.723,3.093169,6167000.0,73.0,Ta,I,1.971816,1.5,5.064954,2.5,CB,1.0,6.0
46620,401.3182,3.088581,4353000.0,73.0,Ta,I,1.516917,3.5,4.605467,2.5,CB,1.0,6.0
46901,402.6936,3.078033,3998000.0,73.0,Ta,I,0.7524489999999999,1.5,3.830451,1.5,DSL,1.0,4.0
47041,403.3082,3.073342,7253000.0,73.0,Ta,I,1.462038,0.5,4.535349,1.5,CB,1.0,4.0
47054,403.3614,3.072937,136300.0,73.0,Ta,I,0.249221,2.5,3.3221269999999996,2.5,DSL,1.0,6.0
47100,403.5874,3.071216,4365000.0,73.0,Ta,I,1.3576540000000001,1.5,4.42884,1.5,CB,1.0,4.0
47215,404.0866,3.067422,981200.0,73.0,Ta,I,0.69692,4.5,3.764311,5.5,DSL,1.0,12.0
47217,404.1054,3.06728,600900.0,73.0,Ta,I,0.0,1.5,3.0672490000000003,1.5,DSL,1.0,4.0
47587,405.8475,3.0541139999999998,3083000.0,73.0,Ta,I,1.394032,2.5,4.4481150000000005,2.5,CB,1.0,6.0
47645,406.1377,3.051931,7490000.0,73.0,Ta,I,0.7500319999999999,0.5,3.801933,1.5,DSL,1.0,4.0
47716,406.4595,3.049515,3748000.0,73.0,Ta,I,0.7524489999999999,1.5,3.801933,1.5,DSL,1.0,4.0
47771,406.7211,3.0475529999999997,1184000.0,73.0,Ta,I,0.249221,2.5,3.2967440000000003,1.5,DSL,1.0,4.0
47790,406.789,3.0470450000000002,1629000.0,73.0,Ta,I,0.249221,2.5,3.296235,3.5,DSL,1.0,8.0
47887,407.298,3.043238,4178000.0,73.0,Ta,I,1.9082419999999998,4.5,4.951449,3.5,CB,1.0,8.0
48171,408.5789,3.033697,13780000.0,73.0,Ta,I,2.1355619999999997,2.5,5.1692290000000005,1.5,CB,1.0,4.0
48279,409.1263,3.0296380000000003,9508000.0,73.0,Ta,I,1.971816,1.5,5.001423,1.5,CB,1.0,4.0
48371,409.5536,3.026477,9556000.0,73.01,Ta,II,1.458942,3.0,4.485389,2.0,CB,2.0,5.0
48410,409.7177,3.025265,415800.0,73.0,Ta,I,0.69692,4.5,3.722154,4.5,DSL,1.0,10.0
48573,410.5012,3.019491,1430000.0,73.0,Ta,I,0.249221,2.5,3.268681,1.5,DSL,1.0,4.0
48772,411.478,3.012323,533400.0,73.0,Ta,I,1.203314,3.5,4.215607,2.5,CB,1.0,6.0
49027,412.788,3.002764,690800.0,73.0,Ta,I,0.491463,3.5,3.494197,3.5,CB',1.0,8.0
49064,412.9442,3.0016279999999997,1637000.0,73.0,Ta,I,0.249221,2.5,3.250819,2.5,CB',1.0,6.0
49201,413.6201,2.996723,2007000.0,73.0,Ta,I,0.491463,3.5,3.488157,2.5,DSL,1.0,6.0
49430,414.7879,2.988286,1532000.0,73.0,Ta,I,0.69692,4.5,3.6851760000000002,3.5,DSL,1.0,8.0
49967,417.5179,2.968747,4260000.0,73.0,Ta,I,1.1472790000000002,2.5,4.115996,3.5,DSL,1.0,8.0
50001,417.6861,2.967552,54590000.0,73.01,Ta,II,1.813596,1.0,4.781118,3.0,CB,2.0,7.0
50023,417.7875,2.966831,7243000.0,73.0,Ta,I,1.462038,0.5,4.42884,1.5,CB,1.0,4.0
50094,418.1153,2.964506,2001000.0,73.0,Ta,I,1.203314,3.5,4.16779,4.5,CB,1.0,10.0
50319,419.3097,2.956061,1998000.0,73.0,Ta,I,1.3576540000000001,1.5,4.3136849999999995,2.5,CB,1.0,6.0
50570,420.5885,2.947073,1683000.0,73.0,Ta,I,0.491463,3.5,3.438507,4.5,DSL,1.0,10.0
51011,422.8622,2.931228,4606000.0,73.0,Ta,I,1.516917,3.5,4.4481150000000005,2.5,CB,1.0,6.0
51329,424.3994,2.920611,767800.0,73.0,Ta,I,1.394032,2.5,4.314614,3.5,CB,1.0,8.0
51363,424.5344,2.919682,4785000.0,73.0,Ta,I,1.394032,2.5,4.3136849999999995,2.5,CB,1.0,6.0
51766,426.8232,2.904025,8982000.0,73.0,Ta,I,1.9082419999999998,4.5,4.812238,4.5,CB,1.0,10.0
51847,427.151,2.901797,1478000.0,73.0,Ta,I,1.325431,4.5,4.227199,3.5,CB,1.0,8.0
52001,427.9052,2.8966830000000003,297200.0,73.0,Ta,I,0.0,1.5,2.8966540000000003,2.5,DSL,1.0,6.0
52155,428.6381,2.89173,20970000.0,73.0,Ta,I,2.377825,2.5,5.269526,2.5,CB,1.0,6.0
52312,429.438,2.886344,2080000.0,73.0,Ta,I,1.6553689999999999,4.5,4.541684,4.5,CB,1.0,10.0
52489,430.2953,2.880593,4552000.0,73.0,Ta,I,1.1472790000000002,2.5,4.027844,2.5,DSL,1.0,6.0
52728,431.4522,2.8728689999999997,583300.0,73.0,Ta,I,0.249221,2.5,3.122061,2.5,CB',1.0,6.0
52805,431.8813,2.870015,3428000.0,73.0,Ta,I,1.595177,2.5,4.4651629999999995,2.5,CB,1.0,6.0
53023,432.9557,2.862893,15450000.0,73.0,Ta,I,1.971816,1.5,4.834681,1.5,CB,1.0,4.0
53133,433.6195,2.85851,38150000.0,73.0,Ta,I,2.96653,3.5,5.825012,2.5,CB,1.0,6.0
53484,435.5102,2.846101,53200000.0,73.0,Ta,I,2.812174,4.5,5.658246,4.5,CB,1.0,10.0
53584,436.0792,2.842387,749500.0,73.0,Ta,I,1.325431,4.5,4.16779,4.5,CB,1.0,10.0
53748,436.9361,2.8368130000000003,2042000.0,73.0,Ta,I,1.595177,2.5,4.431961,3.5,CB,1.0,8.0
53837,437.4175,2.833691,2042000.0,73.0,Ta,I,1.595177,2.5,4.42884,1.5,CB,1.0,4.0
53858,437.5142,2.833065,5417000.0,73.0,Ta,I,1.971816,1.5,4.804853,2.5,CB,1.0,6.0
53909,437.7953,2.8312459999999997,30080000.0,73.0,Ta,I,3.097355,3.5,5.928572,3.5,CB,1.0,8.0
53926,437.881,2.830692,897500.0,73.0,Ta,I,0.491463,3.5,3.3221269999999996,2.5,DSL,1.0,6.0
53985,438.1885,2.828705,8861000.0,73.0,Ta,I,2.6244490000000003,2.5,5.453126,3.5,CB,1.0,8.0
54055,438.606,2.826013,1826000.0,73.0,Ta,I,0.7524489999999999,1.5,3.578433,2.5,DSL,1.0,6.0
54283,439.8444,2.8180560000000003,881500.0,73.0,Ta,I,0.249221,2.5,3.0672490000000003,1.5,DSL,1.0,4.0
54343,440.25,2.81546,4249000.0,73.0,Ta,I,1.1472790000000002,2.5,3.962711,2.5,DSL,1.0,6.0
54592,441.5743,2.8070169999999997,2409000.0,73.0,Ta,I,0.7500319999999999,0.5,3.5570209999999998,1.5,DSL,1.0,4.0
54656,441.9547,2.8046,873100.0,73.0,Ta,I,0.7524489999999999,1.5,3.5570209999999998,1.5,DSL,1.0,4.0
54759,442.497,2.8011630000000003,13300000.0,73.0,Ta,I,2.559845,3.5,5.3609800000000005,2.5,CB,1.0,6.0
54859,443.0408,2.797725,1853000.0,73.0,Ta,I,1.516917,3.5,4.314614,3.5,CB,1.0,8.0
54877,443.1073,2.7973049999999997,286900.0,73.0,Ta,I,0.69692,4.5,3.494197,3.5,CB',1.0,8.0
54911,443.2985,2.7960990000000003,2092000.0,73.0,Ta,I,1.9082419999999998,4.5,4.704313,4.5,CB,1.0,10.0
55055,444.1038,2.791029,1663000.0,73.0,Ta,I,1.2368430000000001,1.5,4.027844,2.5,DSL,1.0,6.0
55065,444.173,2.790594,1643000.0,73.0,Ta,I,1.325431,4.5,4.115996,3.5,DSL,1.0,8.0
55226,445.071,2.7849630000000003,1896000.0,73.0,Ta,I,1.6553689999999999,4.5,4.440304,5.5,CB,1.0,12.0
55241,445.1909,2.7842130000000003,652700.0,73.0,Ta,I,1.209958,0.5,3.994143,1.5,CB',1.0,4.0
55390,445.9772,2.779305,36580000.0,73.0,Ta,I,2.377825,2.5,5.157102,1.5,CB,1.0,4.0
55626,447.3514,2.7707669999999998,1658000.0,73.0,Ta,I,1.1472790000000002,2.5,3.918018,3.5,DSL,1.0,8.0
55739,448.0889,2.766207,31040000.0,73.0,Ta,I,3.1007,5.5,5.866879,5.5,CB,1.0,12.0
56011,449.6492,2.7566080000000004,279300.0,73.0,Ta,I,0.249221,2.5,3.005801,1.5,CB',1.0,4.0
56216,451.0971,2.74776,1846000.0,73.0,Ta,I,0.69692,4.5,3.4446529999999997,5.5,DSL,1.0,12.0
56228,451.1456,2.747465,762400.0,73.0,Ta,I,0.69692,4.5,3.4443580000000003,3.5,DSL,1.0,8.0
56375,452.1084,2.7416139999999998,341500.0,73.0,Ta,I,0.69692,4.5,3.438507,4.5,DSL,1.0,10.0
56529,453.08,2.735735,1834000.0,73.0,Ta,I,0.7524489999999999,1.5,3.488157,2.5,DSL,1.0,6.0
56787,454.7155,2.725896,692200.0,73.0,Ta,I,1.2368430000000001,1.5,3.962711,2.5,DSL,1.0,6.0
56858,455.1956,2.72302,627300.0,73.0,Ta,I,0.491463,3.5,3.214456,4.5,CB',1.0,10.0
56890,455.3677,2.721991,1057000.0,73.0,Ta,I,1.394032,2.5,4.115996,3.5,DSL,1.0,8.0
56937,455.633,2.720407,2621000.0,73.0,Ta,I,1.394032,2.5,4.114412000000001,2.5,CB',1.0,6.0
56991,455.9465,2.718536,1811000.0,73.0,Ta,I,1.595177,2.5,4.3136849999999995,2.5,CB,1.0,6.0
57026,456.1477,2.717337,57890.0,73.0,Ta,I,0.249221,2.5,2.96653,3.5,CB',1.0,8.0
57102,456.5854,2.714732,3032000.0,73.0,Ta,I,1.203314,3.5,3.918018,3.5,DSL,1.0,8.0
57114,456.6845,2.714143,31740000.0,73.0,Ta,I,3.214456,4.5,5.928572,3.5,CB,1.0,8.0
57205,457.3305,2.710309,1123000.0,73.0,Ta,I,1.516917,3.5,4.227199,3.5,CB,1.0,8.0
57217,457.4315,2.70971,1292000.0,73.0,Ta,I,0.0,1.5,2.709683,1.5,DSL,1.0,4.0
57315,458.0693,2.705938,224900.0,73.0,Ta,I,1.203314,3.5,3.9092239999999996,4.5,DSL,1.0,10.0
57365,458.3157,2.704483,536400.0,73.0,Ta,I,1.1472790000000002,2.5,3.8517349999999997,1.5,DSL,1.0,4.0
57615,460.1423,2.693747,3311000.0,73.0,Ta,I,1.971816,1.5,4.6655370000000005,2.5,CB,1.0,6.0
57624,460.2196,2.693295,890800.0,73.0,Ta,I,1.203314,3.5,3.896582,2.5,CB',1.0,6.0
57652,460.4299,2.692065,4660000.0,73.0,Ta,I,2.780787,5.5,5.472825,5.5,CB,1.0,12.0
57665,460.485,2.691743,16500000.0,73.0,Ta,I,2.96653,3.5,5.658246,4.5,CB,1.0,10.0
57875,461.9513,2.683199,6348000.0,73.0,Ta,I,1.1472790000000002,2.5,3.830451,1.5,DSL,1.0,4.0
58040,463.3035,2.675368,1779000.0,73.0,Ta,I,1.2368430000000001,1.5,3.9121839999999994,1.5,DSL,1.0,4.0
58382,466.1078,2.659272,2258000.0,73.0,Ta,I,1.6553689999999999,4.5,4.314614,3.5,CB,1.0,8.0
58497,466.9139,2.654681,2362000.0,73.0,Ta,I,1.1472790000000002,2.5,3.801933,1.5,DSL,1.0,4.0
58647,468.1874,2.6474599999999997,1364000.0,73.0,Ta,I,0.249221,2.5,2.8966540000000003,2.5,DSL,1.0,6.0
58688,468.4852,2.645777,245100.0,73.0,Ta,I,0.69692,4.5,3.3426709999999997,3.5,DSL,1.0,8.0
58697,468.5269,2.645542,388400.0,73.0,Ta,I,1.1472790000000002,2.5,3.792794,3.5,DSL,1.0,8.0
58747,468.8849,2.643522,2949000.0,73.0,Ta,I,2.1355619999999997,2.5,4.779058,1.5,CB,1.0,4.0
58786,469.1899,2.641804,3229000.0,73.0,Ta,I,1.209958,0.5,3.8517349999999997,1.5,DSL,1.0,4.0
58802,469.3364,2.640979,30050000.0,73.0,Ta,I,2.812174,4.5,5.453126,3.5,CB,1.0,8.0
58900,470.1309,2.636516,2077000.0,73.0,Ta,I,1.3576540000000001,1.5,3.994143,1.5,CB',1.0,4.0
58953,470.609,2.633838,1739000.0,73.0,Ta,I,1.394032,2.5,4.027844,2.5,DSL,1.0,6.0
59189,472.2878,2.624475,125100.0,73.0,Ta,I,0.0,1.5,2.6244490000000003,2.5,DSL,1.0,6.0
59297,473.0122,2.6204560000000003,2432000.0,73.0,Ta,I,1.595177,2.5,4.215607,2.5,CB,1.0,6.0
59434,474.0139,2.614919,3893000.0,73.0,Ta,I,1.2368430000000001,1.5,3.8517349999999997,1.5,DSL,1.0,4.0
59517,474.5913,2.6117369999999998,3742000.0,73.0,Ta,I,2.155232,3.5,4.766943,2.5,CB,1.0,6.0
59659,475.6512,2.605917,904100.0,73.0,Ta,I,0.491463,3.5,3.097355,3.5,CB',1.0,8.0
59680,475.8036,2.605083,979200.0,73.0,Ta,I,1.3576540000000001,1.5,3.962711,2.5,DSL,1.0,6.0
59819,476.8978,2.599106,2421000.0,73.0,Ta,I,1.516917,3.5,4.115996,3.5,DSL,1.0,8.0
59955,478.092,2.5926139999999998,1418000.0,73.0,Ta,I,1.325431,4.5,3.918018,3.5,DSL,1.0,8.0
60022,478.6657,2.589507,224200.0,73.0,Ta,I,1.203314,3.5,3.792794,3.5,DSL,1.0,8.0
60344,481.2754,2.5754650000000003,993200.0,73.0,Ta,I,0.0,1.5,2.575439,1.5,DSL,1.0,4.0
60438,481.9508,2.571856,1883000.0,73.0,Ta,I,1.6553689999999999,4.5,4.227199,3.5,CB,1.0,8.0
60507,482.5421,2.568704,1944000.0,73.0,Ta,I,1.394032,2.5,3.962711,2.5,DSL,1.0,6.0
60589,483.2171,2.565116,1008000.0,73.0,Ta,I,1.2368430000000001,1.5,3.801933,1.5,DSL,1.0,4.0
60792,484.6426,2.557572,29720000.0,73.0,Ta,I,3.1007,5.5,5.658246,4.5,CB,1.0,10.0
60881,485.2149,2.554555,1412000.0,73.0,Ta,I,1.3576540000000001,1.5,3.9121839999999994,1.5,DSL,1.0,4.0
61103,487.1668,2.54432,232500.0,73.0,Ta,I,0.7524489999999999,1.5,3.2967440000000003,1.5,DSL,1.0,4.0
61189,487.9145,2.540421,4238000.0,73.0,Ta,I,2.96482,4.5,5.505216000000001,4.5,CB,1.0,10.0
61225,488.1966,2.538953,189900.0,73.0,Ta,I,1.3576540000000001,1.5,3.896582,2.5,CB',1.0,6.0
61248,488.3948,2.537922,528800.0,73.0,Ta,I,1.1472790000000002,2.5,3.6851760000000002,3.5,DSL,1.0,8.0
61548,490.7706,2.5256369999999997,67460.0,73.0,Ta,I,0.249221,2.5,2.774832,3.5,CB',1.0,8.0
61633,491.4954,2.521912,223800.0,73.0,Ta,I,0.0,1.5,2.521887,0.5,CB',1.0,2.0
61685,492.0128,2.51926,2830000.0,73.0,Ta,I,1.595177,2.5,4.114412000000001,2.5,CB',1.0,6.0
61710,492.1274,2.5186740000000003,1042000.0,73.0,Ta,I,0.7500319999999999,0.5,3.268681,1.5,DSL,1.0,4.0
61738,492.3448,2.517562,77510.0,73.0,Ta,I,0.69692,4.5,3.214456,4.5,CB',1.0,10.0
61761,492.4959,2.5167889999999997,2553000.0,73.0,Ta,I,2.1355619999999997,2.5,4.652326,1.5,CB,1.0,4.0
61771,492.6,2.516257,1194000.0,73.0,Ta,I,0.7524489999999999,1.5,3.268681,1.5,DSL,1.0,4.0
61888,493.6408,2.510952,3706000.0,73.0,Ta,I,1.516917,3.5,4.027844,2.5,DSL,1.0,6.0
61901,493.7632,2.510329,3537000.0,73.0,Ta,I,2.155232,3.5,4.6655370000000005,2.5,CB,1.0,6.0
62247,496.8531,2.494718,6971000.0,73.0,Ta,I,2.774832,3.5,5.269526,2.5,CB,1.0,6.0
62264,496.9751,2.494106,998100.0,73.0,Ta,I,1.3576540000000001,1.5,3.8517349999999997,1.5,DSL,1.0,4.0
62349,497.6205,2.490871,310400.0,73.0,Ta,I,1.1472790000000002,2.5,3.638125,2.5,DSL,1.0,6.0
62753,501.2528,2.4728209999999997,1485000.0,73.0,Ta,I,1.3576540000000001,1.5,3.830451,1.5,DSL,1.0,4.0
63056,503.7318,2.460652,3685000.0,73.0,Ta,I,1.6553689999999999,4.5,4.115996,3.5,DSL,1.0,8.0
63060,503.7655,2.460487,273800.0,73.0,Ta,I,0.249221,2.5,2.709683,1.5,DSL,1.0,4.0
63131,504.3313,2.457727,2025000.0,73.0,Ta,I,1.394032,2.5,3.8517349999999997,1.5,DSL,1.0,4.0
63294,505.8683,2.4502599999999997,1576000.0,73.0,Ta,I,2.155232,3.5,4.605467,2.5,CB,1.0,6.0
63384,506.7869,2.4458189999999997,2071000.0,73.0,Ta,I,1.516917,3.5,3.962711,2.5,DSL,1.0,6.0
63467,507.6379,2.441718,1632000.0,73.0,Ta,I,2.155232,3.5,4.596926,4.5,CB,1.0,10.0
63523,508.2235,2.438905,235800.0,73.0,Ta,I,1.325431,4.5,3.764311,5.5,DSL,1.0,12.0
63576,508.7371,2.436443,1256000.0,73.0,Ta,I,1.394032,2.5,3.830451,1.5,DSL,1.0,4.0
63606,509.0729,2.4348360000000002,1128000.0,73.0,Ta,I,1.203314,3.5,3.638125,2.5,DSL,1.0,6.0
63655,509.5217,2.432691,936300.0,73.0,Ta,I,1.595177,2.5,4.027844,2.5,DSL,1.0,6.0
63792,510.9378,2.425949,1691000.0,73.01,Ta,II,1.201465,2.0,3.62739,2.0,CB,2.0,5.0
63799,510.9783,2.425757,65630.0,73.0,Ta,I,0.69692,4.5,3.122652,4.5,CB',1.0,10.0
63875,511.718,2.42225,21210000.0,73.0,Ta,I,3.4446529999999997,5.5,5.866879,5.5,CB,1.0,12.0
64068,513.6468,2.4131549999999997,678500.0,73.0,Ta,I,0.7500319999999999,0.5,3.163163,0.5,DSL,1.0,2.0
64115,514.1616,2.4107380000000003,2191000.0,73.0,Ta,I,0.7524489999999999,1.5,3.163163,0.5,DSL,1.0,2.0
64135,514.369,2.409766,1619000.0,73.0,Ta,I,1.1472790000000002,2.5,3.5570209999999998,1.5,DSL,1.0,4.0
64171,514.7623,2.407925,1314000.0,73.0,Ta,I,1.394032,2.5,3.801933,1.5,DSL,1.0,4.0
64186,514.8755,2.407396,1090000.0,73.0,Ta,I,2.155232,3.5,4.562604,3.5,CB,1.0,8.0
64210,515.0894,2.406396,626700.0,73.0,Ta,I,1.9082419999999998,4.5,4.314614,3.5,CB,1.0,8.0
64238,515.3424,2.405215,214600.0,73.0,Ta,I,0.491463,3.5,2.8966540000000003,2.5,DSL,1.0,6.0
64281,515.6449,2.403804,851100.0,73.0,Ta,I,0.69692,4.5,3.1007,5.5,CB',1.0,12.0
64342,516.1811,2.401307,977500.0,73.0,Ta,I,1.2368430000000001,1.5,3.638125,2.5,DSL,1.0,6.0
64356,516.3635,2.400459,242600.0,73.0,Ta,I,0.69692,4.5,3.097355,3.5,CB',1.0,8.0
64390,516.6795,2.398991,750600.0,73.0,Ta,I,1.595177,2.5,3.994143,1.5,CB',1.0,4.0
64437,517.163,2.396748,212100.0,73.0,Ta,I,1.325431,4.5,3.722154,4.5,DSL,1.0,10.0
64535,518.0927,2.392447,22600000.0,73.0,Ta,I,2.709683,1.5,5.102106,0.5,CB,1.0,2.0
64630,518.8936,2.388754,295600.0,73.0,Ta,I,1.595177,2.5,3.983907,3.5,CB',1.0,8.0
64689,519.3891,2.386475,665100.0,73.0,Ta,I,2.155232,3.5,4.541684,4.5,CB,1.0,10.0
64897,521.2734,2.3778490000000003,229900.0,73.0,Ta,I,0.0,1.5,2.377825,2.5,CB',1.0,6.0
64956,521.8432,2.375252,316700.0,73.0,Ta,I,0.249221,2.5,2.6244490000000003,2.5,DSL,1.0,6.0
65079,523.0801,2.369636,208300.0,73.0,Ta,I,0.7524489999999999,1.5,3.122061,2.5,CB',1.0,6.0
65123,523.5392,2.3675580000000003,672700.0,73.0,Ta,I,1.595177,2.5,3.962711,2.5,DSL,1.0,6.0
65144,523.7537,2.366588,7703000.0,73.01,Ta,II,1.813596,1.0,4.180161,2.0,CB,2.0,5.0
65230,524.478,2.36332,211100.0,73.0,Ta,I,1.203314,3.5,3.56661,4.5,DSL,1.0,10.0
65653,528.1056,2.3470869999999997,286000.0,73.0,Ta,I,1.209958,0.5,3.5570209999999998,1.5,DSL,1.0,4.0
65789,529.5011,2.3409009999999997,755100.0,73.0,Ta,I,1.1472790000000002,2.5,3.488157,2.5,DSL,1.0,6.0
66056,531.8648,2.3304970000000003,12860000.0,73.0,Ta,I,3.122652,4.5,5.453126,3.5,CB,1.0,8.0
66151,532.8377,2.3262419999999997,330100.0,73.0,Ta,I,0.249221,2.5,2.575439,1.5,DSL,1.0,4.0
66229,533.6125,2.322865,497000.0,73.0,Ta,I,1.595177,2.5,3.918018,3.5,DSL,1.0,8.0
66282,534.1025,2.320733,233700.0,73.0,Ta,I,0.491463,3.5,2.812174,4.5,CB',1.0,10.0
66291,534.225,2.320202,413400.0,73.0,Ta,I,1.2368430000000001,1.5,3.5570209999999998,1.5,DSL,1.0,4.0
66369,534.9079,2.31724,351000.0,73.0,Ta,I,0.7500319999999999,0.5,3.0672490000000003,1.5,DSL,1.0,4.0
66380,534.9562,2.31703,2066000.0,73.0,Ta,I,1.595177,2.5,3.9121839999999994,1.5,DSL,1.0,4.0
66457,535.4663,2.314823,440900.0,73.0,Ta,I,0.7524489999999999,1.5,3.0672490000000003,1.5,DSL,1.0,4.0
66566,536.5949,2.3099540000000003,735300.0,73.0,Ta,I,2.155232,3.5,4.4651629999999995,2.5,CB,1.0,6.0
66790,538.8489,2.300292,14850000.0,73.0,Ta,I,3.56661,4.5,5.866879,5.5,CB,1.0,12.0
66876,539.5972,2.297102,336200.0,73.0,Ta,I,1.1472790000000002,2.5,3.4443580000000003,3.5,DSL,1.0,8.0
66888,539.7569,2.296422,844100.0,73.0,Ta,I,2.1355619999999997,2.5,4.431961,3.5,CB,1.0,8.0
66938,540.2525,2.294316,1042000.0,73.0,Ta,I,0.0,1.5,2.294293,0.5,DSL,1.0,2.0
66948,540.3509,2.293898,185600.0,73.0,Ta,I,1.8739150000000002,5.5,4.16779,4.5,CB,1.0,10.0
66964,540.4917,2.2933,2926000.0,73.0,Ta,I,2.1355619999999997,2.5,4.42884,1.5,CB,1.0,4.0
66976,540.5846,2.2929060000000003,588900.0,73.0,Ta,I,2.155232,3.5,4.4481150000000005,2.5,CB,1.0,6.0
67015,541.0565,2.290906,139400.0,73.0,Ta,I,1.203314,3.5,3.494197,3.5,CB',1.0,8.0
67043,541.3481,2.289673,359700.0,73.0,Ta,I,0.7500319999999999,0.5,3.039682,0.5,CB',1.0,2.0
67095,541.92,2.287256,1799000.0,73.0,Ta,I,0.7524489999999999,1.5,3.039682,0.5,CB',1.0,2.0
67268,543.5269,2.280494,861600.0,73.0,Ta,I,1.3576540000000001,1.5,3.638125,2.5,DSL,1.0,6.0
67511,546.128,2.2696330000000002,266800.0,73.0,Ta,I,0.69692,4.5,2.96653,3.5,CB',1.0,8.0
67652,547.5572,2.263709,5848000.0,73.0,Ta,I,2.780787,5.5,5.044473,4.5,CB,1.0,10.0
67725,548.1108,2.2614229999999997,5421000.0,73.0,Ta,I,2.895702,0.5,5.157102,1.5,CB,1.0,4.0
67756,548.3416,2.26047,7140000.0,73.0,Ta,I,2.8966540000000003,2.5,5.157102,1.5,CB,1.0,4.0
67862,549.4791,2.255791,135500.0,73.0,Ta,I,0.7500319999999999,0.5,3.005801,1.5,CB',1.0,4.0
67897,549.9455,2.253878,357500.0,73.0,Ta,I,1.6553689999999999,4.5,3.9092239999999996,4.5,DSL,1.0,10.0
67910,550.0683,2.253375,117800.0,73.0,Ta,I,0.7524489999999999,1.5,3.005801,1.5,CB',1.0,4.0
67969,550.5664,2.2513360000000002,179500.0,73.0,Ta,I,1.2368430000000001,1.5,3.488157,2.5,DSL,1.0,6.0
68097,551.8897,2.245938,2292000.0,73.0,Ta,I,2.155232,3.5,4.401148,4.5,CB,1.0,10.0
68122,552.1128,2.24503,936900.0,73.0,Ta,I,2.559845,3.5,4.804853,2.5,CB,1.0,6.0
68356,554.5172,2.235296,220800.0,73.0,Ta,I,1.595177,2.5,3.830451,1.5,DSL,1.0,4.0
68387,554.832,2.234028,1212000.0,73.0,Ta,I,2.1355619999999997,2.5,4.369568,1.5,CB,1.0,4.0
68740,558.3981,2.219761,14450000.0,73.0,Ta,I,3.438507,4.5,5.658246,4.5,CB,1.0,10.0
68891,559.8738,2.21391,6882000.0,73.0,Ta,I,3.4443580000000003,3.5,5.658246,4.5,CB,1.0,10.0
68898,559.9485,2.2136150000000003,14370000.0,73.0,Ta,I,3.4446529999999997,5.5,5.658246,4.5,CB,1.0,10.0
68959,560.5453,2.2112580000000004,212200.0,73.0,Ta,I,2.155232,3.5,4.366468,4.5,CB,1.0,10.0
69058,561.7728,2.206426,5672000.0,73.0,Ta,I,2.895702,0.5,5.102106,0.5,CB,1.0,2.0
69096,562.07,2.20526,430800.0,73.0,Ta,I,1.516917,3.5,3.722154,4.5,DSL,1.0,10.0
69236,563.5703,2.199389,354800.0,73.0,Ta,I,1.3576540000000001,1.5,3.5570209999999998,1.5,DSL,1.0,4.0
69292,564.019,2.197639,396500.0,73.0,Ta,I,1.595177,2.5,3.792794,3.5,DSL,1.0,8.0
69355,564.5907,2.195414,885800.0,73.0,Ta,I,1.1472790000000002,2.5,3.3426709999999997,3.5,DSL,1.0,8.0
69527,566.4895,2.188055,473600.0,73.0,Ta,I,0.249221,2.5,2.4372540000000003,1.5,CB',1.0,4.0
69738,568.8244,2.179074,852800.0,73.0,Ta,I,2.1355619999999997,2.5,4.314614,3.5,CB,1.0,8.0
69823,569.9241,2.17487,319200.0,73.0,Ta,I,1.1472790000000002,2.5,3.3221269999999996,2.5,DSL,1.0,6.0
69874,570.4317,2.172934,1226000.0,73.0,Ta,I,2.622679,4.5,4.795591,3.5,CB,1.0,8.0
69896,570.6264,2.172193,7999000.0,73.0,Ta,I,3.097355,3.5,5.269526,2.5,CB,1.0,6.0
69990,571.5222,2.168788,267100.0,73.0,Ta,I,1.325431,4.5,3.494197,3.5,CB',1.0,8.0
70005,571.6559,2.1682810000000003,53280.0,73.0,Ta,I,1.516917,3.5,3.6851760000000002,3.5,DSL,1.0,8.0
70298,574.6689,2.1569130000000003,8355000.0,73.0,Ta,I,3.296235,3.5,5.453126,3.5,CB,1.0,8.0
70448,576.1622,2.151322,5633000.0,73.0,Ta,I,3.005801,1.5,5.157102,1.5,CB,1.0,4.0
70505,576.6544,2.149486,309000.0,73.0,Ta,I,1.1472790000000002,2.5,3.2967440000000003,1.5,DSL,1.0,4.0
70516,576.7909,2.148978,173300.0,73.0,Ta,I,1.1472790000000002,2.5,3.296235,3.5,DSL,1.0,8.0
70557,577.1915,2.1474860000000002,3259000.0,73.0,Ta,I,3.122061,2.5,5.269526,2.5,CB,1.0,6.0
70608,577.6744,2.145691,1201000.0,73.0,Ta,I,0.7500319999999999,0.5,2.895702,0.5,CB',1.0,2.0
70635,577.998,2.144489,1349000.0,73.0,Ta,I,2.559845,3.5,4.704313,4.5,CB,1.0,10.0
70643,578.0689,2.144227,283000.0,73.0,Ta,I,0.7524489999999999,1.5,2.8966540000000003,2.5,DSL,1.0,6.0
70944,581.1095,2.133007,386600.0,73.0,Ta,I,0.491463,3.5,2.6244490000000003,2.5,DSL,1.0,6.0
70998,581.6512,2.131021,9364000.0,73.0,Ta,I,3.3221269999999996,2.5,5.453126,3.5,CB,1.0,8.0
71238,584.3913,2.121029,1046000.0,73.0,Ta,I,1.209958,0.5,3.3309660000000005,0.5,CB',1.0,2.0
71301,584.9651,2.118948,122000.0,73.0,Ta,I,1.325431,4.5,3.4443580000000003,3.5,DSL,1.0,8.0
71524,587.7345,2.108964,2072000.0,73.0,Ta,I,1.6553689999999999,4.5,3.764311,5.5,DSL,1.0,12.0
71577,588.2273,2.107197,11900000.0,73.0,Ta,I,2.9154709999999997,6.5,5.022647,5.5,CB,1.0,12.0
71733,590.1911,2.100186,774100.0,73.0,Ta,I,1.394032,2.5,3.494197,3.5,CB',1.0,8.0
71844,591.6508,2.095004,572400.0,73.0,Ta,I,1.462038,0.5,3.5570209999999998,1.5,DSL,1.0,4.0
71864,591.8939,2.094144,2130000.0,73.0,Ta,I,1.2368430000000001,1.5,3.3309660000000005,0.5,CB',1.0,2.0
71917,592.5974,2.0916580000000002,351000.0,73.0,Ta,I,2.1355619999999997,2.5,4.227199,3.5,CB,1.0,8.0
71963,593.0617,2.09002,110800.0,73.0,Ta,I,1.595177,2.5,3.6851760000000002,3.5,DSL,1.0,8.0
71969,593.1033,2.089874,8822000.0,73.0,Ta,I,3.0672490000000003,1.5,5.157102,1.5,CB,1.0,4.0
71973,593.1684,2.089644,923600.0,73.0,Ta,I,2.1355619999999997,2.5,4.225186,1.5,CB,1.0,4.0
72009,593.5537,2.088288,2716000.0,73.0,Ta,I,2.96482,4.5,5.053088,3.5,CB,1.0,8.0
72037,593.9751,2.086806,1529000.0,73.0,Ta,I,1.209958,0.5,3.2967440000000003,1.5,DSL,1.0,4.0
72074,594.4028,2.085305,2078000.0,73.0,Ta,I,1.2368430000000001,1.5,3.3221269999999996,2.5,DSL,1.0,6.0
72175,596.0123,2.079673,2106000.0,73.0,Ta,I,2.96482,4.5,5.044473,4.5,CB,1.0,10.0
72483,599.7229,2.066806,2280000.0,73.0,Ta,I,1.6553689999999999,4.5,3.722154,4.5,DSL,1.0,10.0
72588,600.9913,2.0624439999999997,17180000.0,73.0,Ta,I,3.039682,0.5,5.102106,0.5,CB,1.0,2.0
72644,601.5891,2.060395,771100.0,73.0,Ta,I,2.155232,3.5,4.215607,2.5,CB,1.0,6.0
72684,602.0717,2.058744,1296000.0,73.0,Ta,I,1.209958,0.5,3.268681,1.5,DSL,1.0,4.0
72846,604.5376,2.050346,2500000.0,73.0,Ta,I,1.394032,2.5,3.4443580000000003,3.5,DSL,1.0,8.0
72864,604.7241,2.049714,1383000.0,73.0,Ta,I,1.516917,3.5,3.56661,4.5,DSL,1.0,10.0
72903,605.3704,2.047525,214600.0,73.0,Ta,I,1.203314,3.5,3.250819,2.5,CB',1.0,6.0
73117,609.0782,2.0350610000000002,12370000.0,73.0,Ta,I,3.122061,2.5,5.157102,1.5,CB,1.0,4.0
73188,610.1543,2.031472,7295000.0,73.0,Ta,I,2.780787,5.5,4.812238,4.5,CB,1.0,10.0
73478,614.0064,2.018727,8697000.0,73.0,Ta,I,3.250819,2.5,5.269526,2.5,CB,1.0,6.0
73513,614.4528,2.01726,401600.0,73.0,Ta,I,1.325431,4.5,3.3426709999999997,3.5,DSL,1.0,8.0
73574,615.2522,2.014639,12380000.0,73.0,Ta,I,3.438507,4.5,5.453126,3.5,CB,1.0,8.0
73591,615.4488,2.013996,1115000.0,73.0,Ta,I,1.2368430000000001,1.5,3.250819,2.5,CB',1.0,6.0
73626,615.8825,2.012578,638100.0,73.0,Ta,I,2.155232,3.5,4.16779,4.5,CB,1.0,10.0
73697,617.0442,2.008789,5891000.0,73.0,Ta,I,3.4443580000000003,3.5,5.453126,3.5,CB,1.0,8.0
73926,620.8429,1.9964979999999999,6757000.0,73.0,Ta,I,3.158907,1.5,5.155384,2.5,CB,1.0,6.0
74154,624.9818,1.9832759999999998,494300.0,73.0,Ta,I,1.595177,2.5,3.578433,2.5,DSL,1.0,6.0
74202,625.6663,1.981106,410300.0,73.0,Ta,I,0.7524489999999999,1.5,2.733535,2.5,CB',1.0,6.0
74289,626.8708,1.9773,1401000.0,73.0,Ta,I,1.516917,3.5,3.494197,3.5,CB',1.0,8.0
74377,628.1316,1.9733310000000002,1610000.0,73.0,Ta,I,1.3576540000000001,1.5,3.3309660000000005,0.5,CB',1.0,2.0
74406,628.7917,1.971259,379100.0,73.0,Ta,I,1.516917,3.5,3.488157,2.5,DSL,1.0,6.0
74413,628.9306,1.9708240000000001,231000.0,73.0,Ta,I,1.325431,4.5,3.296235,3.5,DSL,1.0,8.0
74555,630.9578,1.964492,1431000.0,73.0,Ta,I,1.3576540000000001,1.5,3.3221269999999996,2.5,DSL,1.0,6.0
74648,632.5102,1.95967,294900.0,73.0,Ta,I,0.7500319999999999,0.5,2.709683,1.5,DSL,1.0,4.0
74684,633.2912,1.957254,198900.0,73.0,Ta,I,0.7524489999999999,1.5,2.709683,1.5,DSL,1.0,4.0
74752,634.5977,1.953224,847000.0,73.0,Ta,I,1.209958,0.5,3.163163,0.5,DSL,1.0,2.0
74801,635.616,1.9500950000000001,358400.0,73.0,Ta,I,1.1472790000000002,2.5,3.097355,3.5,CB',1.0,8.0
74832,636.0848,1.9486580000000002,420500.0,73.0,Ta,I,1.394032,2.5,3.3426709999999997,3.5,DSL,1.0,8.0
74900,637.3033,1.9449319999999999,4336000.0,73.0,Ta,I,2.82203,3.5,4.766943,2.5,CB,1.0,6.0
75004,638.9419,1.939944,4785000.0,73.0,Ta,I,2.622679,4.5,4.562604,3.5,CB,1.0,8.0
75017,639.2173,1.939109,309400.0,73.0,Ta,I,1.3576540000000001,1.5,3.2967440000000003,1.5,DSL,1.0,4.0
75242,642.8624,1.9281139999999999,601900.0,73.0,Ta,I,1.394032,2.5,3.3221269999999996,2.5,DSL,1.0,6.0
75261,643.0803,1.92746,2656000.0,73.0,Ta,I,1.516917,3.5,3.4443580000000003,3.5,DSL,1.0,8.0
75400,645.0384,1.9216090000000001,1302000.0,73.0,Ta,I,1.516917,3.5,3.438507,4.5,DSL,1.0,10.0
75436,645.5828,1.919989,170600.0,73.0,Ta,I,1.1472790000000002,2.5,3.0672490000000003,1.5,DSL,1.0,4.0
75461,645.9941,1.918766,216400.0,73.0,Ta,I,1.203314,3.5,3.122061,2.5,CB',1.0,6.0
75602,648.5312,1.91126,5496000.0,73.0,Ta,I,1.6553689999999999,4.5,3.56661,4.5,DSL,1.0,10.0
75768,651.4386,1.90273,1393000.0,73.0,Ta,I,1.394032,2.5,3.2967440000000003,1.5,DSL,1.0,4.0
75778,651.6127,1.902222,635100.0,73.0,Ta,I,1.394032,2.5,3.296235,3.5,DSL,1.0,8.0
76086,656.1581,1.889045,128800.0,73.0,Ta,I,1.325431,4.5,3.214456,4.5,CB',1.0,10.0
76176,657.4834,1.8852369999999998,707900.0,73.0,Ta,I,1.2368430000000001,1.5,3.122061,2.5,CB',1.0,6.0
76232,658.5089,1.8823009999999998,612000.0,73.0,Ta,I,2.82203,3.5,4.704313,4.5,CB,1.0,10.0
76396,661.1904,1.8746669999999999,1589000.0,73.0,Ta,I,1.394032,2.5,3.268681,1.5,DSL,1.0,4.0
76461,662.1258,1.8720189999999999,265400.0,73.0,Ta,I,0.7524489999999999,1.5,2.6244490000000003,2.5,DSL,1.0,6.0
76812,667.3698,1.857309,877200.0,73.0,Ta,I,1.209958,0.5,3.0672490000000003,1.5,DSL,1.0,4.0
76822,667.5512,1.8568049999999998,1686000.0,73.0,Ta,I,1.394032,2.5,3.250819,2.5,CB',1.0,6.0
76997,670.6379,1.8482580000000002,204600.0,73.0,Ta,I,1.8739150000000002,5.5,3.722154,4.5,DSL,1.0,10.0
77028,670.9363,1.847436,1998000.0,73.0,Ta,I,2.96482,4.5,4.812238,4.5,CB,1.0,10.0
77224,674.0705,1.8388470000000001,747100.0,73.0,Ta,I,1.6553689999999999,4.5,3.494197,3.5,CB',1.0,8.0
77328,675.486,1.834993,16700000.0,73.0,Ta,I,3.3221269999999996,2.5,5.157102,1.5,CB,1.0,4.0
77334,675.5851,1.8347240000000002,178800.0,73.0,Ta,I,1.462038,0.5,3.2967440000000003,1.5,DSL,1.0,4.0
77427,677.0373,1.830789,1229000.0,73.0,Ta,I,2.96482,4.5,4.795591,3.5,CB,1.0,8.0
77430,677.1721,1.830424,676700.0,73.0,Ta,I,1.2368430000000001,1.5,3.0672490000000003,1.5,DSL,1.0,4.0
77446,677.4245,1.8297419999999998,677900.0,73.0,Ta,I,1.209958,0.5,3.039682,0.5,CB',1.0,2.0
77564,678.8975,1.8257720000000002,267400.0,73.0,Ta,I,1.516917,3.5,3.3426709999999997,3.5,DSL,1.0,8.0
77635,679.9267,1.823009,70290.0,73.0,Ta,I,0.7524489999999999,1.5,2.575439,1.5,DSL,1.0,4.0
77717,681.3243,1.8192689999999998,622400.0,73.0,Ta,I,1.1472790000000002,2.5,2.96653,3.5,CB',1.0,8.0
78086,686.5101,1.805527,436100.0,73.0,Ta,I,1.3576540000000001,1.5,3.163163,0.5,DSL,1.0,2.0
78094,686.6237,1.8052279999999998,2199000.0,73.0,Ta,I,1.516917,3.5,3.3221269999999996,2.5,DSL,1.0,6.0
78143,687.5266,1.802857,3223000.0,73.0,Ta,I,1.2368430000000001,1.5,3.039682,0.5,CB',1.0,2.0
78265,689.6757,1.7972400000000002,67080.0,73.0,Ta,I,1.325431,4.5,3.122652,4.5,CB',1.0,10.0
78289,690.0532,1.796256,4139000.0,73.0,Ta,I,3.226409,5.5,5.022647,5.5,CB,1.0,12.0
78302,690.2051,1.7958610000000002,1270000.0,73.0,Ta,I,1.209958,0.5,3.005801,1.5,CB',1.0,4.0
78457,692.7352,1.789302,819500.0,73.0,Ta,I,1.6553689999999999,4.5,3.4446529999999997,5.5,DSL,1.0,12.0
78461,692.8494,1.789007,1583000.0,73.0,Ta,I,1.6553689999999999,4.5,3.4443580000000003,3.5,DSL,1.0,8.0
78588,695.1228,1.7831560000000002,436300.0,73.0,Ta,I,1.6553689999999999,4.5,3.438507,4.5,DSL,1.0,10.0
78602,695.3887,1.7824740000000001,904400.0,73.0,Ta,I,2.1355619999999997,2.5,3.918018,3.5,DSL,1.0,8.0
78656,696.6152,1.779336,1188000.0,73.0,Ta,I,1.516917,3.5,3.296235,3.5,DSL,1.0,8.0
78686,697.1335,1.778013,783700.0,73.0,Ta,I,2.96482,4.5,4.742816,3.5,CB,1.0,8.0
78760,698.3509,1.7749139999999999,1163000.0,73.0,Ta,I,2.82203,3.5,4.596926,4.5,CB,1.0,10.0
78833,699.5222,1.771942,590500.0,73.0,Ta,I,1.325431,4.5,3.097355,3.5,CB',1.0,8.0
78891,700.505,1.7694560000000001,382000.0,73.0,Ta,I,0.7524489999999999,1.5,2.521887,0.5,CB',1.0,2.0
78904,700.695,1.7689759999999999,646800.0,73.0,Ta,I,1.2368430000000001,1.5,3.005801,1.5,CB',1.0,4.0
79010,702.5025,1.7644240000000002,373600.0,73.0,Ta,I,1.3576540000000001,1.5,3.122061,2.5,CB',1.0,6.0
79044,703.1483,1.762804,261000.0,73.0,Ta,I,2.155232,3.5,3.918018,3.5,DSL,1.0,8.0
79087,703.9028,1.7609139999999999,1694000.0,73.0,Ta,I,2.780787,5.5,4.541684,4.5,CB,1.0,10.0
79325,708.5389,1.7493919999999998,78520.0,73.0,Ta,I,1.1472790000000002,2.5,2.8966540000000003,2.5,DSL,1.0,6.0
79368,709.3016,1.747512,169500.0,73.0,Ta,I,1.595177,2.5,3.3426709999999997,3.5,DSL,1.0,8.0
79462,710.8009,1.743825,605700.0,73.0,Ta,I,2.82203,3.5,4.565837999999999,2.5,CB,1.0,6.0
79530,712.1219,1.740591,1218000.0,73.0,Ta,I,2.82203,3.5,4.562604,3.5,CB,1.0,8.0
79694,714.8619,1.7339189999999998,1539000.0,73.0,Ta,I,1.516917,3.5,3.250819,2.5,CB',1.0,6.0
79842,717.2916,1.728046,859700.0,73.0,Ta,I,1.394032,2.5,3.122061,2.5,CB',1.0,6.0
80269,725.0259,1.709612,302800.0,73.0,Ta,I,1.3576540000000001,1.5,3.0672490000000003,1.5,DSL,1.0,4.0
80410,727.6958,1.703339,172500.0,73.0,Ta,I,1.394032,2.5,3.097355,3.5,CB',1.0,8.0
80476,728.6356,1.701142,267800.0,73.0,Ta,I,1.462038,0.5,3.163163,0.5,DSL,1.0,2.0
80666,731.9855,1.693357,82550.0,73.0,Ta,I,1.203314,3.5,2.8966540000000003,2.5,DSL,1.0,6.0
80686,732.2643,1.692712,188200.0,73.0,Ta,I,1.8739150000000002,5.5,3.56661,4.5,DSL,1.0,10.0
80817,734.64,1.687239,1023000.0,73.0,Ta,I,0.7500319999999999,0.5,2.4372540000000003,1.5,CB',1.0,4.0
80841,735.2841,1.685761,1698000.0,73.0,Ta,I,1.209958,0.5,2.895702,0.5,CB',1.0,2.0
80865,735.6937,1.684822,499400.0,73.0,Ta,I,0.7524489999999999,1.5,2.4372540000000003,1.5,CB',1.0,4.0
80922,736.9084,1.682045,1730000.0,73.0,Ta,I,1.3576540000000001,1.5,3.039682,0.5,CB',1.0,2.0
81106,740.7892,1.6732330000000002,1594000.0,73.0,Ta,I,1.394032,2.5,3.0672490000000003,1.5,DSL,1.0,4.0
81402,746.7721,1.6598279999999999,131600.0,73.0,Ta,I,1.2368430000000001,1.5,2.8966540000000003,2.5,DSL,1.0,6.0
81658,752.0572,1.648163,288000.0,73.0,Ta,I,1.3576540000000001,1.5,3.005801,1.5,CB',1.0,4.0
81917,756.9182,1.6375790000000001,89680.0,73.0,Ta,I,2.155232,3.5,3.792794,3.5,DSL,1.0,8.0
82742,772.2054,1.6051600000000001,93380.0,73.0,Ta,I,1.516917,3.5,3.122061,2.5,CB',1.0,6.0
83367,784.277,1.580454,118000.0,73.0,Ta,I,1.516917,3.5,3.097355,3.5,CB',1.0,8.0
83541,788.237,1.572514,444100.0,73.0,Ta,I,1.394032,2.5,2.96653,3.5,CB',1.0,8.0
83840,795.0169,1.5591030000000001,196400.0,73.0,Ta,I,1.6553689999999999,4.5,3.214456,4.5,CB',1.0,10.0
84076,799.8773,1.5496299999999998,62340.0,73.0,Ta,I,2.1355619999999997,2.5,3.6851760000000002,3.5,DSL,1.0,8.0
