,Wl/nm,E_Photon,A-Value,Elem. num,Element,ion state,E_lower_lev.,J_lower,E_upper_lev.,J_upper,Ref.,ion state num,g_j
35337,355.1411,3.490163,7532000.0,59.0,Pr,I,0.0,4.5,3.490128,5.5,MC',1.0,12.0
37340,363.0969,3.4136919999999997,26210000.0,59.01,Pr,II,0.7258789999999999,6.0,4.139537000000001,5.0,MC',2.0,11.0
37702,364.5546,3.400043,15030000.0,59.01,Pr,II,0.7258789999999999,6.0,4.125888,5.0,MC',2.0,11.0
38746,368.9708,3.3593480000000002,24980000.0,59.01,Pr,II,0.896157,4.0,4.255471,4.0,MC',2.0,9.0
39248,371.1103,3.339982,4926000.0,59.01,Pr,II,0.054795,5.0,3.394743,5.0,MC',2.0,11.0
39969,373.9201,3.314885,51990000.0,59.01,Pr,II,0.7258789999999999,6.0,4.040731,5.0,MC',2.0,11.0
40738,376.9667,3.2880949999999998,2101000.0,59.01,Pr,II,0.054795,5.0,3.342857,6.0,MC',2.0,13.0
41015,378.1905,3.2774550000000002,7417000.0,59.01,Pr,II,0.978049,5.0,4.255471,4.0,MC',2.0,9.0
41751,381.1847,3.251712,10240000.0,59.01,Pr,II,0.0,4.0,3.251679,4.0,MC',2.0,9.0
41799,381.3891,3.249968,8052000.0,59.01,Pr,II,0.896157,4.0,4.1460919999999994,4.0,MC',2.0,9.0
42046,382.3182,3.24207,35220000.0,59.01,Pr,II,0.9710979999999999,4.0,4.213136,4.0,MC',2.0,9.0
42059,382.359,3.241725,842400.0,59.01,Pr,II,0.0,4.0,3.241692,5.0,MC',2.0,11.0
42067,382.406,3.241327,15660000.0,59.01,Pr,II,0.978049,5.0,4.219343,6.0,MC',2.0,13.0
42129,382.6682,3.239106,31050000.0,59.01,Pr,II,1.016398,5.0,4.255471,4.0,MC',2.0,9.0
42295,383.2964,3.233797,1492000.0,59.01,Pr,II,0.054795,5.0,3.288559,6.0,MC',2.0,13.0
42955,386.1306,3.210061,12490000.0,59.01,Pr,II,1.009314,6.0,4.219343,6.0,MC',2.0,13.0
43134,386.8511,3.2040830000000002,1272000.0,59.01,Pr,II,0.0,4.0,3.20405,5.0,MC',2.0,11.0
43159,386.9846,3.202978,15870000.0,59.01,Pr,II,1.016398,5.0,4.219343,6.0,MC',2.0,13.0
43230,387.2703,3.200615,949700.0,59.01,Pr,II,0.0,4.0,3.200583,4.0,MC',2.0,9.0
43348,387.7183,3.196916,45350000.0,59.01,Pr,II,0.054795,5.0,3.251679,4.0,MC',2.0,9.0
43430,388.0464,3.194213,20510000.0,59.01,Pr,II,0.0,4.0,3.194181,3.0,MC',2.0,7.0
43507,388.4056,3.1912599999999998,13380000.0,59.01,Pr,II,0.204451,6.0,3.395679,0.0,MC',2.0,1.0
43539,388.5195,3.1903240000000004,13360000.0,59.01,Pr,II,0.204451,6.0,3.394743,5.0,MC',2.0,11.0
43649,388.9334,3.186929,9435000.0,59.01,Pr,II,0.054795,5.0,3.241692,5.0,MC',2.0,11.0
43861,389.7249,3.180457,31950000.0,59.01,Pr,II,1.038918,5.0,4.219343,6.0,MC',2.0,13.0
43916,389.9549,3.1785810000000003,2585000.0,59.01,Pr,II,0.216194,5.0,3.394743,5.0,MC',2.0,11.0
44011,390.3915,3.175027,13390000.0,59.01,Pr,II,0.9710979999999999,4.0,4.1460919999999994,4.0,MC',2.0,9.0
44047,390.4871,3.174249,8403000.0,59.01,Pr,II,1.038918,5.0,4.213136,4.0,MC',2.0,9.0
44109,390.8052,3.171665,36210000.0,59.01,Pr,II,0.550136,8.0,3.72177,7.0,MC',2.0,15.0
44119,390.8428,3.17136,89280000.0,59.01,Pr,II,0.0,4.0,3.171329,3.0,MC',2.0,7.0
44210,391.1991,3.168471,6648000.0,59.01,Pr,II,0.9710979999999999,4.0,4.139537000000001,5.0,MC',2.0,11.0
44221,391.2256,3.168257,8435000.0,59.01,Pr,II,1.051118,5.0,4.219343,6.0,MC',2.0,13.0
44239,391.2904,3.167733,18260000.0,59.01,Pr,II,0.204451,6.0,3.372152,5.0,MC',2.0,11.0
44252,391.3546,3.1672130000000003,6894000.0,59.01,Pr,II,0.0,4.0,3.1671810000000002,4.0,MC',2.0,9.0
44396,391.8855,3.162922,46300000.0,59.01,Pr,II,0.371749,7.0,3.534639,6.0,MC',2.0,13.0
44430,392.0532,3.161569,4496000.0,59.01,Pr,II,0.0,4.0,3.161538,5.0,MC',2.0,11.0
44530,392.4149,3.158656,19560000.0,59.01,Pr,II,1.009314,6.0,4.1679379999999995,6.0,MC',2.0,13.0
44570,392.5466,3.157595,40910000.0,59.01,Pr,II,0.0,4.0,3.157564,4.0,APR,2.0,9.0
44616,392.7463,3.15599,13970000.0,59.01,Pr,II,0.216194,5.0,3.372152,5.0,MC',2.0,11.0
44657,392.8917,3.1548220000000002,10520000.0,59.01,Pr,II,0.9710979999999999,4.0,4.125888,5.0,MC',2.0,11.0
44761,393.2969,3.1515720000000003,19610000.0,59.01,Pr,II,1.016398,5.0,4.1679379999999995,6.0,MC',2.0,13.0
44835,393.5822,3.1492869999999997,7369000.0,59.01,Pr,II,0.054795,5.0,3.20405,5.0,MC',2.0,11.0
44955,394.0161,3.145819,2294000.0,59.01,Pr,II,0.054795,5.0,3.200583,4.0,MC',2.0,9.0
45097,394.5395,3.1416459999999997,38870000.0,59.0,Pr,I,0.170677,5.5,3.3122910000000005,6.5,MC',1.0,14.0
45141,394.7631,3.1398669999999997,20040000.0,59.01,Pr,II,0.204451,6.0,3.3442870000000005,5.0,MC',2.0,11.0
45181,394.9429,3.1384369999999997,20840000.0,59.01,Pr,II,0.204451,6.0,3.342857,6.0,MC',2.0,13.0
45287,395.3511,3.135198,34790000.0,59.01,Pr,II,0.550136,8.0,3.6853029999999998,8.0,MC',2.0,17.0
45412,395.9754,3.130254,7571000.0,59.01,Pr,II,1.009314,6.0,4.139537000000001,5.0,MC',2.0,11.0
45444,396.1276,3.129052,8361000.0,59.01,Pr,II,1.038918,5.0,4.1679379999999995,6.0,MC',2.0,13.0
45472,396.245,3.128124,12960000.0,59.01,Pr,II,0.216194,5.0,3.3442870000000005,5.0,MC',2.0,11.0
45519,396.4262,3.1266950000000002,13020000.0,59.01,Pr,II,0.216194,5.0,3.342857,6.0,MC',2.0,13.0
45532,396.4812,3.126261,25790000.0,59.01,Pr,II,0.054795,5.0,3.1810240000000003,6.0,MC',2.0,13.0
45543,396.5253,3.125913,21540000.0,59.01,Pr,II,0.204451,6.0,3.330333,7.0,MC',2.0,15.0
45580,396.6566,3.124878,14140000.0,59.01,Pr,II,0.371749,7.0,3.496596,8.0,MC',2.0,17.0
45677,397.1137,3.121281,15920000.0,59.01,Pr,II,0.421944,6.0,3.543194,7.0,MC',2.0,15.0
45695,397.2136,3.1204970000000003,9860000.0,59.01,Pr,II,0.054795,5.0,3.1752599999999997,6.0,MC',2.0,13.0
45817,397.6782,3.116851,15270000.0,59.01,Pr,II,1.051118,5.0,4.1679379999999995,6.0,MC',2.0,13.0
45940,398.2052,3.112726,75980000.0,59.01,Pr,II,0.421944,6.0,3.534639,6.0,MC',2.0,13.0
45950,398.2447,3.112418,2261000.0,59.01,Pr,II,0.054795,5.0,3.1671810000000002,4.0,MC',2.0,9.0
46028,398.6156,3.109521,10680000.0,59.01,Pr,II,1.016398,5.0,4.125888,5.0,MC',2.0,11.0
46097,398.9682,3.106774,23800000.0,59.01,Pr,II,0.054795,5.0,3.161538,5.0,MC',2.0,11.0
46177,399.3164,3.1040650000000003,1427000.0,59.01,Pr,II,0.371749,7.0,3.4757830000000003,6.0,MC',2.0,13.0
46220,399.4791,3.1028,58430000.0,59.01,Pr,II,0.054795,5.0,3.157564,4.0,APR,2.0,9.0
46274,399.704,3.101054,18810000.0,59.01,Pr,II,0.371749,7.0,3.472773,7.0,LW,2.0,15.0
46341,400.0173,3.098626,15720000.0,59.01,Pr,II,0.204451,6.0,3.3030459999999997,5.0,MC',2.0,11.0
46437,400.4702,3.095122,18850000.0,59.01,Pr,II,0.216194,5.0,3.3112839999999997,5.0,MC',2.0,11.0
46532,400.8691,3.0920419999999997,91790000.0,59.01,Pr,II,0.6297590000000001,7.0,3.72177,7.0,MC',2.0,15.0
46626,401.3366,3.0884400000000003,5318000.0,59.01,Pr,II,0.633361,7.0,3.72177,7.0,MC',2.0,15.0
46667,401.5391,3.0868830000000003,18580000.0,59.01,Pr,II,0.216194,5.0,3.3030459999999997,5.0,MC',2.0,11.0
46997,403.1753,3.0743549999999997,12940000.0,59.01,Pr,II,0.204451,6.0,3.278776,7.0,MC',2.0,15.0
47022,403.2488,3.073795,11190000.0,59.01,Pr,II,0.6480060000000001,6.0,3.72177,7.0,MC',2.0,15.0
47060,403.383,3.072772,21930000.0,59.01,Pr,II,0.371749,7.0,3.444491,8.0,MC',2.0,17.0
47072,403.4324,3.072396,4813000.0,59.01,Pr,II,0.216194,5.0,3.288559,6.0,MC',2.0,13.0
47156,403.8455,3.069253,13400000.0,59.01,Pr,II,0.0,4.0,3.069223,4.0,MC',2.0,9.0
47178,403.9343,3.068579,9513000.0,59.01,Pr,II,0.204451,6.0,3.272999,6.0,MC',2.0,13.0
47296,404.4813,3.064429,19350000.0,59.01,Pr,II,0.0,4.0,3.064398,5.0,MC',2.0,11.0
47345,404.7081,3.062712,46690000.0,59.01,Pr,II,0.978049,5.0,4.040731,5.0,MC',2.0,11.0
47514,405.486,3.056836,44670000.0,59.01,Pr,II,0.216194,5.0,3.272999,6.0,MC',2.0,13.0
47547,405.6535,3.055574,87320000.0,59.01,Pr,II,0.6297590000000001,7.0,3.6853029999999998,8.0,MC',2.0,17.0
47594,405.88,3.0538689999999997,14490000.0,59.01,Pr,II,0.421944,6.0,3.4757830000000003,6.0,MC',2.0,13.0
47643,406.1322,3.051972,4366000.0,59.01,Pr,II,0.633361,7.0,3.6853029999999998,8.0,MC',2.0,17.0
47673,406.2805,3.050859,100000000.0,59.01,Pr,II,0.421944,6.0,3.472773,7.0,LW,2.0,15.0
47878,407.2512,3.043587,25520000.0,59.01,Pr,II,0.896157,4.0,3.939713,4.0,MC',2.0,9.0
48051,408.098,3.037271,11240000.0,59.01,Pr,II,0.204451,6.0,3.241692,5.0,MC',2.0,11.0
48101,408.3341,3.035516,14050000.0,59.01,Pr,II,0.216194,5.0,3.251679,4.0,MC',2.0,9.0
48193,408.6716,3.033009,12240000.0,59.01,Pr,II,1.142134,6.0,4.175112,5.0,MC',2.0,11.0
48360,409.496,3.026902,1981000.0,59.01,Pr,II,0.204451,6.0,3.231323,5.0,MC',2.0,11.0
48399,409.682,3.025529,12640000.0,59.01,Pr,II,0.216194,5.0,3.241692,5.0,MC',2.0,11.0
48441,409.8399,3.024363,52880000.0,59.01,Pr,II,1.016398,5.0,4.040731,5.0,MC',2.0,11.0
48493,410.0717,3.022653,83060000.0,59.01,Pr,II,0.550136,8.0,3.5727599999999997,9.0,LW,2.0,19.0
48623,410.7507,3.017657,6627000.0,59.01,Pr,II,1.157485,4.0,4.175112,5.0,MC',2.0,11.0
48697,411.0909,3.01516,994500.0,59.01,Pr,II,0.216194,5.0,3.231323,5.0,MC',2.0,11.0
48713,411.1866,3.0144580000000003,2803000.0,59.01,Pr,II,0.054795,5.0,3.069223,4.0,MC',2.0,9.0
48828,411.8457,3.009634,25760000.0,59.01,Pr,II,0.054795,5.0,3.064398,5.0,MC',2.0,11.0
49053,412.9147,3.001842,35060000.0,59.01,Pr,II,1.038918,5.0,4.040731,5.0,MC',2.0,11.0
49117,413.2193,2.999629,3549000.0,59.01,Pr,II,0.204451,6.0,3.20405,5.0,MC',2.0,11.0
49301,414.1224,2.993088,49830000.0,59.01,Pr,II,0.550136,8.0,3.543194,7.0,MC',2.0,15.0
49348,414.3112,2.991724,58720000.0,59.01,Pr,II,0.371749,7.0,3.363443,8.0,LW,2.0,17.0
49441,414.8433,2.9878869999999997,5659000.0,59.01,Pr,II,0.216194,5.0,3.20405,5.0,MC',2.0,11.0
49494,415.0934,2.9860860000000002,6377000.0,59.01,Pr,II,1.1818819999999999,6.0,4.1679379999999995,6.0,MC',2.0,13.0
49598,415.6509,2.982082,35320000.0,59.01,Pr,II,1.157485,4.0,4.139537000000001,5.0,MC',2.0,11.0
49745,416.416,2.976603,28770000.0,59.01,Pr,II,0.204451,6.0,3.1810240000000003,6.0,MC',2.0,13.0
49846,416.9446,2.972829,7487000.0,59.01,Pr,II,0.421944,6.0,3.394743,5.0,MC',2.0,11.0
49898,417.182,2.9711369999999997,15180000.0,59.01,Pr,II,0.371749,7.0,3.342857,6.0,MC',2.0,13.0
49910,417.2239,2.970839,12200000.0,59.01,Pr,II,0.204451,6.0,3.1752599999999997,6.0,MC',2.0,13.0
49972,417.5322,2.968645,34380000.0,59.01,Pr,II,0.9710979999999999,4.0,3.939713,4.0,MC',2.0,9.0
49981,417.5622,2.968432,43060000.0,59.01,Pr,II,1.157485,4.0,4.125888,5.0,MC',2.0,11.0
50060,417.9393,2.965754,51950000.0,59.01,Pr,II,0.204451,6.0,3.1701759999999997,7.0,LW,2.0,15.0
50081,418.0653,2.96486,1103000.0,59.01,Pr,II,0.216194,5.0,3.1810240000000003,6.0,MC',2.0,13.0
50161,418.5123,2.961694,19330000.0,59.01,Pr,II,0.978049,5.0,3.939713,4.0,MC',2.0,9.0
50241,418.9479,2.958614,51820000.0,59.01,Pr,II,0.371749,7.0,3.330333,7.0,MC',2.0,15.0
50266,419.0589,2.95783,12770000.0,59.01,Pr,II,1.297671,5.0,4.255471,4.0,MC',2.0,9.0
50291,419.1601,2.957116,10780000.0,59.01,Pr,II,0.204451,6.0,3.161538,5.0,MC',2.0,11.0
50594,420.6719,2.946489,66920000.0,59.01,Pr,II,0.550136,8.0,3.496596,8.0,MC',2.0,17.0
50619,420.8313,2.945373,9667000.0,59.01,Pr,II,0.216194,5.0,3.161538,5.0,MC',2.0,11.0
50699,421.1857,2.942895,9657000.0,59.01,Pr,II,0.550136,8.0,3.4930019999999997,7.0,MC',2.0,15.0
50742,421.3998,2.9414,2189000.0,59.01,Pr,II,0.216194,5.0,3.157564,4.0,APR,2.0,9.0
50899,422.2934,2.935176,38790000.0,59.01,Pr,II,0.054795,5.0,2.989941,6.0,LW,2.0,13.0
50947,422.5317,2.93352,53570000.0,59.01,Pr,II,0.0,4.0,2.933491,4.0,MC',2.0,9.0
51169,423.6153,2.926017,4254000.0,59.01,Pr,II,0.204451,6.0,3.130439,7.0,MC',2.0,15.0
51242,424.0025,2.923345,37750000.0,59.01,Pr,II,1.016398,5.0,3.939713,4.0,MC',2.0,9.0
51267,424.101,2.9226650000000003,23060000.0,59.01,Pr,II,0.550136,8.0,3.472773,7.0,LW,2.0,15.0
51320,424.3513,2.9209419999999997,8462000.0,59.01,Pr,II,0.421944,6.0,3.342857,6.0,MC',2.0,13.0
51402,424.7636,2.9181060000000003,9029000.0,59.01,Pr,II,0.054795,5.0,2.972872,6.0,MC',2.0,13.0
51428,424.9077,2.9171169999999997,1230000.0,59.01,Pr,II,0.0,4.0,2.917088,4.0,MC',2.0,9.0
51435,424.9481,2.916839,1983000.0,59.01,Pr,II,0.371749,7.0,3.288559,6.0,MC',2.0,13.0
51444,425.0345,2.9162470000000003,54680000.0,59.01,Pr,II,1.3392540000000002,5.0,4.255471,4.0,MC',2.0,9.0
51462,425.1442,2.915494,41740000.0,59.01,Pr,II,1.297671,5.0,4.213136,4.0,MC',2.0,9.0
51519,425.4404,2.913464,17070000.0,59.01,Pr,II,0.6297590000000001,7.0,3.543194,7.0,MC',2.0,15.0
51651,426.1786,2.908418,2949000.0,59.01,Pr,II,0.421944,6.0,3.330333,7.0,MC',2.0,15.0
51685,426.3783,2.9070560000000003,5061000.0,59.01,Pr,II,0.371749,7.0,3.278776,7.0,MC',2.0,15.0
51859,427.2273,2.901279,16890000.0,59.01,Pr,II,0.371749,7.0,3.272999,6.0,MC',2.0,13.0
51939,427.6183,2.8986259999999997,17430000.0,59.01,Pr,II,1.142134,6.0,4.040731,5.0,MC',2.0,11.0
52072,428.2452,2.8943830000000004,19140000.0,59.01,Pr,II,0.550136,8.0,3.444491,8.0,MC',2.0,17.0
52224,428.9883,2.889369,3324000.0,59.01,Pr,II,0.421944,6.0,3.3112839999999997,5.0,MC',2.0,11.0
52248,429.099,2.888624,7790000.0,59.01,Pr,II,1.051118,5.0,3.939713,4.0,MC',2.0,9.0
52380,429.7766,2.88407,11530000.0,59.01,Pr,II,0.0,4.0,2.884041,5.0,MC',2.0,11.0
52476,430.2151,2.8811299999999997,2723000.0,59.01,Pr,II,0.421944,6.0,3.3030459999999997,5.0,MC',2.0,11.0
52545,430.5746,2.878725,21550000.0,59.01,Pr,II,0.054795,5.0,2.933491,4.0,MC',2.0,9.0
52586,430.7623,2.87747,8933000.0,59.01,Pr,II,1.297671,5.0,4.175112,5.0,MC',2.0,11.0
52897,432.3557,2.866866,5778000.0,59.01,Pr,II,0.6297590000000001,7.0,3.496596,8.0,MC',2.0,17.0
53013,432.8985,2.863271,4955000.0,59.01,Pr,II,0.6297590000000001,7.0,3.4930019999999997,7.0,MC',2.0,15.0
53019,432.9416,2.8629860000000003,3768000.0,59.01,Pr,II,0.216194,5.0,3.079151,6.0,MC',2.0,13.0
53037,433.0421,2.8623220000000003,766600.0,59.01,Pr,II,0.054795,5.0,2.917088,4.0,MC',2.0,9.0
53100,433.3973,2.8599759999999996,20740000.0,59.01,Pr,II,0.204451,6.0,3.064398,5.0,MC',2.0,11.0
53108,433.4635,2.859539,863000.0,59.01,Pr,II,0.054795,5.0,2.9143060000000003,6.0,MC',2.0,13.0
53190,433.87,2.8568599999999997,6872000.0,59.01,Pr,II,0.421944,6.0,3.278776,7.0,MC',2.0,15.0
53350,434.7491,2.851084,10220000.0,59.01,Pr,II,0.421944,6.0,3.272999,6.0,MC',2.0,13.0
53425,435.1842,2.848233,17630000.0,59.01,Pr,II,0.216194,5.0,3.064398,5.0,MC',2.0,11.0
53487,435.5176,2.8460520000000002,1556000.0,59.01,Pr,II,0.6297590000000001,7.0,3.4757830000000003,6.0,MC',2.0,13.0
53517,435.7496,2.844537,8462000.0,59.01,Pr,II,1.374835,6.0,4.219343,6.0,MC',2.0,13.0
53568,435.9788,2.8430419999999996,10690000.0,59.01,Pr,II,0.6297590000000001,7.0,3.472773,7.0,LW,2.0,15.0
53608,436.1799,2.8417310000000002,6670000.0,59.01,Pr,II,1.199028,6.0,4.040731,5.0,MC',2.0,11.0
53664,436.5318,2.83944,972200.0,59.01,Pr,II,0.633361,7.0,3.472773,7.0,LW,2.0,15.0
53726,436.8334,2.83748,11500000.0,59.01,Pr,II,0.0,4.0,2.837452,5.0,MC',2.0,11.0
53780,437.0788,2.835887,18130000.0,59.01,Pr,II,1.3392540000000002,5.0,4.175112,5.0,MC',2.0,11.0
54242,439.5761,2.819776,4359000.0,59.01,Pr,II,0.421944,6.0,3.241692,5.0,MC',2.0,11.0
54372,440.3595,2.8147599999999997,4235000.0,59.01,Pr,II,0.6297590000000001,7.0,3.444491,8.0,MC',2.0,17.0
54409,440.5825,2.813335,9024000.0,59.01,Pr,II,0.550136,8.0,3.363443,8.0,LW,2.0,17.0
54469,440.8819,2.811424,15520000.0,59.01,Pr,II,0.0,4.0,2.811396,5.0,MC',2.0,11.0
54530,441.2149,2.809303,1434000.0,59.01,Pr,II,0.371749,7.0,3.1810240000000003,6.0,MC',2.0,13.0
54555,441.377,2.808271,5144000.0,59.01,Pr,II,0.216194,5.0,3.024437,6.0,MC',2.0,13.0
54660,441.9661,2.804528,38700000.0,59.01,Pr,II,1.3706120000000002,4.0,4.175112,5.0,MC',2.0,11.0
54689,442.122,2.803539,2837000.0,59.01,Pr,II,0.371749,7.0,3.1752599999999997,6.0,MC',2.0,13.0
54828,442.9126,2.7985349999999998,10690000.0,59.01,Pr,II,0.0,4.0,2.798507,5.0,MC',2.0,11.0
54832,442.9254,2.798454,22140000.0,59.01,Pr,II,0.371749,7.0,3.1701759999999997,7.0,LW,2.0,15.0
55214,444.9825,2.785518,12400000.0,59.01,Pr,II,0.204451,6.0,2.989941,6.0,LW,2.0,13.0
55285,445.4355,2.782685,636700.0,59.01,Pr,II,0.054795,5.0,2.837452,5.0,MC',2.0,11.0
55360,445.8296,2.780225,1984000.0,59.01,Pr,II,0.550136,8.0,3.330333,7.0,MC',2.0,15.0
55551,446.8663,2.773775,15470000.0,59.01,Pr,II,0.216194,5.0,2.989941,6.0,LW,2.0,13.0
55685,447.7261,2.7684490000000004,1585000.0,59.01,Pr,II,0.204451,6.0,2.972872,6.0,MC',2.0,13.0
55853,448.7797,2.761949,222800.0,59.01,Pr,II,0.054795,5.0,2.816716,6.0,MC',2.0,13.0
55945,449.2419,2.7591080000000003,1005000.0,59.01,Pr,II,0.421944,6.0,3.1810240000000003,6.0,MC',2.0,13.0
55951,449.2905,2.758809,17650000.0,59.0,Pr,I,0.352952,6.5,3.111733,5.5,MC',1.0,12.0
55956,449.3055,2.758717,492800.0,59.01,Pr,II,0.371749,7.0,3.130439,7.0,MC',2.0,15.0
56010,449.6458,2.756629,10230000.0,59.01,Pr,II,0.054795,5.0,2.811396,5.0,MC',2.0,11.0
56105,450.1824,2.753343,721400.0,59.01,Pr,II,0.421944,6.0,3.1752599999999997,6.0,MC',2.0,13.0
56205,451.0153,2.748259,11470000.0,59.01,Pr,II,0.421944,6.0,3.1701759999999997,7.0,LW,2.0,15.0
56320,451.7582,2.7437400000000003,1814000.0,59.01,Pr,II,0.054795,5.0,2.798507,5.0,MC',2.0,11.0
56536,453.1077,2.735568,692000.0,59.01,Pr,II,0.204451,6.0,2.939991,5.0,MC',2.0,11.0
56580,453.4154,2.7337119999999997,4903000.0,59.01,Pr,II,0.6297590000000001,7.0,3.363443,8.0,LW,2.0,17.0
56614,453.5923,2.732645,2668000.0,59.01,Pr,II,0.0,4.0,2.732618,5.0,MC',2.0,11.0
56669,454.0136,2.73011,397500.0,59.01,Pr,II,0.633361,7.0,3.363443,8.0,LW,2.0,17.0
56715,454.2537,2.7286669999999997,1298000.0,59.01,Pr,II,0.550136,8.0,3.278776,7.0,MC',2.0,15.0
56834,455.0083,2.724141,264000.0,59.01,Pr,II,0.0,4.0,2.724114,4.0,MC',2.0,9.0
56843,455.0831,2.723694,429800.0,59.01,Pr,II,0.204451,6.0,2.928117,5.0,MC',2.0,11.0
56866,455.2249,2.722845,20530000.0,59.0,Pr,I,0.0,4.5,2.722818,3.5,MC',1.0,8.0
57045,456.3153,2.716339,2489000.0,59.01,Pr,II,0.216194,5.0,2.932505,5.0,MC',2.0,11.0
57135,456.8558,2.713125,589400.0,59.01,Pr,II,0.6297590000000001,7.0,3.342857,6.0,MC',2.0,13.0
57162,457.0536,2.711951,802700.0,59.01,Pr,II,0.216194,5.0,2.928117,5.0,MC',2.0,11.0
57188,457.2127,2.711007,8010000.0,59.0,Pr,I,0.170677,5.5,2.881657,4.5,MC',1.0,10.0
57241,457.6324,2.7085209999999997,932700.0,59.01,Pr,II,0.421944,6.0,3.130439,7.0,MC',2.0,15.0
57262,457.817,2.7074290000000003,810100.0,59.01,Pr,II,0.371749,7.0,3.079151,6.0,MC',2.0,13.0
57501,459.3934,2.698139,284800.0,59.01,Pr,II,0.216194,5.0,2.9143060000000003,6.0,MC',2.0,13.0
57526,459.5875,2.6969990000000004,635400.0,59.01,Pr,II,0.633361,7.0,3.330333,7.0,MC',2.0,15.0
57546,459.6935,2.696377,13760000.0,59.01,Pr,II,1.4787620000000001,5.0,4.175112,5.0,MC',2.0,11.0
57695,460.6448,2.6908090000000002,1435000.0,59.01,Pr,II,0.550136,8.0,3.240918,8.0,MC',2.0,17.0
57777,461.208,2.687523,2206000.0,59.01,Pr,II,0.0,4.0,2.687496,5.0,MC',2.0,11.0
57857,461.7721,2.68424,6456000.0,59.0,Pr,I,0.0,4.5,2.684213,3.5,MC',1.0,8.0
57970,462.7035,2.6788369999999997,1629000.0,59.01,Pr,II,0.482728,6.0,3.161538,5.0,MC',2.0,11.0
57989,462.8741,2.67785,4727000.0,59.01,Pr,II,0.054795,5.0,2.732618,5.0,MC',2.0,11.0
58031,463.2275,2.675807,79460000.0,59.0,Pr,I,0.543187,7.5,3.2189669999999997,6.5,MC',1.0,14.0
58071,463.5667,2.673849,40320000.0,59.0,Pr,I,0.0,4.5,2.673822,3.5,MC',1.0,8.0
58116,463.9548,2.671612,67600000.0,59.0,Pr,I,0.170677,5.5,2.842262,4.5,MC',1.0,10.0
58128,464.0205,2.671234,27030000.0,59.0,Pr,I,0.170677,5.5,2.841884,4.5,MC',1.0,10.0
58176,464.3487,2.669346,2317000.0,59.01,Pr,II,0.054795,5.0,2.724114,4.0,MC',2.0,9.0
58204,464.6049,2.6678740000000003,3478000.0,59.01,Pr,II,0.216194,5.0,2.884041,5.0,MC',2.0,11.0
58219,464.699,2.667333,15650000.0,59.0,Pr,I,0.0,4.5,2.667307,3.5,MC',1.0,8.0
58271,465.1499,2.664748,4062000.0,59.01,Pr,II,0.204451,6.0,2.869173,6.0,MC',2.0,13.0
58350,465.8094,2.660976,513100.0,59.01,Pr,II,0.0,4.0,2.660949,4.0,MC',2.0,9.0
58362,465.8728,2.660613,19330000.0,59.0,Pr,I,0.543187,7.5,3.203774,6.5,MC',1.0,14.0
58429,466.4653,2.657234,4606000.0,59.01,Pr,II,0.421944,6.0,3.079151,6.0,MC',2.0,13.0
58541,467.2087,2.653006,5507000.0,59.01,Pr,II,0.216194,5.0,2.869173,6.0,MC',2.0,13.0
58598,467.8176,2.649553,2396000.0,59.01,Pr,II,0.508038,5.0,3.157564,4.0,APR,2.0,9.0
58607,467.9076,2.649043,1801000.0,59.01,Pr,II,0.6297590000000001,7.0,3.278776,7.0,MC',2.0,15.0
58690,468.492,2.645739,766500.0,59.01,Pr,II,0.054795,5.0,2.700507,6.0,MC',2.0,13.0
58973,470.7539,2.6330270000000002,1244000.0,59.01,Pr,II,0.204451,6.0,2.837452,5.0,MC',2.0,11.0
58979,470.8073,2.6327279999999997,2253000.0,59.01,Pr,II,0.054795,5.0,2.687496,5.0,MC',2.0,11.0
59001,470.9515,2.6319220000000003,73250000.0,59.0,Pr,I,0.543187,7.5,3.1750830000000003,6.5,MC',1.0,14.0
59053,471.311,2.629915,23830000.0,59.0,Pr,I,0.0,4.5,2.6298880000000002,3.5,MC',1.0,8.0
59069,471.4145,2.629337,46770000.0,59.0,Pr,I,0.543187,7.5,3.172498,6.5,MC',1.0,14.0
59270,472.8628,2.621284,1250000.0,59.01,Pr,II,0.216194,5.0,2.837452,5.0,MC',2.0,11.0
59304,473.0657,2.62016,35810000.0,59.0,Pr,I,0.170677,5.5,2.79081,4.5,GK,1.0,10.0
59353,473.3737,2.618455,13250000.0,59.0,Pr,I,0.549525,4.5,3.167954,5.5,MC',1.0,12.0
59360,473.4166,2.618218,2509000.0,59.01,Pr,II,0.371749,7.0,2.989941,6.0,LW,2.0,13.0
59390,473.6691,2.616822,52460000.0,59.0,Pr,I,0.0,4.5,2.616796,3.5,GK,1.0,8.0
59497,474.4163,2.612701,16160000.0,59.0,Pr,I,0.0,4.5,2.612674,3.5,GK,1.0,8.0
59503,474.4906,2.612291,1658000.0,59.01,Pr,II,0.204451,6.0,2.816716,6.0,MC',2.0,13.0
59528,474.6916,2.611185,5541000.0,59.01,Pr,II,0.6297590000000001,7.0,3.240918,8.0,MC',2.0,17.0
59652,475.6033,2.6061799999999997,1214000.0,59.01,Pr,II,0.054795,5.0,2.660949,4.0,MC',2.0,9.0
59678,475.7909,2.605152,1259000.0,59.01,Pr,II,0.204451,6.0,2.809577,7.0,MC',2.0,15.0
59744,476.2724,2.602519,2966000.0,59.01,Pr,II,0.421944,6.0,3.024437,6.0,MC',2.0,13.0
59771,476.5232,2.6011490000000004,1713000.0,59.01,Pr,II,0.371749,7.0,2.972872,6.0,MC',2.0,13.0
59933,477.9229,2.593531,2350000.0,59.01,Pr,II,0.9496889999999999,8.0,3.543194,7.0,MC',2.0,15.0
59984,478.3352,2.591296,2468000.0,59.01,Pr,II,0.371749,7.0,2.963019,7.0,MC',2.0,15.0
60043,478.8282,2.588628,3137000.0,59.0,Pr,I,0.0,4.5,2.588602,4.5,MC',1.0,10.0
60188,479.9943,2.582339,274200.0,59.01,Pr,II,0.216194,5.0,2.798507,5.0,MC',2.0,11.0
60208,480.1137,2.581697,3482000.0,59.01,Pr,II,0.482728,6.0,3.064398,5.0,MC',2.0,11.0
60291,480.8168,2.577921,6712000.0,59.0,Pr,I,0.0,4.5,2.577896,3.5,MC',1.0,8.0
60364,481.4339,2.574617,4638000.0,59.01,Pr,II,1.110711,9.0,3.6853029999999998,8.0,MC',2.0,17.0
60483,482.297,2.57001,1571000.0,59.01,Pr,II,0.216194,5.0,2.786178,6.0,MC',2.0,13.0
60516,482.6288,2.568243,403800.0,59.01,Pr,II,0.795226,7.0,3.363443,8.0,LW,2.0,17.0
60521,482.6703,2.568022,960800.0,59.01,Pr,II,0.421944,6.0,2.989941,6.0,LW,2.0,13.0
60585,483.2064,2.565173,479400.0,59.01,Pr,II,0.054795,5.0,2.619942,6.0,MC',2.0,13.0
60655,483.7032,2.562539,889900.0,59.01,Pr,II,0.204451,6.0,2.7669639999999998,5.0,MC',2.0,11.0
60686,483.954,2.561211,1928000.0,59.01,Pr,II,0.508038,5.0,3.069223,4.0,MC',2.0,9.0
60830,484.8527,2.556463,471800.0,59.01,Pr,II,0.054795,5.0,2.6112319999999998,6.0,MC',2.0,13.0
60936,485.7361,2.551814,17540000.0,59.0,Pr,I,0.549525,4.5,3.101313,3.5,MC',1.0,8.0
60960,485.9,2.550953,753100.0,59.01,Pr,II,0.421944,6.0,2.972872,6.0,MC',2.0,13.0
61027,486.5226,2.547689,2375000.0,59.01,Pr,II,0.633361,7.0,3.1810240000000003,6.0,MC',2.0,13.0
61157,487.6259,2.541925,1495000.0,59.01,Pr,II,0.633361,7.0,3.1752599999999997,6.0,MC',2.0,13.0
61171,487.7841,2.5411,2057000.0,59.01,Pr,II,0.421944,6.0,2.963019,7.0,MC',2.0,15.0
61188,487.9105,2.5404419999999996,1867000.0,59.01,Pr,II,0.6297590000000001,7.0,3.1701759999999997,7.0,LW,2.0,15.0
61229,488.2245,2.538808,4996000.0,59.0,Pr,I,0.0,4.5,2.538782,4.5,MC',1.0,10.0
61254,488.4459,2.537657,2892000.0,59.0,Pr,I,0.0,4.5,2.537632,3.5,MC',1.0,8.0
61276,488.6032,2.53684,1349000.0,59.01,Pr,II,0.633361,7.0,3.1701759999999997,7.0,LW,2.0,15.0
61341,489.0256,2.5346490000000004,2912000.0,59.01,Pr,II,0.79571,8.0,3.330333,7.0,MC',2.0,15.0
61415,489.6135,2.531605,11670000.0,59.0,Pr,I,0.170677,5.5,2.702257,4.5,MC',1.0,10.0
61475,490.1472,2.528849,1913000.0,59.01,Pr,II,0.967772,9.0,3.496596,8.0,MC',2.0,17.0
61539,490.6979,2.526011,41220000.0,59.0,Pr,I,0.543187,7.5,3.069173,7.5,MC',1.0,16.0
61610,491.2624,2.523109,5691000.0,59.01,Pr,II,0.9496889999999999,8.0,3.472773,7.0,LW,2.0,15.0
61624,491.4015,2.522395,27860000.0,59.0,Pr,I,0.0,4.5,2.522369,4.5,GK,1.0,10.0
61630,491.4404,2.522195,699600.0,59.01,Pr,II,0.6480060000000001,6.0,3.1701759999999997,7.0,LW,2.0,15.0
61756,492.46,2.516973,57540000.0,59.0,Pr,I,0.170677,5.5,2.687624,5.5,GK,1.0,12.0
61770,492.5673,2.516425,857100.0,59.01,Pr,II,0.508038,5.0,3.024437,6.0,MC',2.0,13.0
61832,493.2154,2.513118,5953000.0,59.0,Pr,I,0.0,4.5,2.513093,3.5,MC',1.0,8.0
61883,493.5994,2.5111630000000003,50930000.0,59.0,Pr,I,0.543187,7.5,3.054325,7.5,MC',1.0,16.0
61928,493.974,2.509258,86170000.0,59.0,Pr,I,0.352952,6.5,2.8621849999999998,6.5,MC',1.0,14.0
61933,494.0295,2.5089770000000002,33130000.0,59.0,Pr,I,0.170677,5.5,2.6796279999999997,5.5,MC',1.0,12.0
61973,494.372,2.5072389999999998,633600.0,59.01,Pr,II,0.482728,6.0,2.989941,6.0,LW,2.0,13.0
62060,495.1357,2.503371,84030000.0,59.0,Pr,I,0.0,4.5,2.503346,4.5,GK,1.0,10.0
62116,495.6045,2.501003,3876000.0,59.0,Pr,I,0.0,4.5,2.500978,5.5,MC',1.0,12.0
62121,495.6637,2.5007040000000003,2719000.0,59.01,Pr,II,0.6297590000000001,7.0,3.130439,7.0,MC',2.0,15.0
62160,496.0262,2.4988770000000002,9096000.0,59.0,Pr,I,0.0,4.5,2.498852,4.5,MC',1.0,10.0
62328,497.4922,2.4915130000000003,16040000.0,59.0,Pr,I,0.170677,5.5,2.6621650000000003,5.5,MC',1.0,12.0
62339,497.5749,2.491099,38550000.0,59.0,Pr,I,0.543187,7.5,3.034262,7.5,MC',1.0,16.0
62351,497.6396,2.490776,10860000.0,59.0,Pr,I,0.0,4.5,2.490751,5.5,MC',1.0,12.0
62495,498.929,2.484338,1336000.0,59.01,Pr,II,0.216194,5.0,2.700507,6.0,MC',2.0,13.0
62642,500.246,2.477798,4927000.0,59.01,Pr,II,0.795226,7.0,3.272999,6.0,MC',2.0,13.0
62667,500.4591,2.476743,2784000.0,59.01,Pr,II,0.967772,9.0,3.444491,8.0,MC',2.0,17.0
62793,501.5558,2.471327,479600.0,59.01,Pr,II,0.216194,5.0,2.687496,5.0,MC',2.0,11.0
62834,501.859,2.469835,15650000.0,59.0,Pr,I,0.0,4.5,2.46981,5.5,MC',1.0,12.0
62847,501.9739,2.4692689999999997,43690000.0,59.0,Pr,I,0.352952,6.5,2.822196,7.5,MC',1.0,16.0
62940,502.6981,2.465712,39370000.0,59.0,Pr,I,0.170677,5.5,2.636364,6.5,GK,1.0,14.0
63023,503.3364,2.462585,12330000.0,59.0,Pr,I,0.0,4.5,2.46256,5.5,GK,1.0,12.0
63034,503.4411,2.462073,11250000.0,59.01,Pr,II,1.110711,9.0,3.5727599999999997,9.0,LW,2.0,19.0
63059,503.746,2.460583,898500.0,59.01,Pr,II,0.204451,6.0,2.665009,6.0,MC',2.0,13.0
63137,504.3827,2.457477,17750000.0,59.0,Pr,I,0.0,4.5,2.457452,5.5,GK,1.0,12.0
63161,504.5522,2.456651,71250000.0,59.0,Pr,I,0.543187,7.5,2.9998139999999998,8.5,GK,1.0,18.0
63235,505.3395,2.452824,29550000.0,59.0,Pr,I,0.170677,5.5,2.6234759999999997,6.5,GK,1.0,14.0
63330,506.3395,2.44798,7393000.0,59.0,Pr,I,0.170677,5.5,2.618632,5.5,MC',1.0,12.0
63351,506.4898,2.447253,619200.0,59.01,Pr,II,0.421944,6.0,2.869173,6.0,MC',2.0,13.0
63402,507.0023,2.4447799999999997,558000.0,59.01,Pr,II,0.216194,5.0,2.660949,4.0,MC',2.0,9.0
63571,508.7107,2.436569,40440000.0,59.0,Pr,I,0.352952,6.5,2.7894970000000003,7.5,GK,1.0,16.0
63806,511.0371,2.425478,13450000.0,59.01,Pr,II,0.508038,5.0,2.933491,4.0,MC',2.0,9.0
63810,511.076,2.425293,28060000.0,59.01,Pr,II,1.147491,10.0,3.5727599999999997,9.0,LW,2.0,19.0
63883,511.8031,2.421847,475600.0,59.01,Pr,II,0.550136,8.0,2.971959,8.0,MC',2.0,17.0
64006,512.9533,2.416417,16920000.0,59.01,Pr,II,0.6480060000000001,6.0,3.064398,5.0,MC',2.0,11.0
64042,513.3424,2.4145849999999998,37490000.0,59.0,Pr,I,0.0,4.5,2.414561,5.5,GK,1.0,12.0
64056,513.514,2.4137779999999998,12370000.0,59.01,Pr,II,0.9496889999999999,8.0,3.363443,8.0,LW,2.0,17.0
64100,513.9811,2.4115849999999996,14790000.0,59.0,Pr,I,0.170677,5.5,2.582237,6.5,MC',1.0,14.0
64166,514.7459,2.408002,4117000.0,59.0,Pr,I,0.170677,5.5,2.5786540000000002,6.5,MC',1.0,14.0
64226,515.2295,2.405742,1284000.0,59.01,Pr,II,0.054795,5.0,2.460512,4.0,MC',2.0,9.0
64282,515.6516,2.403773,1021000.0,59.01,Pr,II,0.216194,5.0,2.619942,6.0,MC',2.0,13.0
64340,516.1745,2.401338,5519000.0,59.01,Pr,II,0.482728,6.0,2.884041,5.0,MC',2.0,11.0
64403,516.8323,2.3982810000000003,3199000.0,59.0,Pr,I,0.0,4.5,2.398257,5.5,MC',1.0,12.0
64457,517.3902,2.395695,32050000.0,59.01,Pr,II,0.967772,9.0,3.363443,8.0,LW,2.0,17.0
64464,517.5268,2.395063,1007000.0,59.01,Pr,II,0.216194,5.0,2.6112319999999998,6.0,MC',2.0,13.0
64469,517.5844,2.394796,903600.0,59.01,Pr,II,0.421944,6.0,2.816716,6.0,MC',2.0,13.0
64488,517.7367,2.3940919999999997,9762000.0,59.0,Pr,I,0.352952,6.5,2.74702,6.5,MC',1.0,14.0
64570,518.3845,2.3911,1451000.0,59.01,Pr,II,0.633361,7.0,3.024437,6.0,MC',2.0,13.0
64621,518.8217,2.3890849999999997,1612000.0,59.01,Pr,II,0.9222229999999999,5.0,3.3112839999999997,5.0,MC',2.0,11.0
64651,519.132,2.387657,3437000.0,59.01,Pr,II,0.421944,6.0,2.809577,7.0,MC',2.0,15.0
64695,519.4398,2.3862419999999998,16930000.0,59.0,Pr,I,0.170677,5.5,2.556895,6.5,MC',1.0,14.0
64703,519.5124,2.385909,10850000.0,59.01,Pr,II,1.110711,9.0,3.496596,8.0,MC',2.0,17.0
64705,519.5313,2.385822,9241000.0,59.01,Pr,II,0.795226,7.0,3.1810240000000003,6.0,MC',2.0,13.0
64837,520.6561,2.380668,20260000.0,59.01,Pr,II,0.9496889999999999,8.0,3.330333,7.0,MC',2.0,15.0
64846,520.7895,2.380058,6849000.0,59.01,Pr,II,0.795226,7.0,3.1752599999999997,6.0,MC',2.0,13.0
64940,521.673,2.376027,1255000.0,59.01,Pr,II,0.508038,5.0,2.884041,5.0,MC',2.0,11.0
64964,521.9045,2.374973,9389000.0,59.01,Pr,II,0.795226,7.0,3.1701759999999997,7.0,LW,2.0,15.0
64975,522.0108,2.37449,23570000.0,59.01,Pr,II,0.79571,8.0,3.1701759999999997,7.0,LW,2.0,15.0
65053,522.7967,2.37092,11170000.0,59.0,Pr,I,0.0,4.5,2.370896,5.5,GK,1.0,12.0
65203,524.2701,2.364257,417700.0,59.01,Pr,II,0.421944,6.0,2.786178,6.0,MC',2.0,13.0
65284,524.9842,2.361041,8192000.0,59.0,Pr,I,0.549525,4.5,2.910543,5.5,MC',1.0,12.0
65307,525.1701,2.360205,1070000.0,59.01,Pr,II,0.6297590000000001,7.0,2.989941,6.0,LW,2.0,13.0
65394,525.9728,2.356604,22290000.0,59.01,Pr,II,0.633361,7.0,2.989941,6.0,LW,2.0,13.0
65442,526.3874,2.354748,4549000.0,59.01,Pr,II,0.482728,6.0,2.837452,5.0,MC',2.0,11.0
65545,527.2714,2.3508,924400.0,59.01,Pr,II,0.9222229999999999,5.0,3.272999,6.0,MC',2.0,13.0
65704,528.5657,2.345043,1947000.0,59.01,Pr,II,0.421944,6.0,2.7669639999999998,5.0,MC',2.0,11.0
65729,528.9343,2.343409,18320000.0,59.0,Pr,I,0.603374,5.5,2.94676,5.5,MC',1.0,12.0
65752,529.202,2.3422240000000003,7589000.0,59.01,Pr,II,0.6297590000000001,7.0,2.971959,8.0,MC',2.0,17.0
65759,529.2619,2.341958,9175000.0,59.01,Pr,II,0.6480060000000001,6.0,2.989941,6.0,LW,2.0,13.0
65825,529.8103,2.3395349999999997,6741000.0,59.01,Pr,II,0.633361,7.0,2.972872,6.0,MC',2.0,13.0
65952,530.8955,2.334752,801300.0,59.01,Pr,II,0.79571,8.0,3.130439,7.0,MC',2.0,15.0
65974,531.1115,2.333803,5916000.0,59.01,Pr,II,1.110711,9.0,3.444491,8.0,MC',2.0,17.0
65986,531.2298,2.333283,1619000.0,59.01,Pr,II,0.6297590000000001,7.0,2.963019,7.0,MC',2.0,15.0
66078,532.1069,2.329437,2299000.0,59.01,Pr,II,0.508038,5.0,2.837452,5.0,MC',2.0,11.0
66088,532.1817,2.32911,2050000.0,59.01,Pr,II,0.9496889999999999,8.0,3.278776,7.0,MC',2.0,15.0
66096,532.2772,2.3286919999999998,10360000.0,59.01,Pr,II,0.482728,6.0,2.811396,5.0,MC',2.0,11.0
66184,533.1478,2.3248889999999998,1920000.0,59.01,Pr,II,0.6480060000000001,6.0,2.972872,6.0,MC',2.0,13.0
66308,534.3883,2.319492,3546000.0,59.01,Pr,II,0.9222229999999999,5.0,3.241692,5.0,MC',2.0,11.0
66429,535.2398,2.315803,4703000.0,59.01,Pr,II,0.482728,6.0,2.798507,5.0,MC',2.0,11.0
66493,535.8988,2.312955,14310000.0,59.0,Pr,I,0.549525,4.5,2.862457,4.5,MC',1.0,10.0
66634,537.2374,2.3071919999999997,6861000.0,59.0,Pr,I,0.603374,5.5,2.910543,5.5,MC',1.0,12.0
66715,538.1261,2.303382,438300.0,59.01,Pr,II,0.508038,5.0,2.811396,5.0,MC',2.0,11.0
66963,540.4803,2.293349,1248000.0,59.01,Pr,II,1.049531,5.0,3.342857,6.0,MC',2.0,13.0
67025,541.1544,2.290492,1309000.0,59.01,Pr,II,0.508038,5.0,2.798507,5.0,MC',2.0,11.0
67041,541.322,2.2897830000000003,678500.0,59.01,Pr,II,0.054795,5.0,2.3445549999999997,5.0,MC',2.0,11.0
67184,542.7243,2.283866,19570000.0,59.0,Pr,I,1.082816,6.5,3.366659,5.5,MC',1.0,12.0
67235,543.2038,2.28185,1681000.0,59.01,Pr,II,0.9222229999999999,5.0,3.20405,5.0,MC',2.0,11.0
67503,546.0242,2.270064,2525000.0,59.0,Pr,I,0.0,4.5,2.2700419999999997,5.5,MC',1.0,12.0
67593,546.9912,2.266051,19260000.0,59.0,Pr,I,1.001853,5.5,3.267881,5.5,MC',1.0,12.0
67738,548.1748,2.261158,1419000.0,59.0,Pr,I,0.0,4.5,2.261136,5.5,MC',1.0,12.0
67784,548.66,2.259159,8396000.0,59.0,Pr,I,0.782741,5.5,3.041877,5.5,MC',1.0,12.0
67806,548.8938,2.258196,10420000.0,59.0,Pr,I,0.946019,6.5,3.204193,6.5,MC',1.0,14.0
67933,550.2197,2.252755,649200.0,59.01,Pr,II,1.110711,9.0,3.363443,8.0,LW,2.0,17.0
68003,550.9147,2.2499130000000003,1356000.0,59.01,Pr,II,0.482728,6.0,2.732618,5.0,MC',2.0,11.0
68029,551.1628,2.2489,153600.0,59.01,Pr,II,0.216194,5.0,2.465071,6.0,MC',2.0,13.0
68046,551.3562,2.248111,4897000.0,59.01,Pr,II,0.92324,4.0,3.171329,3.0,MC',2.0,7.0
68062,551.5149,2.247464,2326000.0,59.01,Pr,II,1.004237,4.0,3.251679,4.0,MC',2.0,9.0
68104,551.9388,2.2457380000000002,1537000.0,59.01,Pr,II,1.4395870000000002,8.0,3.6853029999999998,8.0,MC',2.0,17.0
68137,552.2824,2.244341,618500.0,59.01,Pr,II,0.216194,5.0,2.460512,4.0,MC',2.0,9.0
68169,552.591,2.243088,424800.0,59.01,Pr,II,0.421944,6.0,2.665009,6.0,MC',2.0,13.0
68259,553.5166,2.239337,8341000.0,59.01,Pr,II,0.9222229999999999,5.0,3.161538,5.0,MC',2.0,11.0
68289,553.8373,2.2380400000000003,27990000.0,59.0,Pr,I,1.082816,6.5,3.3208339999999996,5.5,MC',1.0,12.0
68354,554.5005,2.235363,3714000.0,59.01,Pr,II,0.9222229999999999,5.0,3.157564,4.0,MC',2.0,9.0
68386,554.8298,2.234037,1886000.0,59.01,Pr,II,0.960167,3.0,3.194181,3.0,MC',2.0,7.0
68441,555.3452,2.231964,1043000.0,59.01,Pr,II,1.1628020000000001,5.0,3.394743,5.0,MC',2.0,11.0
68615,557.1828,2.2246029999999997,949500.0,59.01,Pr,II,0.508038,5.0,2.732618,5.0,MC',2.0,11.0
68651,557.4615,2.22349,672200.0,59.01,Pr,II,1.049531,5.0,3.272999,6.0,MC',2.0,13.0
68694,557.8808,2.221819,3074000.0,59.0,Pr,I,0.603374,5.5,2.825171,6.5,MC',1.0,14.0
68722,558.2101,2.220509,89990.0,59.01,Pr,II,0.9496889999999999,8.0,3.1701759999999997,7.0,LW,2.0,15.0
68724,558.2344,2.220412,794900.0,59.01,Pr,II,1.05261,5.0,3.272999,6.0,MC',2.0,13.0
68917,560.1301,2.2128970000000003,1277000.0,59.01,Pr,II,1.330319,6.0,3.543194,7.0,MC',2.0,15.0
68961,560.5642,2.211184,8138000.0,59.01,Pr,II,0.960167,3.0,3.171329,3.0,MC',2.0,7.0
68988,560.8931,2.2098869999999997,361300.0,59.01,Pr,II,0.216194,5.0,2.4260580000000003,4.0,MC',2.0,9.0
69001,561.0238,2.209372,5006000.0,59.01,Pr,II,1.1628020000000001,5.0,3.372152,5.0,MC',2.0,11.0
69087,562.0116,2.205489,5827000.0,59.01,Pr,II,2.013877,6.0,4.219343,6.0,MC',2.0,13.0
69107,562.1895,2.204791,864400.0,59.01,Pr,II,0.482728,6.0,2.687496,5.0,MC',2.0,11.0
69123,562.304,2.204342,12270000.0,59.01,Pr,II,1.330319,6.0,3.534639,6.0,MC',2.0,13.0
69135,562.4441,2.203793,13350000.0,59.01,Pr,II,1.5179989999999999,7.0,3.72177,7.0,MC',2.0,15.0
69247,563.6466,2.199091,1869000.0,59.01,Pr,II,1.05261,5.0,3.251679,4.0,MC',2.0,9.0
69276,563.8704,2.1982180000000002,16050000.0,59.01,Pr,II,0.6297590000000001,7.0,2.827956,0.0,MC',2.0,1.0
69368,564.7649,2.194737,685800.0,59.01,Pr,II,0.795226,7.0,2.989941,6.0,LW,2.0,13.0
69432,565.4229,2.192183,2386000.0,59.01,Pr,II,1.049531,5.0,3.241692,5.0,MC',2.0,11.0
69494,566.1571,2.18934,42060000.0,59.0,Pr,I,1.329166,8.5,3.5184839999999995,7.5,MC',1.0,16.0
69500,566.2181,2.189104,1093000.0,59.01,Pr,II,1.05261,5.0,3.241692,5.0,MC',2.0,11.0
69639,567.7033,2.183377,352100.0,59.01,Pr,II,0.633361,7.0,2.816716,6.0,MC',2.0,13.0
69679,568.1901,2.181506,4759000.0,59.01,Pr,II,1.1628020000000001,5.0,3.3442870000000005,5.0,MC',2.0,11.0
69713,568.5627,2.1800770000000003,949300.0,59.01,Pr,II,1.1628020000000001,5.0,3.342857,6.0,MC',2.0,13.0
69728,568.7183,2.179481,427300.0,59.01,Pr,II,0.508038,5.0,2.687496,5.0,MC',2.0,11.0
69746,568.9222,2.178699,2196000.0,59.01,Pr,II,1.364517,7.0,3.543194,7.0,MC',2.0,15.0
69794,569.5916,2.176139,2034000.0,59.01,Pr,II,1.196035,6.0,3.372152,5.0,MC',2.0,11.0
69875,570.4385,2.172908,92960000.0,59.0,Pr,I,1.7682080000000002,4.5,3.941094,5.5,MC',1.0,12.0
69955,571.165,2.170144,4544000.0,59.01,Pr,II,1.364517,7.0,3.534639,6.0,MC',2.0,13.0
70030,571.9064,2.1673310000000003,1205000.0,59.01,Pr,II,0.79571,8.0,2.963019,7.0,MC',2.0,15.0
70039,571.964,2.167113,4150000.0,59.01,Pr,II,1.004237,4.0,3.171329,3.0,MC',2.0,7.0
70308,574.7759,2.156511,9460000.0,59.0,Pr,I,1.001853,5.5,3.1583419999999998,4.5,MC',1.0,10.0
70312,574.7948,2.1564400000000004,228500.0,59.01,Pr,II,0.6297590000000001,7.0,2.786178,6.0,MC',2.0,13.0
70369,575.3015,2.154541,1402000.0,59.01,Pr,II,1.049531,5.0,3.20405,5.0,MC',2.0,11.0
70398,575.6202,2.153348,6300000.0,59.01,Pr,II,1.004237,4.0,3.157564,4.0,MC',2.0,9.0
70530,576.918,2.148504,1792000.0,59.01,Pr,II,1.1628020000000001,5.0,3.3112839999999997,5.0,MC',2.0,11.0
70537,576.9799,2.148273,1407000.0,59.01,Pr,II,1.196035,6.0,3.3442870000000005,5.0,MC',2.0,11.0
70568,577.3165,2.147021,2587000.0,59.01,Pr,II,0.9222229999999999,5.0,3.069223,4.0,MC',2.0,9.0
70597,577.59,2.146004,631500.0,59.01,Pr,II,0.92324,4.0,3.069223,4.0,MC',2.0,9.0
70612,577.7298,2.145485,1605000.0,59.01,Pr,II,1.330319,6.0,3.4757830000000003,6.0,MC',2.0,13.0
70703,578.6166,2.142197,3032000.0,59.01,Pr,II,0.9222229999999999,5.0,3.064398,5.0,MC',2.0,11.0
70728,578.8913,2.14118,745200.0,59.01,Pr,II,0.92324,4.0,3.064398,5.0,MC',2.0,11.0
70747,579.0855,2.140462,1581000.0,59.01,Pr,II,1.254302,4.0,3.394743,5.0,MC',2.0,11.0
70757,579.1388,2.1402650000000003,3613000.0,59.01,Pr,II,1.1628020000000001,5.0,3.3030459999999997,5.0,MC',2.0,11.0
70942,581.0585,2.133194,2326000.0,59.01,Pr,II,1.4395870000000002,8.0,3.5727599999999997,9.0,LW,2.0,19.0
70965,581.3566,2.132101,1296000.0,59.01,Pr,II,1.364517,7.0,3.496596,8.0,MC',2.0,17.0
70980,581.5165,2.131514,8276000.0,59.01,Pr,II,1.049531,5.0,3.1810240000000003,6.0,MC',2.0,13.0
70984,581.5331,2.131454,24530000.0,59.01,Pr,II,1.590338,6.0,3.72177,7.0,MC',2.0,15.0
71017,581.858,2.1302630000000002,4820000.0,59.01,Pr,II,1.121437,3.0,3.251679,4.0,MC',2.0,9.0
71067,582.3722,2.1283819999999998,820500.0,59.01,Pr,II,0.216194,5.0,2.3445549999999997,5.0,MC',2.0,11.0
71129,583.0933,2.12575,2299000.0,59.01,Pr,II,1.049531,5.0,3.1752599999999997,6.0,MC',2.0,13.0
71163,583.5126,2.1242229999999998,9347000.0,59.0,Pr,I,0.603374,5.5,2.727575,6.5,MC',1.0,14.0
71245,584.4651,2.120761,522300.0,59.01,Pr,II,0.6297590000000001,7.0,2.750499,8.0,MC',2.0,17.0
71276,584.7122,2.1198650000000003,3913000.0,59.01,Pr,II,1.2436,7.0,3.363443,8.0,MC',2.0,17.0
71309,585.0644,2.118589,681400.0,59.01,Pr,II,0.421944,6.0,2.540512,7.0,MC',2.0,15.0
71328,585.2627,2.117871,4274000.0,59.01,Pr,II,1.254302,4.0,3.372152,5.0,MC',2.0,11.0
71379,585.9676,2.115323,10480000.0,59.01,Pr,II,1.419338,5.0,3.534639,6.0,MC',2.0,13.0
71453,586.882,2.112027,4714000.0,59.01,Pr,II,1.049531,5.0,3.161538,5.0,MC',2.0,11.0
71497,587.3851,2.110219,1416000.0,59.01,Pr,II,1.1628020000000001,5.0,3.272999,6.0,MC',2.0,13.0
71506,587.4734,2.109901,23050000.0,59.0,Pr,I,1.001853,5.5,3.111733,5.5,MC',1.0,12.0
71541,587.8102,2.108692,26810000.0,59.0,Pr,I,1.1960629999999999,7.5,3.304734,7.5,MC',1.0,16.0
71553,587.926,2.108277,7571000.0,59.01,Pr,II,1.364517,7.0,3.472773,7.0,LW,2.0,15.0
71594,588.4742,2.106313,12110000.0,59.0,Pr,I,0.7219439999999999,4.5,2.828236,5.5,MC',1.0,12.0
71644,589.2251,2.103629,5692000.0,59.01,Pr,II,1.4395870000000002,8.0,3.543194,7.0,MC',2.0,15.0
71763,590.4463,2.099278,3409000.0,59.01,Pr,II,1.2436,7.0,3.342857,6.0,MC',2.0,13.0
71836,591.5958,2.095199,4664000.0,59.0,Pr,I,0.946019,6.5,3.041197,7.5,MC',1.0,16.0
71965,593.066,2.090005,3608000.0,59.01,Pr,II,1.254302,4.0,3.3442870000000005,5.0,MC',2.0,11.0
72039,593.9899,2.086754,10290000.0,59.01,Pr,II,1.2436,7.0,3.330333,7.0,MC',2.0,15.0
72047,594.0725,2.086464,6778000.0,59.01,Pr,II,1.4567510000000001,6.0,3.543194,7.0,MC',2.0,15.0
72090,594.7185,2.0841979999999998,3169000.0,59.01,Pr,II,1.26011,6.0,3.3442870000000005,5.0,MC',2.0,11.0
72119,595.1285,2.082762,3145000.0,59.01,Pr,II,1.196035,6.0,3.278776,7.0,MC',2.0,15.0
72124,595.1731,2.082606,2025000.0,59.01,Pr,II,1.1115959999999998,2.0,3.194181,3.0,MC',2.0,7.0
72154,595.6615,2.080898,9414000.0,59.01,Pr,II,1.462317,7.0,3.543194,7.0,MC',2.0,15.0
72189,596.3013,2.078665,17940000.0,59.0,Pr,I,1.082816,6.5,3.161461,6.5,MC',1.0,14.0
72225,596.7837,2.0769849999999996,7183000.0,59.01,Pr,II,1.196035,6.0,3.272999,6.0,MC',2.0,13.0
72313,597.888,2.0731490000000004,8251000.0,59.0,Pr,I,1.082816,6.5,3.155945,6.5,MC',1.0,14.0
72335,598.1205,2.072343,7716000.0,59.01,Pr,II,1.462317,7.0,3.534639,6.0,MC',2.0,13.0
72386,598.7269,2.0702439999999998,2913000.0,59.01,Pr,II,1.26011,6.0,3.330333,7.0,MC',2.0,15.0
72472,599.606,2.067209,10540000.0,59.0,Pr,I,1.200693,6.5,3.267881,5.5,MC',1.0,12.0
72526,600.2458,2.0650060000000003,1734000.0,59.01,Pr,II,1.004237,4.0,3.069223,4.0,MC',2.0,9.0
72554,600.6331,2.0636740000000002,14240000.0,59.01,Pr,II,1.658116,8.0,3.72177,7.0,MC',2.0,15.0
72572,600.8554,2.062911,11680000.0,59.0,Pr,I,1.095452,5.5,3.1583419999999998,4.5,MC',1.0,10.0
72648,601.6513,2.060182,2666000.0,59.01,Pr,II,1.004237,4.0,3.064398,5.0,MC',2.0,11.0
72664,601.7767,2.0597529999999997,14550000.0,59.01,Pr,II,1.1115959999999998,2.0,3.171329,3.0,MC',2.0,7.0
72717,602.5732,2.05703,12600000.0,59.01,Pr,II,1.4395870000000002,8.0,3.496596,8.0,MC',2.0,17.0
72832,604.2873,2.051195,2985000.0,59.01,Pr,II,1.26011,6.0,3.3112839999999997,5.0,MC',2.0,11.0
72860,604.6655,2.049912,5367000.0,59.01,Pr,II,1.121437,3.0,3.171329,3.0,MC',2.0,7.0
72878,604.9257,2.04903,13660000.0,59.0,Pr,I,0.946019,6.5,2.995029,7.5,MC',1.0,16.0
72882,605.0044,2.048764,2350000.0,59.01,Pr,II,1.254302,4.0,3.3030459999999997,5.0,MC',2.0,11.0
72887,605.0872,2.048484,6888000.0,59.0,Pr,I,1.095452,5.5,3.143916,6.5,MC',1.0,14.0
72914,605.513,2.047043,82310000.0,59.0,Pr,I,1.001853,5.5,3.048876,5.5,MC',1.0,12.0
72978,606.7242,2.042956,1093000.0,59.01,Pr,II,1.26011,6.0,3.3030459999999997,5.0,MC',2.0,11.0
73080,608.6176,2.0366009999999997,2189000.0,59.01,Pr,II,1.306276,5.0,3.342857,6.0,MC',2.0,13.0
73093,608.7533,2.036147,4817000.0,59.01,Pr,II,1.121437,3.0,3.157564,4.0,MC',2.0,9.0
73114,609.0377,2.035196,1171000.0,59.01,Pr,II,1.2436,7.0,3.278776,7.0,MC',2.0,15.0
73131,609.3061,2.0343,2376000.0,59.01,Pr,II,1.462317,7.0,3.496596,8.0,MC',2.0,17.0
73241,610.6728,2.029747,1349000.0,59.01,Pr,II,1.1318110000000001,4.0,3.161538,5.0,MC',2.0,11.0
73263,610.9165,2.028937,12320000.0,59.0,Pr,I,1.082816,6.5,3.111733,5.5,MC',1.0,12.0
73292,611.4381,2.0272069999999998,8506000.0,59.01,Pr,II,1.658116,8.0,3.6853029999999998,8.0,MC',2.0,17.0
73312,611.8025,2.025999,13080000.0,59.0,Pr,I,1.022897,4.5,3.048876,5.5,MC',1.0,12.0
73484,614.1538,2.018242,1912000.0,59.01,Pr,II,1.1628020000000001,5.0,3.1810240000000003,6.0,MC',2.0,13.0
73545,614.8235,2.016044,21100000.0,59.0,Pr,I,0.832457,5.5,2.848481,6.5,MC',1.0,14.0
73546,614.8243,2.0160419999999997,5974000.0,59.01,Pr,II,1.4567510000000001,6.0,3.472773,7.0,MC',2.0,15.0
73614,615.7809,2.0129099999999998,1483000.0,59.01,Pr,II,1.26011,6.0,3.272999,6.0,MC',2.0,13.0
73629,615.9129,2.0124779999999998,701300.0,59.01,Pr,II,1.1628020000000001,5.0,3.1752599999999997,6.0,MC',2.0,13.0
73645,616.1179,2.011809,9422000.0,59.01,Pr,II,1.05261,5.0,3.064398,5.0,MC',2.0,11.0
73670,616.5415,2.010426,11580000.0,59.0,Pr,I,1.1960629999999999,7.5,3.206469,7.5,MC',1.0,16.0
73675,616.5891,2.010271,12150000.0,59.01,Pr,II,0.92324,4.0,2.933491,4.0,MC',2.0,9.0
73783,618.2336,2.0049240000000004,4209000.0,59.01,Pr,II,1.4395870000000002,8.0,3.444491,8.0,MC',2.0,17.0
73815,618.7962,2.003101,9521000.0,59.0,Pr,I,1.200693,6.5,3.203774,6.5,MC',1.0,14.0
73869,619.7452,2.000034,2346000.0,59.01,Pr,II,1.330319,6.0,3.330333,7.0,MC',2.0,15.0
73890,620.0823,1.998947,1856000.0,59.01,Pr,II,1.364517,7.0,3.363443,8.0,LW,2.0,17.0
73912,620.5635,1.997397,1216000.0,59.01,Pr,II,1.254302,4.0,3.251679,4.0,MC',2.0,9.0
73932,621.0604,1.995799,4747000.0,59.0,Pr,I,0.832457,5.5,2.828236,5.5,MC',1.0,12.0
74125,624.4361,1.985009,2494000.0,59.01,Pr,II,1.196035,6.0,3.1810240000000003,6.0,MC',2.0,13.0
74190,625.5098,1.981602,2636000.0,59.01,Pr,II,1.26011,6.0,3.241692,5.0,MC',2.0,11.0
74252,626.2546,1.9792450000000001,2195000.0,59.01,Pr,II,1.196035,6.0,3.1752599999999997,6.0,MC',2.0,13.0
74263,626.4536,1.9786169999999998,1573000.0,59.01,Pr,II,1.5179989999999999,7.0,3.496596,8.0,MC',2.0,17.0
74332,627.4657,1.975425,2357000.0,59.01,Pr,II,1.419338,5.0,3.394743,5.0,MC',2.0,11.0
74334,627.4814,1.9753759999999998,152500.0,59.01,Pr,II,0.216194,5.0,2.19155,5.0,MC',2.0,11.0
74362,627.8676,1.974161,2643000.0,59.01,Pr,II,1.196035,6.0,3.1701759999999997,7.0,LW,2.0,15.0
74376,628.1276,1.9733439999999998,5053000.0,59.01,Pr,II,0.960167,3.0,2.933491,4.0,MC',2.0,9.0
74494,630.2358,1.9667430000000001,2415000.0,59.01,Pr,II,1.306276,5.0,3.272999,6.0,MC',2.0,13.0
74511,630.4031,1.966221,5389000.0,59.0,Pr,I,0.946019,6.5,2.91222,7.5,MC',1.0,16.0
74523,630.5264,1.9658360000000001,2384000.0,59.01,Pr,II,1.364517,7.0,3.330333,7.0,MC',2.0,15.0
74605,631.8115,1.9618380000000002,371000.0,59.01,Pr,II,0.9222229999999999,5.0,2.884041,5.0,MC',2.0,11.0
74760,634.7109,1.9528759999999998,3124000.0,59.01,Pr,II,1.590338,6.0,3.543194,7.0,MC',2.0,15.0
74779,635.098,1.951686,13900000.0,59.0,Pr,I,1.3227870000000002,7.5,3.274454,7.5,MC',1.0,16.0
74804,635.7207,1.9497740000000001,13720000.0,59.0,Pr,I,1.022897,4.5,2.972651,4.5,MC',1.0,10.0
74852,636.3633,1.947805,697000.0,59.01,Pr,II,1.121437,3.0,3.069223,4.0,MC',2.0,9.0
74924,637.7611,1.9435360000000002,13040000.0,59.0,Pr,I,1.293372,5.5,3.236889,6.5,MC',1.0,14.0
74933,637.8575,1.943242,10550000.0,59.0,Pr,I,1.200693,6.5,3.143916,6.5,MC',1.0,14.0
75054,639.7973,1.9373509999999998,1896000.0,59.01,Pr,II,1.05261,5.0,2.989941,6.0,LW,2.0,13.0
75156,641.3678,1.932607,2067000.0,59.01,Pr,II,1.1318110000000001,4.0,3.064398,5.0,MC',2.0,11.0
75167,641.5419,1.932082,6640000.0,59.0,Pr,I,1.3227870000000002,7.5,3.254851,8.5,MC',1.0,18.0
75249,642.9629,1.9278119999999999,5075000.0,59.01,Pr,II,1.615401,8.0,3.543194,7.0,MC',2.0,15.0
75271,643.1805,1.9271599999999998,3718000.0,59.01,Pr,II,1.415716,7.0,3.342857,6.0,MC',2.0,13.0
75346,644.2785,1.923876,463800.0,59.01,Pr,II,1.4395870000000002,8.0,3.363443,8.0,MC',2.0,17.0
75356,644.3914,1.9235389999999999,744100.0,59.01,Pr,II,1.419338,5.0,3.342857,6.0,MC',2.0,13.0
75426,645.4844,1.920282,321500.0,59.01,Pr,II,1.05261,5.0,2.972872,6.0,MC',2.0,13.0
75439,645.6182,1.919884,4987000.0,59.0,Pr,I,1.200693,6.5,3.120557,7.5,MC',1.0,16.0
75552,647.5247,1.9142310000000002,279900.0,59.01,Pr,II,0.92324,4.0,2.837452,5.0,MC',2.0,11.0
75562,647.8016,1.913413,293800.0,59.01,Pr,II,0.421944,6.0,2.335338,6.0,MC',2.0,13.0
75610,648.697,1.9107720000000001,104600.0,59.01,Pr,II,0.6297590000000001,7.0,2.540512,7.0,MC',2.0,15.0
75649,649.3492,1.908853,2343000.0,59.0,Pr,I,0.818742,6.5,2.727575,6.5,MC',1.0,14.0
75658,649.4888,1.9084419999999997,4567000.0,59.0,Pr,I,1.082816,6.5,2.9912389999999998,7.5,MC',1.0,16.0
75678,649.8933,1.907254,1174000.0,59.01,Pr,II,1.254302,4.0,3.161538,5.0,MC',2.0,11.0
75688,650.0725,1.9067290000000001,10460000.0,59.0,Pr,I,1.1960629999999999,7.5,3.102773,8.5,MC',1.0,18.0
75714,650.4066,1.9057490000000001,5976000.0,59.0,Pr,I,1.290775,6.5,3.1965049999999997,7.5,MC',1.0,16.0
75785,651.7142,1.901925,3755000.0,59.0,Pr,I,1.082816,6.5,2.984722,6.5,MC',1.0,14.0
75795,651.8783,1.901447,1048000.0,59.01,Pr,II,1.26011,6.0,3.161538,5.0,MC',2.0,11.0
75943,654.0486,1.8951369999999998,4193000.0,59.0,Pr,I,0.832457,5.5,2.727575,6.5,MC',1.0,14.0
76021,655.3301,1.891431,2127000.0,59.0,Pr,I,0.832457,5.5,2.7238700000000002,5.5,MC',1.0,12.0
76105,656.4602,1.8881759999999999,653200.0,59.01,Pr,II,0.92324,4.0,2.811396,5.0,MC',2.0,11.0
76121,656.6762,1.8875540000000002,326500.0,59.01,Pr,II,0.216194,5.0,2.103729,4.0,MC',2.0,9.0
76194,657.8009,1.884327,4381000.0,59.0,Pr,I,1.290775,6.5,3.1750830000000003,6.5,MC',1.0,14.0
76230,658.4556,1.882454,591200.0,59.01,Pr,II,1.590338,6.0,3.472773,7.0,MC',2.0,15.0
76288,659.3771,1.879823,317100.0,59.01,Pr,II,1.004237,4.0,2.884041,5.0,MC',2.0,11.0
76300,659.5464,1.8793400000000002,4958000.0,59.0,Pr,I,1.082816,6.5,2.962137,6.5,MC',1.0,14.0
76424,661.667,1.873317,21450000.0,59.0,Pr,I,1.082816,6.5,2.956114,7.5,MC',1.0,16.0
76439,661.8277,1.8728619999999998,826900.0,59.01,Pr,II,1.415716,7.0,3.288559,6.0,MC',2.0,13.0
76532,663.099,1.869271,2155000.0,59.0,Pr,I,0.854617,5.5,2.7238700000000002,5.5,MC',1.0,12.0
76700,665.6834,1.8620150000000002,10690000.0,59.01,Pr,II,1.823307,9.0,3.6853029999999998,8.0,MC',2.0,17.0
76811,667.3408,1.85739,5484000.0,59.01,Pr,II,1.615401,8.0,3.472773,7.0,MC',2.0,15.0
76813,667.3725,1.857302,5485000.0,59.01,Pr,II,1.415716,7.0,3.272999,6.0,MC',2.0,13.0
76965,669.9252,1.850225,3211000.0,59.0,Pr,I,1.290775,6.5,3.140981,5.5,MC',1.0,12.0
77200,673.6785,1.8399169999999998,11430000.0,59.0,Pr,I,1.464836,7.5,3.304734,7.5,MC',1.0,16.0
77269,674.7087,1.837107,14940000.0,59.0,Pr,I,1.022897,4.5,2.859986,5.5,MC',1.0,12.0
77629,679.8606,1.823186,18700000.0,59.0,Pr,I,1.001853,5.5,2.825021,6.5,MC',1.0,14.0
77706,681.178,1.8196599999999998,327700.0,59.01,Pr,II,1.049531,5.0,2.869173,6.0,MC',2.0,13.0
77712,681.2876,1.8193669999999997,105000.0,59.01,Pr,II,0.421944,6.0,2.241293,7.0,MC',2.0,15.0
77733,681.4027,1.81906,623900.0,59.01,Pr,II,1.26011,6.0,3.079151,6.0,MC',2.0,13.0
77752,681.7591,1.818109,7473000.0,59.0,Pr,I,1.4563629999999999,6.5,3.274454,7.5,MC',1.0,16.0
77849,683.0494,1.8146740000000001,1940000.0,59.01,Pr,II,1.658116,8.0,3.472773,7.0,MC',2.0,15.0
77942,684.4388,1.810991,8435000.0,59.0,Pr,I,1.4563629999999999,6.5,3.2673360000000002,6.5,MC',1.0,14.0
77954,684.5484,1.810701,674700.0,59.01,Pr,II,1.462317,7.0,3.272999,6.0,MC',2.0,13.0
77963,684.6572,1.810413,233100.0,59.01,Pr,II,0.9222229999999999,5.0,2.732618,5.0,MC',2.0,11.0
77993,685.0419,1.809396,440600.0,59.01,Pr,II,0.92324,4.0,2.732618,5.0,MC',2.0,11.0
78986,702.1438,1.765326,2495000.0,59.01,Pr,II,1.415716,7.0,3.1810240000000003,6.0,MC',2.0,13.0
79005,702.4522,1.7645509999999998,4441000.0,59.0,Pr,I,1.095452,5.5,2.859986,5.5,MC',1.0,12.0
79105,704.241,1.7600689999999999,5399000.0,59.0,Pr,I,1.1960629999999999,7.5,2.956114,7.5,MC',1.0,16.0
79109,704.444,1.7595619999999998,494600.0,59.01,Pr,II,1.415716,7.0,3.1752599999999997,6.0,MC',2.0,13.0
79133,705.1038,1.7579150000000001,187600.0,59.0,Pr,I,0.0,4.5,1.757898,5.5,MC',1.0,12.0
79288,708.004,1.7507139999999999,2510000.0,59.0,Pr,I,0.854617,5.5,2.605313,5.5,MC',1.0,12.0
79497,711.4549,1.7422220000000002,7120000.0,59.0,Pr,I,1.082816,6.5,2.825021,6.5,MC',1.0,14.0
79505,711.6884,1.7416509999999998,7416000.0,59.0,Pr,I,1.464836,7.5,3.206469,7.5,MC',1.0,16.0
79616,713.732,1.736664,180700.0,59.01,Pr,II,1.049531,5.0,2.786178,6.0,MC',2.0,13.0
79763,715.9878,1.731193,1175000.0,59.0,Pr,I,0.603374,5.5,2.334549,6.5,MC',1.0,14.0
79815,716.7758,1.7292889999999999,277400.0,59.01,Pr,II,1.2436,7.0,2.972872,6.0,MC',2.0,13.0
80037,720.8832,1.719436,338100.0,59.01,Pr,II,1.2436,7.0,2.963019,7.0,MC',2.0,15.0
80144,722.7694,1.714949,1874000.0,59.01,Pr,II,1.615401,8.0,3.330333,7.0,MC',2.0,15.0
80310,725.9183,1.7075099999999999,814600.0,59.0,Pr,I,0.549525,4.5,2.257018,5.5,MC',1.0,12.0
80490,728.9188,1.7004810000000001,3261000.0,59.0,Pr,I,1.290775,6.5,2.9912389999999998,7.5,MC',1.0,16.0
80699,732.4408,1.692305,2378000.0,59.0,Pr,I,1.031582,4.5,2.7238700000000002,5.5,MC',1.0,12.0
80722,732.8467,1.6913669999999998,3688000.0,59.0,Pr,I,1.293372,5.5,2.984722,6.5,MC',1.0,14.0
81103,740.7568,1.6733060000000002,1652000.0,59.01,Pr,II,1.823307,9.0,3.496596,8.0,MC',2.0,17.0
81332,745.1723,1.663391,1433000.0,59.01,Pr,II,1.615401,8.0,3.278776,7.0,MC',2.0,15.0
81547,749.557,1.653661,1322000.0,59.0,Pr,I,0.603374,5.5,2.257018,5.5,MC',1.0,12.0
81768,754.0989,1.6437009999999999,27730.0,59.01,Pr,II,0.0,4.0,1.6436849999999998,3.0,MC',2.0,7.0
82323,764.5652,1.6212,1891000.0,59.01,Pr,II,1.823307,9.0,3.444491,8.0,MC',2.0,17.0
82659,770.4884,1.608737,335300.0,59.01,Pr,II,1.415716,7.0,3.024437,6.0,MC',2.0,13.0
83078,778.6141,1.591948,29130.0,59.01,Pr,II,0.421944,6.0,2.013877,6.0,MC',2.0,13.0
83527,788.1084,1.57277,1376000.0,59.0,Pr,I,0.946019,6.5,2.518774,5.5,MC',1.0,12.0
83566,788.8565,1.571279,14220.0,59.01,Pr,II,0.216194,5.0,1.787457,6.0,MC',2.0,13.0
83671,791.5191,1.565993,157000.0,59.01,Pr,II,1.2436,7.0,2.809577,7.0,MC',2.0,15.0
