,Wl/nm,E_Photon,A-Value,Elem. num,Element,ion state,E_lower_lev.,J_lower,E_upper_lev.,J_upper,Ref.,ion state num,g_j
47952,407.64,3.040684,86130.0,17.0,Cl,I,8.9217,2.5,11.962354,2.5,KP,1.0,6.0
48565,410.478,3.019661,335200.0,17.0,Cl,I,8.9217,2.5,11.941331,1.5,KP,1.0,4.0
49416,414.7257,2.988734,1280000.0,17.0,Cl,I,8.987437,1.5,11.976141,0.5,KP,1.0,2.0
50365,419.6131,2.953924,1683000.0,17.0,Cl,I,8.987437,1.5,11.941331,1.5,KP,1.0,4.0
50583,420.6319,2.9467689999999997,3274000.0,17.0,Cl,I,9.029402000000001,0.5,11.976141,0.5,KP,1.0,2.0
50641,420.9665,2.944427,650600.0,17.0,Cl,I,8.9217,2.5,11.866098,1.5,KP,1.0,4.0
50971,422.6426,2.9327509999999997,812600.0,17.0,Cl,I,8.9217,2.5,11.854421,1.5,KP,1.0,4.0
51700,426.458,2.9065119999999998,769100.0,17.0,Cl,I,8.9217,2.5,11.828183000000001,2.5,KP,1.0,6.0
52525,430.504,2.879197,50450.0,17.0,Cl,I,8.9217,2.5,11.800868,3.5,KP,1.0,8.0
52889,432.3335,2.867013,3983000.0,17.0,Cl,I,8.987437,1.5,11.854421,1.5,KP,1.0,4.0
53170,433.7861,2.857412,1440000.0,17.0,Cl,I,8.987437,1.5,11.844821000000001,0.5,KP,1.0,2.0
53635,436.3268,2.840775,3598000.0,17.0,Cl,I,8.987437,1.5,11.828183000000001,2.5,KP,1.0,6.0
53750,436.9498,2.8367240000000002,2404000.0,17.0,Cl,I,9.029402000000001,0.5,11.866098,1.5,KP,1.0,4.0
53799,437.1544,2.835397,518200.0,17.0,Cl,I,8.9217,2.5,11.757067999999999,2.5,KP,1.0,6.0
53939,437.9896,2.82999,974800.0,17.0,Cl,I,8.987437,1.5,11.817399,1.5,KP,1.0,4.0
54083,438.7558,2.825048,143700.0,17.0,Cl,I,9.029402000000001,0.5,11.854421,1.5,KP,1.0,4.0
54108,438.9751,2.8236369999999997,2269000.0,17.0,Cl,I,8.9217,2.5,11.745308,3.5,KP,1.0,8.0
54126,439.0403,2.8232169999999996,4245000.0,17.0,Cl,I,9.029402000000001,0.5,11.852591,0.5,KP,1.0,2.0
54345,440.252,2.8154470000000003,507500.0,17.0,Cl,I,9.029402000000001,0.5,11.844821000000001,0.5,KP,1.0,2.0
54357,440.302,2.815127,4308000.0,17.0,Cl,I,8.9217,2.5,11.736799000000001,1.5,KP,1.0,4.0
55013,443.8488,2.792632,1664000.0,17.0,Cl,I,8.9217,2.5,11.714303999999998,2.5,KP,1.0,6.0
55147,444.5823,2.788025,1570000.0,17.0,Cl,I,9.029402000000001,0.5,11.817399,1.5,KP,1.0,4.0
55153,444.6139,2.787827,1849000.0,17.0,Cl,I,8.987437,1.5,11.775236,0.5,KP,1.0,2.0
55563,446.9368,2.7733369999999997,711800.0,17.0,Cl,I,9.202832,1.5,11.976141,0.5,KP,1.0,2.0
55656,447.5304,2.769659,1300000.0,17.0,Cl,I,8.987437,1.5,11.757067999999999,2.5,KP,1.0,6.0
55916,449.1032,2.75996,153900.0,17.0,Cl,I,9.202832,1.5,11.962764,1.5,KP,1.0,4.0
55930,449.17,2.7595490000000003,102500.0,17.0,Cl,I,9.202832,1.5,11.962354,2.5,KP,1.0,6.0
56176,450.8298,2.74939,461100.0,17.0,Cl,I,8.987437,1.5,11.736799000000001,1.5,KP,1.0,4.0
56460,452.6182,2.738526,7950000.0,17.0,Cl,I,9.202832,1.5,11.941331,1.5,KP,1.0,4.0
56762,454.5489,2.7268950000000003,204400.0,17.0,Cl,I,8.987437,1.5,11.714303999999998,2.5,KP,1.0,6.0
57263,457.8178,2.707424,229300.0,17.0,Cl,I,9.029402000000001,0.5,11.736799000000001,1.5,KP,1.0,4.0
57603,460.0977,2.694009,2736000.0,17.0,Cl,I,9.282160000000001,0.5,11.976141,0.5,KP,1.0,2.0
57930,462.3938,2.680631,138600.0,17.0,Cl,I,9.282160000000001,0.5,11.962764,1.5,KP,1.0,4.0
58383,466.1208,2.659198,164000.0,17.0,Cl,I,9.282160000000001,0.5,11.941331,1.5,KP,1.0,4.0
58562,467.4536,2.651616,1557000.0,17.0,Cl,I,9.202832,1.5,11.854421,1.5,KP,1.0,4.0
58780,469.1523,2.6420150000000002,1779000.0,17.0,Cl,I,9.202832,1.5,11.844821000000001,0.5,KP,1.0,2.0
59162,472.1255,2.625377,378100.0,17.0,Cl,I,9.202832,1.5,11.828183000000001,2.5,KP,1.0,6.0
59445,474.0729,2.614593,489900.0,17.0,Cl,I,9.202832,1.5,11.817399,1.5,KP,1.0,4.0
60155,479.6924,2.583964,2344000.0,17.0,Cl,I,9.282160000000001,0.5,11.866098,1.5,KP,1.0,4.0
60421,481.8433,2.5724299999999998,4646000.0,17.0,Cl,I,9.202832,1.5,11.775236,0.5,KP,1.0,2.0
60424,481.8699,2.5722869999999998,597000.0,17.0,Cl,I,9.282160000000001,0.5,11.854421,1.5,KP,1.0,4.0
60470,482.2131,2.5704569999999998,3284000.0,17.0,Cl,I,9.282160000000001,0.5,11.852591,0.5,KP,1.0,2.0
60647,483.6752,2.562687,2365000.0,17.0,Cl,I,9.282160000000001,0.5,11.844821000000001,0.5,KP,1.0,2.0
60888,485.2706,2.554262,304600.0,17.0,Cl,I,9.202832,1.5,11.757067999999999,2.5,KP,1.0,6.0
61323,488.9069,2.5352639999999997,3187000.0,17.0,Cl,I,9.282160000000001,0.5,11.817399,1.5,KP,1.0,4.0
61362,489.1523,2.533993,876900.0,17.0,Cl,I,9.202832,1.5,11.736799000000001,1.5,KP,1.0,4.0
61873,493.5336,2.5114970000000003,51180.0,17.0,Cl,I,9.202832,1.5,11.714303999999998,2.5,KP,1.0,6.0
61914,493.8598,2.509839,556700.0,17.0,Cl,I,9.202832,1.5,11.712645,0.5,KP,1.0,2.0
62293,497.1754,2.493101,776000.0,17.0,Cl,I,9.282160000000001,0.5,11.775236,0.5,KP,1.0,2.0
62353,497.6619,2.4906639999999998,2333000.0,17.0,Cl,I,9.202832,1.5,11.693471,1.5,KP,1.0,4.0
63708,509.9789,2.43051,1810000.0,17.0,Cl,I,9.282160000000001,0.5,11.712645,0.5,KP,1.0,2.0
64105,514.0342,2.411336,416700.0,17.0,Cl,I,9.282160000000001,0.5,11.693471,1.5,KP,1.0,4.0
71357,585.6742,2.1163830000000003,955900.0,17.0,Cl,I,10.280632,2.5,12.396994,2.5,KP,1.0,6.0
71961,593.0399,2.090097,416500.0,17.0,Cl,I,10.306918,1.5,12.396994,2.5,KP,1.0,6.0
71994,593.4126,2.088784,308300.0,17.0,Cl,I,10.280632,2.5,12.369396,2.5,KP,1.0,6.0
72012,593.6159,2.088069,1644000.0,17.0,Cl,I,10.306918,1.5,12.394966,0.5,KP,1.0,2.0
72198,596.3869,2.0783669999999996,693100.0,17.0,Cl,I,10.280632,2.5,12.358979,1.5,KP,1.0,4.0
72586,600.9755,2.0624990000000003,755100.0,17.0,Cl,I,10.306918,1.5,12.369396,2.5,KP,1.0,6.0
72679,601.9811,2.059053,2592000.0,17.0,Cl,I,10.335934,0.5,12.394966,0.5,KP,1.0,2.0
72749,602.9545,2.055729,115400.0,17.0,Cl,I,10.306918,1.5,12.362627,0.5,KP,1.0,2.0
72809,604.0263,2.0520810000000003,1548000.0,17.0,Cl,I,10.306918,1.5,12.358979,1.5,KP,1.0,4.0
73056,608.2604,2.0377970000000003,241900.0,17.0,Cl,I,10.280632,2.5,12.318408999999999,1.5,KP,1.0,4.0
73301,611.5869,2.026713,1259000.0,17.0,Cl,I,10.335934,0.5,12.362627,0.5,KP,1.0,2.0
73377,612.6897,2.0230650000000003,92760.0,17.0,Cl,I,10.335934,0.5,12.358979,1.5,KP,1.0,4.0
73479,614.0245,2.018668,3423000.0,17.0,Cl,I,10.280632,2.5,12.29928,3.5,KP,1.0,8.0
73492,614.1936,2.018112,1369000.0,17.0,Cl,I,10.306918,1.5,12.32501,0.5,KP,1.0,2.0
73649,616.209,2.011511,1325000.0,17.0,Cl,I,10.306918,1.5,12.318408999999999,1.5,KP,1.0,4.0
73855,619.4756,2.0009040000000002,33240.0,17.0,Cl,I,10.306918,1.5,12.307802,2.5,KP,1.0,6.0
73939,621.1598,1.995479,1316000.0,17.0,Cl,I,10.401535,3.5,12.396994,2.5,KP,1.0,6.0
74053,623.1532,1.989096,311600.0,17.0,Cl,I,10.335934,0.5,12.32501,0.5,KP,1.0,2.0
74166,625.228,1.9824950000000001,575100.0,17.0,Cl,I,10.335934,0.5,12.318408999999999,1.5,KP,1.0,4.0
74470,629.8713,1.9678810000000002,75380.0,17.0,Cl,I,10.401535,3.5,12.369396,2.5,KP,1.0,6.0
74519,630.4922,1.965943,189000.0,17.0,Cl,I,10.431071000000001,2.5,12.396994,2.5,KP,1.0,6.0
74708,633.7653,1.9557900000000001,180700.0,17.0,Cl,I,10.401535,3.5,12.357305,3.5,KP,1.0,8.0
75034,639.4694,1.9383439999999998,594400.0,17.0,Cl,I,10.431071000000001,2.5,12.369396,2.5,KP,1.0,6.0
75058,639.8658,1.937143,4382000.0,17.0,Cl,I,10.401535,3.5,12.338659,4.5,KP,1.0,10.0
75248,642.9246,1.927927,153300.0,17.0,Cl,I,10.431071000000001,2.5,12.358979,1.5,KP,1.0,4.0
75293,643.4833,1.926253,1794000.0,17.0,Cl,I,10.431071000000001,2.5,12.357305,3.5,KP,1.0,8.0
75431,645.5313,1.9201419999999998,449800.0,17.0,Cl,I,10.474843,1.5,12.394966,0.5,KP,1.0,2.0
75883,653.1434,1.897764,1291000.0,17.0,Cl,I,10.401535,3.5,12.29928,3.5,KP,1.0,8.0
75945,654.1194,1.894932,332300.0,17.0,Cl,I,10.500053,0.5,12.394966,0.5,KP,1.0,2.0
75950,654.244,1.8945720000000001,171500.0,17.0,Cl,I,10.474843,1.5,12.369396,2.5,KP,1.0,6.0
76006,655.1339,1.8919979999999998,1175000.0,17.0,Cl,I,10.306918,1.5,12.198897,0.5,KP,1.0,2.0
76123,656.7449,1.887357,261200.0,17.0,Cl,I,10.431071000000001,2.5,12.318408999999999,1.5,KP,1.0,4.0
76346,660.4566,1.87675,299300.0,17.0,Cl,I,10.431071000000001,2.5,12.307802,2.5,KP,1.0,6.0
76380,660.927,1.875415,710400.0,17.0,Cl,I,10.280632,2.5,12.156028,1.5,KP,1.0,4.0
76402,661.289,1.8743880000000002,653100.0,17.0,Cl,I,10.495027,2.5,12.369396,2.5,KP,1.0,6.0
76650,664.9848,1.8639709999999998,94670.0,17.0,Cl,I,10.495027,2.5,12.358979,1.5,KP,1.0,4.0
76677,665.3377,1.862982,255100.0,17.0,Cl,I,10.335934,0.5,12.198897,0.5,KP,1.0,2.0
76694,665.5824,1.862297,2261000.0,17.0,Cl,I,10.495027,2.5,12.357305,3.5,KP,1.0,8.0
76779,666.7827,1.858945,201300.0,17.0,Cl,I,10.500053,0.5,12.358979,1.5,KP,1.0,4.0
76846,667.8433,1.855993,681600.0,17.0,Cl,I,10.306918,1.5,12.162892,0.5,KP,1.0,2.0
76962,669.8816,1.8503450000000001,37140.0,17.0,Cl,I,10.280632,2.5,12.130958999999999,1.5,KP,1.0,4.0
76981,670.3223,1.849129,346100.0,17.0,Cl,I,10.306918,1.5,12.156028,1.5,KP,1.0,4.0
77058,671.4598,1.845996,324900.0,17.0,Cl,I,10.280632,2.5,12.126610000000001,2.5,KP,1.0,6.0
77111,672.3382,1.8435840000000001,486000.0,17.0,Cl,I,10.474843,1.5,12.318408999999999,1.5,KP,1.0,4.0
77372,676.2289,1.832977,1720000.0,17.0,Cl,I,10.474843,1.5,12.307802,2.5,KP,1.0,6.0
77389,676.5211,1.832186,82260.0,17.0,Cl,I,10.537228,1.5,12.369396,2.5,KP,1.0,6.0
77522,678.45,1.826977,114800.0,17.0,Cl,I,10.335934,0.5,12.162892,0.5,KP,1.0,2.0
77554,678.8,1.826034,137800.0,17.0,Cl,I,10.56895,0.5,12.394966,0.5,KP,1.0,2.0
77624,679.7806,1.8234009999999998,46460.0,17.0,Cl,I,10.495027,2.5,12.318408999999999,1.5,KP,1.0,4.0
77664,680.3896,1.821769,45320.0,17.0,Cl,I,10.537228,1.5,12.358979,1.5,KP,1.0,4.0
77698,681.0085,1.820113,967200.0,17.0,Cl,I,10.335934,0.5,12.156028,1.5,KP,1.0,4.0
77703,681.1591,1.81971,117300.0,17.0,Cl,I,10.306918,1.5,12.126610000000001,2.5,KP,1.0,6.0
77923,684.2159,1.811581,2067000.0,17.0,Cl,I,10.280632,2.5,12.092195,2.5,KP,1.0,6.0
78089,686.5402,1.805448,194300.0,17.0,Cl,I,10.280632,2.5,12.086062,1.5,KP,1.0,4.0
78113,686.9879,1.804271,88490.0,17.0,Cl,I,10.495027,2.5,12.29928,3.5,KP,1.0,8.0
78124,687.2875,1.8034849999999998,106800.0,17.0,Cl,I,10.537228,1.5,12.340695,0.5,KP,1.0,2.0
78358,691.0387,1.793695,1081000.0,17.0,Cl,I,10.56895,0.5,12.362627,0.5,KP,1.0,2.0
78436,692.4469,1.7900470000000002,662300.0,17.0,Cl,I,10.56895,0.5,12.358979,1.5,KP,1.0,4.0
78446,692.5617,1.78975,538200.0,17.0,Cl,I,10.280632,2.5,12.070364999999999,1.5,KP,1.0,4.0
78487,693.2903,1.787869,472000.0,17.0,Cl,I,10.280632,2.5,12.068484,2.5,KP,1.0,6.0
78539,694.2901,1.785295,1210000.0,17.0,Cl,I,10.306918,1.5,12.092195,2.5,KP,1.0,6.0
78625,695.8868,1.781198,40430.0,17.0,Cl,I,10.537228,1.5,12.318408999999999,1.5,KP,1.0,4.0
78660,696.6834,1.779162,106100.0,17.0,Cl,I,10.306918,1.5,12.086062,1.5,KP,1.0,4.0
78685,697.1132,1.7780650000000002,543500.0,17.0,Cl,I,10.280632,2.5,12.05868,1.5,KP,1.0,4.0
78731,697.962,1.775902,1473000.0,17.0,Cl,I,10.593511,1.5,12.369396,2.5,KP,1.0,6.0
78749,698.1885,1.7753259999999997,2079000.0,17.0,Cl,I,10.280632,2.5,12.055941,2.5,KP,1.0,6.0
78837,699.5928,1.7717630000000002,105500.0,17.0,Cl,I,10.56895,0.5,12.340695,0.5,KP,1.0,2.0
78867,700.0556,1.7705919999999997,1430000.0,17.0,Cl,I,10.537228,1.5,12.307802,2.5,KP,1.0,6.0
78900,700.6327,1.769133,258200.0,17.0,Cl,I,10.593511,1.5,12.362627,0.5,KP,1.0,2.0
78910,700.8043,1.7687,330800.0,17.0,Cl,I,10.280632,2.5,12.049315,3.5,KP,1.0,8.0
78937,701.3931,1.7672150000000002,192200.0,17.0,Cl,I,10.629796,1.5,12.396994,2.5,KP,1.0,6.0
78982,702.0804,1.7654849999999997,739700.0,17.0,Cl,I,10.593511,1.5,12.358979,1.5,KP,1.0,4.0
78987,702.1989,1.7651869999999998,107100.0,17.0,Cl,I,10.629796,1.5,12.394966,0.5,KP,1.0,2.0
79067,703.6354,1.761584,1026000.0,17.0,Cl,I,10.306918,1.5,12.068484,2.5,KP,1.0,6.0
79172,705.8417,1.756077,452300.0,17.0,Cl,I,10.56895,0.5,12.32501,0.5,KP,1.0,2.0
79272,707.5735,1.7517790000000002,1356000.0,17.0,Cl,I,10.306918,1.5,12.05868,1.5,KP,1.0,4.0
79305,708.2339,1.750146,246300.0,17.0,Cl,I,10.335934,0.5,12.086062,1.5,KP,1.0,4.0
79324,708.5048,1.749477,647400.0,17.0,Cl,I,10.56895,0.5,12.318408999999999,1.5,KP,1.0,4.0
79336,708.6814,1.749041,901200.0,17.0,Cl,I,10.306918,1.5,12.055941,2.5,KP,1.0,6.0
79375,709.4274,1.7472009999999998,693500.0,17.0,Cl,I,10.593511,1.5,12.340695,0.5,KP,1.0,2.0
79404,709.77,1.746358,208700.0,17.0,Cl,I,10.280632,2.5,12.026973,1.5,KP,1.0,4.0
79490,711.3346,1.7425169999999999,140800.0,17.0,Cl,I,10.652466,0.5,12.394966,0.5,KP,1.0,2.0
79564,712.7325,1.7391,239800.0,17.0,Cl,I,10.280632,2.5,12.019714,2.5,KP,1.0,6.0
79589,713.1504,1.7380799999999998,1572000.0,17.0,Cl,I,10.306918,1.5,12.044981,0.5,KP,1.0,2.0
79681,714.6437,1.734448,1270000.0,17.0,Cl,I,10.335934,0.5,12.070364999999999,1.5,KP,1.0,4.0
79722,715.304,1.732848,471900.0,17.0,Cl,I,10.629796,1.5,12.362627,0.5,KP,1.0,2.0
79755,715.8541,1.731516,283900.0,17.0,Cl,I,10.593511,1.5,12.32501,0.5,KP,1.0,2.0
79816,716.813,1.7292,240400.0,17.0,Cl,I,10.629796,1.5,12.358979,1.5,KP,1.0,4.0
79902,718.5688,1.7249740000000002,1857000.0,17.0,Cl,I,10.431071000000001,2.5,12.156028,1.5,KP,1.0,4.0
79903,718.5934,1.7249150000000002,499900.0,17.0,Cl,I,10.593511,1.5,12.318408999999999,1.5,KP,1.0,4.0
79925,718.9453,1.724071,1317000.0,17.0,Cl,I,10.474843,1.5,12.198897,0.5,KP,1.0,2.0
79966,719.491,1.722763,143800.0,17.0,Cl,I,10.335934,0.5,12.05868,1.5,KP,1.0,4.0
80020,720.6166,1.720072,1249000.0,17.0,Cl,I,10.306918,1.5,12.026973,1.5,KP,1.0,4.0
80163,723.0396,1.7143080000000002,57200.0,17.0,Cl,I,10.593511,1.5,12.307802,2.5,KP,1.0,6.0
80188,723.6705,1.7128139999999998,670900.0,17.0,Cl,I,10.306918,1.5,12.019714,2.5,KP,1.0,6.0
80242,724.4758,1.71091,493000.0,17.0,Cl,I,10.306918,1.5,12.017811,0.5,KP,1.0,2.0
80257,724.7862,1.710177,592200.0,17.0,Cl,I,10.652466,0.5,12.362627,0.5,KP,1.0,2.0
80284,725.2581,1.709064,2301000.0,17.0,Cl,I,10.335934,0.5,12.044981,0.5,KP,1.0,2.0
80299,725.6618,1.708114,20430000.0,17.0,Cl,I,8.9217,2.5,10.629796,1.5,KP,1.0,4.0
80531,729.6139,1.698861,1113000.0,17.0,Cl,I,10.500053,0.5,12.198897,0.5,KP,1.0,2.0
80607,731.0362,1.695556,177000.0,17.0,Cl,I,10.431071000000001,2.5,12.126610000000001,2.5,KP,1.0,6.0
80621,731.1768,1.69523,901200.0,17.0,Cl,I,10.629796,1.5,12.32501,0.5,KP,1.0,2.0
80729,732.9814,1.691057,591100.0,17.0,Cl,I,10.335934,0.5,12.026973,1.5,KP,1.0,4.0
80746,733.1459,1.690677,254300.0,17.0,Cl,I,10.401535,3.5,12.092195,2.5,KP,1.0,6.0
80793,734.2018,1.688246,79660.0,17.0,Cl,I,10.652466,0.5,12.340695,0.5,KP,1.0,2.0
80799,734.2801,1.688066,935700.0,17.0,Cl,I,10.474843,1.5,12.162892,0.5,KP,1.0,2.0
80928,736.9745,1.6818939999999998,928900.0,17.0,Cl,I,10.335934,0.5,12.017811,0.5,KP,1.0,2.0
80943,737.2779,1.681202,670800.0,17.0,Cl,I,10.474843,1.5,12.156028,1.5,KP,1.0,4.0
81123,741.0874,1.6725599999999998,318500.0,17.0,Cl,I,10.652466,0.5,12.32501,0.5,KP,1.0,2.0
81139,741.4118,1.6718279999999999,526900.0,17.0,Cl,I,8.9217,2.5,10.593511,1.5,KP,1.0,4.0
81244,743.5744,1.666966,24160.0,17.0,Cl,I,10.401535,3.5,12.068484,2.5,KP,1.0,6.0
81262,744.0236,1.665959,30810.0,17.0,Cl,I,10.652466,0.5,12.318408999999999,1.5,KP,1.0,4.0
81286,744.4316,1.6650459999999998,245000.0,17.0,Cl,I,8.987437,1.5,10.652466,0.5,KP,1.0,2.0
81345,745.4122,1.6628560000000001,867100.0,17.0,Cl,I,10.500053,0.5,12.162892,0.5,KP,1.0,2.0
81363,745.9374,1.6616849999999999,1576000.0,17.0,Cl,I,10.537228,1.5,12.198897,0.5,KP,1.0,2.0
81374,746.1819,1.661141,186200.0,17.0,Cl,I,10.431071000000001,2.5,12.092195,2.5,KP,1.0,6.0
81377,746.2369,1.661018,1062000.0,17.0,Cl,I,10.495027,2.5,12.156028,1.5,KP,1.0,4.0
81490,748.4384,1.656132,333800.0,17.0,Cl,I,10.474843,1.5,12.130958999999999,1.5,KP,1.0,4.0
81495,748.5018,1.655992,76460.0,17.0,Cl,I,10.500053,0.5,12.156028,1.5,KP,1.0,4.0
81520,748.9471,1.655007,897300.0,17.0,Cl,I,10.431071000000001,2.5,12.086062,1.5,KP,1.0,4.0
81535,749.2118,1.654423,2796000.0,17.0,Cl,I,10.401535,3.5,12.055941,2.5,KP,1.0,6.0
81580,750.409,1.6517830000000002,206600.0,17.0,Cl,I,10.474843,1.5,12.126610000000001,2.5,KP,1.0,6.0
81671,752.2247,1.6477959999999998,52250.0,17.0,Cl,I,10.401535,3.5,12.049315,3.5,KP,1.0,8.0
81798,754.7073,1.6423759999999998,15360000.0,17.0,Cl,I,8.987437,1.5,10.629796,1.5,KP,1.0,4.0
81921,756.9873,1.637429,64200.0,17.0,Cl,I,10.431071000000001,2.5,12.068484,2.5,KP,1.0,6.0
81955,757.6724,1.6359489999999999,47080.0,17.0,Cl,I,10.495027,2.5,12.130958999999999,1.5,KP,1.0,4.0
82049,759.692,1.6316,284700.0,17.0,Cl,I,10.495027,2.5,12.126610000000001,2.5,KP,1.0,6.0
82065,760.0074,1.630923,1048000.0,17.0,Cl,I,10.500053,0.5,12.130958999999999,1.5,KP,1.0,4.0
82097,760.4546,1.6299629999999998,447400.0,17.0,Cl,I,10.56895,0.5,12.198897,0.5,KP,1.0,2.0
82159,761.5472,1.627625,122600.0,17.0,Cl,I,10.431071000000001,2.5,12.05868,1.5,KP,1.0,4.0
82226,762.4584,1.62568,2503000.0,17.0,Cl,I,10.537228,1.5,12.162892,0.5,KP,1.0,2.0
82251,762.8307,1.624886,389800.0,17.0,Cl,I,10.431071000000001,2.5,12.055941,2.5,KP,1.0,6.0
82409,765.9544,1.61826,2251000.0,17.0,Cl,I,10.431071000000001,2.5,12.049315,3.5,KP,1.0,8.0
82411,765.9847,1.618196,53370.0,17.0,Cl,I,10.401535,3.5,12.019714,2.5,KP,1.0,6.0
82438,766.3768,1.6173680000000001,267200.0,17.0,Cl,I,10.474843,1.5,12.092195,2.5,KP,1.0,6.0
82482,767.2416,1.615545,72770.0,17.0,Cl,I,8.9217,2.5,10.537228,1.5,KP,1.0,4.0
82594,769.294,1.611235,397800.0,17.0,Cl,I,10.474843,1.5,12.086062,1.5,KP,1.0,4.0
82648,770.2829,1.609166,37030.0,17.0,Cl,I,10.280632,2.5,11.889783,1.5,KP,1.0,4.0
82721,771.7581,1.60609,122100.0,17.0,Cl,I,8.987437,1.5,10.593511,1.5,KP,1.0,4.0
82884,774.497,1.600411,8991000.0,17.0,Cl,I,9.029402000000001,0.5,10.629796,1.5,KP,1.0,4.0
82977,776.0616,1.597184,496500.0,17.0,Cl,I,10.495027,2.5,12.092195,2.5,KP,1.0,6.0
83006,776.6772,1.595918,235200.0,17.0,Cl,I,10.431071000000001,2.5,12.026973,1.5,KP,1.0,4.0
83008,776.8626,1.595537,120500.0,17.0,Cl,I,10.474843,1.5,12.070364999999999,1.5,KP,1.0,4.0
83018,777.1094,1.5950309999999999,1828000.0,17.0,Cl,I,10.306918,1.5,11.901933,0.5,KP,1.0,2.0
83038,777.6323,1.593958,364200.0,17.0,Cl,I,10.56895,0.5,12.162892,0.5,KP,1.0,2.0
83042,777.7356,1.5937459999999999,38920.0,17.0,Cl,I,10.537228,1.5,12.130958999999999,1.5,KP,1.0,4.0
83044,777.7795,1.5936569999999999,265500.0,17.0,Cl,I,10.474843,1.5,12.068484,2.5,KP,1.0,6.0
83090,778.7757,1.591618,140600.0,17.0,Cl,I,10.401535,3.5,11.993136999999999,3.5,KP,1.0,8.0
83103,779.0531,1.591051,1856000.0,17.0,Cl,I,10.495027,2.5,12.086062,1.5,KP,1.0,4.0
83137,779.8636,1.5893979999999999,2641000.0,17.0,Cl,I,10.537228,1.5,12.126610000000001,2.5,KP,1.0,6.0
83159,780.226,1.588659,448000.0,17.0,Cl,I,10.431071000000001,2.5,12.019714,2.5,KP,1.0,6.0
83192,780.9954,1.587094,150200.0,17.0,Cl,I,10.56895,0.5,12.156028,1.5,KP,1.0,4.0
83225,781.5219,1.586025,51990.0,17.0,Cl,I,10.500053,0.5,12.086062,1.5,KP,1.0,4.0
83254,782.1361,1.5847799999999999,4511000.0,17.0,Cl,I,10.280632,2.5,11.865396,3.5,KP,1.0,8.0
83342,783.9496,1.581114,20760.0,17.0,Cl,I,10.474843,1.5,12.055941,2.5,KP,1.0,6.0
83517,787.8217,1.573343,121000.0,17.0,Cl,I,8.9217,2.5,10.495027,2.5,KP,1.0,6.0
83586,789.3342,1.5703280000000002,140400.0,17.0,Cl,I,10.500053,0.5,12.070364999999999,1.5,KP,1.0,4.0
83588,789.4219,1.5701530000000001,396500.0,17.0,Cl,I,10.474843,1.5,12.044981,0.5,KP,1.0,2.0
83604,789.931,1.569141,28880.0,17.0,Cl,I,10.306918,1.5,11.876044,2.5,KP,1.0,6.0
83605,789.9437,1.569116,599300.0,17.0,Cl,I,10.629796,1.5,12.198897,0.5,KP,1.0,2.0
83670,791.5082,1.566015,422600.0,17.0,Cl,I,10.335934,0.5,11.901933,0.5,KP,1.0,2.0
83721,792.4645,1.564125,878800.0,17.0,Cl,I,9.029402000000001,0.5,10.593511,1.5,KP,1.0,4.0
83730,792.6958,1.563669,139200.0,17.0,Cl,I,10.495027,2.5,12.05868,1.5,KP,1.0,4.0
83764,793.272,1.562533,429500.0,17.0,Cl,I,10.593511,1.5,12.156028,1.5,KP,1.0,4.0
83768,793.3894,1.562301,6381000.0,17.0,Cl,I,10.401535,3.5,11.963821000000001,4.5,KP,1.0,10.0
83773,793.5012,1.562081,1666000.0,17.0,Cl,I,10.431071000000001,2.5,11.993136999999999,3.5,KP,1.0,8.0
83775,793.53,1.562025,27080.0,17.0,Cl,I,10.56895,0.5,12.130958999999999,1.5,KP,1.0,4.0
83850,795.2519,1.558643,251700.0,17.0,Cl,I,10.500053,0.5,12.05868,1.5,KP,1.0,4.0
83947,797.124,1.5549819999999999,43920.0,17.0,Cl,I,10.537228,1.5,12.092195,2.5,KP,1.0,6.0
83964,797.472,1.554303,2277000.0,17.0,Cl,I,10.495027,2.5,12.049315,3.5,KP,1.0,8.0
83974,797.6972,1.553865,228100.0,17.0,Cl,I,10.335934,0.5,11.889783,1.5,KP,1.0,4.0
83988,798.0597,1.553159,672600.0,17.0,Cl,I,8.9217,2.5,10.474843,1.5,KP,1.0,4.0
84011,798.5807,1.552145,423800.0,17.0,Cl,I,10.474843,1.5,12.026973,1.5,KP,1.0,4.0
84072,799.7857,1.549807,164400.0,17.0,Cl,I,8.987437,1.5,10.537228,1.5,KP,1.0,4.0
