g,LeveleV
1,0.00000000,
5,11.54835442,
3,11.62359272,
1,11.72316039,
3,11.82807116,
3,12.90701530,
7,13.07571571,
5,13.09487256,
3,13.15314387,
5,13.17177770,
1,13.27303810,
3,13.28263902,
5,13.30222747,
3,13.32785705,
1,13.47988682,
1,13.8450385,
3,13.8636686,
5,13.9034546,
9,13.9792373,
7,14.0127381,
5,14.0630272,
5,14.0682977,
3,14.0899685,
7,14.0990559,
3,14.1525151,
5,14.2136715,
5,14.2340226,
7,14.2361061,
1,14.2410277,
3,14.2550856,
3,14.3036684,
3,14.46399577,
7,14.49905364,
5,14.50606764,
3,14.52491330,
5,14.52891349,
1,14.57594878,
3,14.68065033,
3,14.68711824,
5,14.68829030,
1,14.6936397,
3,14.71089810,
1,14.73811536,
5,14.74254085,
9,14.7570516,
7,14.780512,
5,14.809272,
7,14.824298,
5,14.83881100,
3,14.84836899,
3,14.859230,
3,14.9014416,
5,14.9014911,
11,14.9037852,
9,14.9037902,
7,14.9065892,
5,14.9066280,
7,14.9090845,
9,14.9090892,
5,14.95260474,
5,14.95485204,
7,14.97152236,
3,15.00356588,
3,15.0106102,
1,15.0140655,
3,15.02208834,
7,15.0225909,
5,15.0258688,
3,15.0339719,
5,15.0356402,
1,15.0603901,
7,15.0830792,
9,15.0830844,
7,15.0832027,
5,15.0832456,
1,15.10054371,
3,15.11774638,
9,15.13054437,
5,15.13684847,
7,15.14592830,
5,15.1610486,
7,15.1669463,
5,15.18063359,
3,15.18550800,
3,15.1898239,
3,15.2006146,
3,15.2016576,
5,15.2048089,
3,15.2111334,
5,15.2111762,
11,15.2123201,
9,15.2123276,
7,15.2138409,
5,15.2138686,
5,15.214033,
7,15.214033,
11,15.214453,
13,15.214453,
7,15.2150709,
9,15.2150746,
7,15.215275,
9,15.215275,
9,15.215712,
11,15.215712,
1,15.2240875,
3,15.2713718,
7,15.2755699,
5,15.277418,
3,15.281661,
5,15.2824814,
5,15.29629325,
1,15.2977958,
3,15.30807770,
5,15.31272913,
1,15.3131553,
7,15.31916801,
9,15.3310400,
7,15.34600299,
5,15.3502992,
3,15.351173,
5,15.3525603,
7,15.3532632,
1,15.3582946,
3,15.3594356,
5,15.3620414,
3,15.3660895,
3,15.373670,
3,15.3791364,
5,15.379156,
11,15.3798185,
9,15.3798220,
7,15.3804103,
5,15.3804419,
5,15.380867,
7,15.380867,
11,15.381105,
13,15.381105,
7,15.3812605,
9,15.3812616,
7,15.381548,
9,15.381548,
9,15.38180,
11,15.38180,
7,15.3908614,
9,15.3908650,
7,15.3910530,
5,15.3910805,
9,15.392423,
11,15.392423,
7,15.392452,
9,15.392452,
3,15.412684,
7,15.417314,
5,15.418289,
3,15.420697,
5,15.421298,
1,15.428512,
1,15.4393425,
3,15.4428362,
5,15.4489134,
9,15.4496531,
3,15.453818,
7,15.4545665,
3,15.454748,
5,15.455677,
5,15.4598316,
7,15.4626994,
1,15.4670046,
5,15.469706,
3,15.471072,
3,15.471767,
3,15.4803122,
5,15.480336,
11,15.4807417,
9,15.4807433,
7,15.4812841,
5,15.481298,
11,15.481568,
13,15.481568,
7,15.481715,
9,15.481715,
7,15.481736,
9,15.481743,
13,15.481779,
15,15.481779,
3,15.502923,
7,15.504736,
5,15.505434,
5,15.5062613,
3,15.507030,
5,15.507341,
5,15.5120816,
1,15.513213,
3,15.5148657,
7,15.5166146,
1,15.518227,
9,15.5252750,
7,15.531429,
5,15.533100,
3,15.533517,
5,15.534133,
7,15.534435,
5,15.538932,
3,15.539168,
1,15.539521,
3,15.541820,
3,15.54592,
5,15.545925,
9,15.5461,
11,15.546201,
7,15.546505,
5,15.546515,
9,15.546836,
7,15.546837,
7,15.5578647,
9,15.557869,
7,15.5579271,
5,15.5579541,
9,15.558869,
11,15.558869,
7,15.558880,
9,15.558880,
3,15.560694,
7,15.56247,
5,15.56289,
3,15.56393,
5,15.564211,
1,15.56768,
1,15.571807,
3,15.574036,
9,15.576338,
5,15.577111,
7,15.578861,
5,15.581278,
7,15.582381,
5,15.585975,
3,15.586724,
3,15.587059,
3,15.58939,
3,15.590858,
5,15.590858,
9,15.591055,
11,15.591055,
5,15.59134,
7,15.59134,
7,15.591527,
9,15.591527,
3,15.594400,
3,15.595192,
5,15.596214,
1,15.601121,
3,15.60270,
5,15.60298,
3,15.60382,
5,15.603879,
1,15.60822,
1,15.609082,
3,15.609435,
5,15.610410,
9,15.612397,
7,15.613644,
5,15.615273,
7,15.616707,
5,15.619450,
3,15.61945,
3,15.620065,
3,15.62305,
5,15.62305,
5,15.62329,
7,15.62329,
5,15.628593,
5,15.629999,
3,15.631010,
5,15.63185,
5,15.63256,
7,15.633111,
3,15.634328,
1,15.634608,
1,15.636218,
9,15.638792,
7,15.641168,
5,15.641868,
3,15.64208,
5,15.642147,
7,15.642246,
5,15.644102,
3,15.64447,
1,15.647151,
3,15.64731,
3,15.64823,
5,15.64823,
5,15.64823,
7,15.64823,
3,15.648234,
5,15.65341,
5,15.65392,
1,15.65550,
1,15.656894,
3,15.658293,
7,15.658563,
9,15.658565,
7,15.658581,
5,15.6586,
9,15.658675,
11,15.659364,
13,15.659364,
9,15.659394,
11,15.659394,
5,15.659522,
7,15.659853,
5,15.660823,
7,15.661188,
5,15.662768,
3,15.66317,
3,15.66344,
3,15.66482,
5,15.66482,
5,15.66490,
7,15.66490,
5,15.66995,
5,15.67036,
3,15.673207,
9,15.674054,
5,15.674169,
7,15.674828,
5,15.675583,
7,15.675992,
3,15.67754,
3,15.67754,
3,15.67889,
5,15.67889,
5,15.67895,
7,15.67895,
5,15.68311,
5,15.68358,
1,15.684998,
3,15.685198,
5,15.685820,
9,15.686152,
7,15.686933,
1,15.687000,
7,15.68773,
3,15.68884,
3,15.68891,
5,15.69003,
5,15.69008,
5,15.69329,
3,15.69495,
3,15.69792,
3,15.69812,
5,15.69905,
5,15.69905,
5,15.70166,
3,15.70278,
3,15.70533,
3,15.70562,
5,15.70638,
5,15.70638,
3,15.70897,
3,15.71130,
3,15.71184,
5,15.71255,
5,15.71255,
3,15.71347,
3,15.71605,
3,15.71682,
3,15.71727,
3,15.71754,
3,15.72035,
3,15.72148,
3,15.72159,
3,15.72415,
3,15.72526,
3,15.72526,
3,15.72747,
3,15.72845,
3,15.73035,
3,15.73121,
3,15.73285,
3,15.73364,
3,15.73507,
3,15.73576,
3,15.73703,
3,15.73765,
3,15.73876,
3,15.73931,
3,15.74028,
3,15.74080,
3,15.74165,
3,15.74212,
3,15.74289,
3,15.74333,
3,15.74401,
3,15.74438,
3,15.74503,
3,15.74535,
3,15.74596,
3,15.74624,
3,15.74680,
3,15.74703,
3,15.74757,
3,15.74778,
3,15.74844,
3,15.74906,
3,15.74963,
3,15.75015,
3,15.75062,
3,15.75108,
3,15.75147,
3,15.75191,
3,15.75223,
3,15.75254,
3,15.75287,
3,15.75315,
3,15.75342,
3,15.75368,
3,15.75392,
3,15.75414,
3,15.75435,
3,15.75457,
3,15.75475,
3,15.75492,
3,15.75509,
3,15.75528,
3,15.75544,
3,15.75558,
,15.7596119,
3,15.7622,
3,15.76392,
3,15.7961,
3,15.79729,
3,15.8210,
3,15.82185,
3,15.8397,
3,15.84047,
3,15.8544,
3,15.85491,
3,15.8659,
3,15.86638,
3,15.8752,
3,15.87556,
3,15.8827,
3,15.88307,
3,15.8891,
3,15.88929,
3,15.8943,
3,15.89451,
3,15.8987,
3,15.89892,
3,15.9025,
3,15.90265,
3,15.9058,
3,15.90588,
3,15.90867,
3,15.91112,
3,15.91325,
3,15.91512,
3,15.91679,
3,15.91828,
3,15.91962,
3,15.92081,
3,15.92189,
3,15.92286,
3,15.92375,
3,15.92457,
3,15.92529,
3,15.92596,
3,15.92658,
3,15.92713,
3,15.92768,
3,15.92816,
3,15.92858,
3,15.92902,
3,15.92942,
3,15.92974,
3,15.93008,
3,15.93042,
3,15.93068,
3,15.93095,
3,15.93121,
3,15.93141,
3,15.93168,
3,26.615761,
3,27.996757,
3,28.510223,
3,28.759429,
3,28.899735,
3,28.986014,
3,29.043525,
3,29.083040,
3,29.111858,
3,29.133199,
3,29.150118,
3,29.162940,
3,29.173233,
3,29.181678,
3,29.188618,
3,29.194253,
3,29.198998,
3,29.203124,
3,29.206563,
3,29.209591,
3,29.212206,
3,29.214547,

#ignore,test#1.0
