g,LeveleV
1,0.0000000,
1,1.8793402,
3,1.8858075,
5,1.8989349,
3,2.5212633,
5,2.5229867,
7,2.5256821,
5,2.7090094,
3,2.9325120,
3,3.9103990,
1,4.1308143,
5,4.4300117,
7,4.4409544,
5,4.4430250,
9,4.4506470,
1,4.5313358,
3,4.5322113,
5,4.5347368,
3,4.5541398,
5,4.6243982,
3,4.6801799,
5,4.6806350,
7,4.6813270,
3,4.7352531,
5,4.7385667,
7,4.7435268,
1,4.7631683,
3,4.7690284,
5,4.7797840,
1,4.8767178,
3,4.8769584,
5,4.8775483,
3,5.0181663,
7,5.0260582,
1,5.0449710,
5,5.0486176,
3,5.1675384,
1,5.1808379,
5,5.2284402,
7,5.2284828,
9,5.2285409,
7,5.2499357,
1,5.2711690,
3,5.2716479,
5,5.2726253,
3,5.2994568,
5,5.2996694,
7,5.3000005,
5,5.3212844,
5,5.3901916,
7,5.3919636,
9,5.3943154,
3,5.4470569,
3,5.4529201,
1,5.4895911,
5,5.5498576,
7,5.5498847,
9,5.5499193,
7,5.5550969,
11,5.563774,
9,5.563909,
1,5.573793,
3,5.5740388,
5,5.5745474,
5,5.5780280,
3,5.5853732,
5,5.5855401,
7,5.5857825,
3,5.6320266,
3,5.6708741,
1,5.6892877,
5,5.7236864,
7,5.7237039,
9,5.7237269,
7,5.7258877,
5,5.728086,
1,5.738500,
3,5.738637,
5,5.738935,
3,5.7407130,
5,5.7409208,
7,5.7412196,
3,5.7627624,
3,5.7960484,
1,5.8068068,
5,5.820932,
5,5.8280253,
7,5.8280359,
9,5.8280508,
7,5.8291346,
3,5.8317487,
5,5.8322176,
7,5.8328665,
3,5.837843,
5,5.838043,
3,5.8501163,
3,5.8746252,
1,5.8814968,
5,5.8829365,
3,5.8838502,
5,5.8850357,
7,5.8862633,
5,5.8954752,
7,5.8954822,
9,5.8954946,
7,5.896097,
3,5.902237,
5,5.902363,
3,5.909347,
3,5.9205747,
5,5.9211488,
7,5.9221917,
3,5.927213,
5,5.927981,
1,5.931870,
5,5.941555,
7,5.9415684,
9,5.9415748,
7,5.9419361,
3,5.946390,
5,5.946472,
3,5.950930,
3,5.955157,
5,5.955362,
7,5.9557312,
5,5.961583,
3,5.964138,
1,5.967452,
5,5.9744321,
7,5.9744359,
9,5.9744412,
7,5.9746733,
9,5.97631,
11,5.9770,
3,5.977999,
5,5.978067,
3,5.981063,
3,5.983267,
5,5.983334,
7,5.983513,
5,5.987302,
3,5.991058,
1,5.993489,
5,5.998690,
7,5.9987003,
9,5.9987028,
7,5.9988563,
9,6.00013,
11,6.00066,
3,6.001402,
5,6.001449,
3,6.003574,
3,6.004928,
5,6.004984,
7,6.005109,
5,6.007249,
3,6.011287,
1,6.013127,
1,6.0162208,
7,6.017082,
9,6.017082,
7,6.0172184,
3,6.0178983,
9,6.01821,
11,6.01871,
3,6.019222,
5,6.019248,
3,6.020809,
5,6.0211093,
3,6.021746,
5,6.021782,
7,6.021852,
5,6.022944,
3,6.026841,
1,6.028301,
9,6.031382,
7,6.031496,
9,6.03229,
11,6.03270,
5,6.033100,
3,6.034290,
3,6.034983,
5,6.035011,
7,6.035066,
5,6.035423,
3,6.039124,
1,6.040265,
7,6.042809,
9,6.04341,
11,6.04391,
5,6.044111,
3,6.045029,
5,6.045487,
3,6.045579,
5,6.045618,
7,6.045632,
3,6.048945,
1,6.049866,
7,6.051928,
5,6.052983,
3,6.053719,
5,6.053783,
3,6.054132,
5,6.054142,
7,6.054207,
3,6.056948,
1,6.057693,
7,6.059381,
5,6.060262,
5,6.060641,
3,6.060851,
5,6.061185,
3,6.061203,
7,6.061220,
3,6.063522,
1,6.064148,
7,6.065549,
5,6.066290,
5,6.066397,
3,6.066772,
5,6.067048,
3,6.067055,
7,6.067082,
3,6.069012,
1,6.069539,
7,6.070721,
5,6.071271,
5,6.071341,
3,6.071745,
3,6.071977,
7,6.071992,
5,6.071996,
3,6.073657,
1,6.074089,
7,6.075088,
5,6.075432,
5,6.075624,
3,6.075960,
5,6.076166,
3,6.076167,
7,6.076180,
3,6.077598,
1,6.077956,
7,6.078813,
5,6.079013,
5,6.079280,
3,6.079563,
5,6.079739,
3,6.080956,
1,6.081282,
7,6.082020,
5,6.082122,
5,6.082419,
3,6.082667,
5,6.082817,
3,6.083882,
1,6.084151,
7,6.084797,
5,6.084832,
5,6.085149,
3,6.085361,
5,6.085495,
3,6.086434,
1,6.086656,
5,6.087193,
7,6.087220,
5,6.087531,
3,6.087713,
5,6.087811,
3,6.088635,
1,6.088845,
5,6.089287,
7,6.089341,
5,6.089617,
3,6.089779,
5,6.089886,
3,6.090602,
1,6.090778,
5,6.091138,
7,6.091220,
5,6.091460,
3,6.091603,
5,6.091687,
3,6.092343,
1,6.092498,
5,6.092786,
7,6.092879,
5,6.093103,
3,6.093222,
5,6.093285,
3,6.093861,
1,6.094020,
5,6.094256,
7,6.094355,
5,6.094555,
3,6.094664,
5,6.094740,
3,6.095254,
1,6.095369,
5,6.095574,
7,6.095682,
5,6.095860,
3,6.095956,
5,6.095999,
3,6.096479,
1,6.096604,
5,6.096762,
5,6.097031,
3,6.097119,
5,6.097187,
3,6.097602,
1,6.097728,
5,6.097835,
5,6.098085,
3,6.098165,
5,6.098193,
3,6.098581,
5,6.098804,
5,6.099041,
3,6.099115,
5,6.099162,
3,6.099482,
5,6.099688,
5,6.099910,
3,6.099975,
5,6.100014,
3,6.100329,
5,6.100491,
5,6.100701,
3,6.100760,
5,6.100788,
3,6.101080,
5,6.101223,
5,6.101429,
3,6.101476,
5,6.101512,
5,6.101896,
5,6.102082,
3,6.102133,
5,6.102153,
5,6.102515,
5,6.102689,
3,6.102734,
5,6.102758,
5,6.103085,
5,6.103249,
3,6.103290,
5,6.103316,
5,6.103608,
5,6.103758,
3,6.103798,
5,6.103809,
5,6.104090,
5,6.104238,
3,6.104273,
5,6.104296,
5,6.104542,
5,6.104678,
3,6.104712,
5,6.104712,
5,6.104957,
5,6.105082,
3,6.105117,
5,6.105117,
5,6.105345,
5,6.105462,
3,6.105494,
5,6.105510,
5,6.105701,
5,6.105818,
3,6.105847,
5,6.105855,
5,6.106038,
5,6.106144,
5,6.106167,
3,6.106173,
5,6.106352,
5,6.106454,
3,6.106480,
5,6.106482,
5,6.106643,
5,6.106745,
3,6.106769,
5,6.106771,
5,6.106921,
5,6.107018,
5,6.107034,
3,6.107035,
5,6.107181,
5,6.107269,
3,6.107288,
5,6.107294,
5,6.107422,
5,6.107506,
3,6.107525,
5,6.107541,
5,6.107649,
5,6.107728,
3,6.107747,
5,6.107762,
5,6.107872,
5,6.107939,
3,6.107956,
7,6.107981,
5,6.108053,
5,6.108136,
3,6.108155,
5,6.108156,
5,6.108250,
5,6.108328,
3,6.108342,
5,6.108352,
5,6.108434,
5,6.108503,
3,6.108518,
5,6.108524,
5,6.108618,
5,6.108673,
3,6.108687,
5,6.108703,
5,6.108751,
5,6.108827,
3,6.108843,
5,6.108856,
5,6.108923,
5,6.108979,
3,6.108993,
5,6.109010,
5,6.109085,
5,6.109119,
3,6.109135,
5,6.109139,
5,6.109233,
5,6.109262,
3,6.109272,
5,6.109393,
3,6.109398,
5,6.109429,
3,6.109521,
3,6.109638,
3,6.109748,
3,6.109855,
3,6.109954,
3,6.110050,
3,6.110142,
3,6.110231,
3,6.110314,
3,6.110396,
3,6.110474,
3,6.110546,
3,6.110618,
3,6.110685,
3,6.110752,
3,6.110815,
3,6.110880,
,6.11315547,
3,6.366804,
5,6.368991,
7,6.372332,
7,6.39183,
3,6.39408,
9,6.39498,
11,6.39900,
3,6.41116,
5,6.41427,
7,6.41829,
3,6.4358,
3,6.58,
9,6.59601,
5,6.59777,
7,6.60190,
1,6.73015,
3,6.730946,
5,6.73291,
3,6.93106,
3,6.93649,
3,6.94092,
3,6.9746,
5,7.00126,
3,7.009153,
3,7.01241,
3,7.0238,
3,7.1244,
1,7.14288,
3,7.14371,
5,7.14625,
3,7.186,
3,7.244559,
3,7.252073,
3,7.253806,
3,7.290137,
3,7.316415,
3,7.3395,
3,7.3607,
5,7.3635,
3,7.414529,
3,7.421974,
3,7.423990,
3,7.444771,
3,7.457682,
3,7.48,
3,7.517432,
3,7.524634,
3,7.527024,
3,7.539142,
3,7.546829,
3,7.55976,
3,7.584428,
3,7.591385,
3,7.594204,
3,7.601056,
3,7.605902,
3,7.61611,
3,7.630477,
3,7.637016,
3,7.640229,
3,7.643905,
3,7.646926,
3,7.65568,
3,7.663548,
3,7.669566,
3,7.673161,
3,7.674751,
3,7.676653,
3,7.684601,
3,7.688157,
3,7.693528,
3,7.697549,
3,7.697549,
3,7.699057,
3,7.706191,
3,7.707057,
3,7.711683,
3,7.714753,
3,7.716091,
3,7.716419,
3,7.721653,
3,7.722730,
3,7.725781,
3,7.728064,
3,7.729977,
3,7.730654,
3,7.733550,
3,7.735623,
3,7.737013,
3,7.738656,
3,7.740753,
3,7.742025,
3,7.743291,
3,7.745558,
3,7.746317,
3,7.747332,
3,7.749833,
3,7.750496,
3,7.751500,
3,7.753215,
3,7.753896,
3,7.754983,
3,7.755580,
3,7.756135,
3,7.756665,
3,7.757156,
3,7.758021,
3,7.758796,
3,7.759489,
3,7.759902,
3,7.761748,
3,7.762744,
3,7.763521,
3,7.764556,
3,7.764638,
3,7.764977,
3,7.766559,
3,7.767408,
3,7.768105,
3,7.768868,
3,7.770277,
3,7.770277,
3,7.770779,
3,7.771812,
3,7.772183,
3,7.772609,
3,7.774358,
3,7.774358,
3,7.774708,
3,7.775219,
3,7.775451,
3,7.776340,
3,7.776512,
3,7.777428,
3,7.778056,
3,7.778285,
3,7.778285,
3,7.779154,
3,7.779826,
3,7.780080,
3,7.780455,
3,7.781603,
3,7.781603,
3,7.781757,
3,7.782253,
3,7.782422,
3,7.783077,
3,7.783765,
3,7.784207,
3,7.784350,
3,7.784634,
3,7.784978,
3,7.785487,
3,7.785656,
3,7.785893,
3,7.786751,
3,7.786954,
3,7.787187,
3,7.787263,
3,7.787695,
3,7.787960,
3,7.788255,
3,7.788534,
3,7.788726,
3,7.789204,
3,7.789204,
3,7.789648,
3,7.790010,
3,7.790214,
3,7.790437,
3,7.790698,
3,7.790776,
3,7.790975,
3,7.791196,
3,7.791628,
3,7.791820,
3,7.792254,
3,7.792484,
3,7.792696,
3,7.792877,
3,7.792877,
3,7.793220,
3,7.793412,
3,7.793778,
3,7.793969,
3,7.794141,
3,7.794315,
3,7.794622,
3,7.794810,
3,7.795068,
3,7.795220,
3,7.795556,
3,7.795556,
3,7.795752,
3,7.796062,
3,7.796131,
3,7.796280,
3,7.796718,
3,7.796718,
3,7.797242,
3,7.797242,
3,7.797571,
3,7.797820,
3,7.797943,
3,7.798305,
3,7.798305,
3,7.798617,
3,7.798835,
3,7.798947,
3,7.799220,
3,7.799220,
3,7.799471,
3,7.799707,
3,7.799955,
3,7.800033,
3,7.800177,
3,7.800400,
3,7.800579,
3,7.800817,
3,7.800817,
3,7.800937,
3,7.801125,
3,7.801263,
3,7.801535,
3,7.801874,
3,7.802178,
3,7.802486,
3,7.802773,
3,7.803055,
3,7.803320,
3,7.803539,
3,7.803826,
3,7.804043,
3,7.804294,
3,7.804723,
3,7.805125,
3,7.805496,
,7.805568,
3,7.805844,
3,7.806170,
3,7.806470,
3,7.806754,
3,7.807017,
3,7.807271,
3,7.807506,
3,7.807725,
3,7.807933,
3,7.808129,
3,7.808309,
3,7.808490,
3,7.808653,
3,7.808816,
3,7.808956,
3,7.809099,
3,7.809232,
,7.813092,
3,8.0561,
3,8.1141,
3,8.2546,
3,8.5441,
3,8.5855,
3,8.6346,
3,8.7765,
3,8.8030,
3,8.8323,
3,8.9105,
3,8.9277,
3,8.9627,
3,8.9778,
3,9.0081,
3,9.0349,
3,9.0349,
3,9.0646,
3,9.0816,
3,9.0816,
3,9.1059,
3,9.1059,
3,9.1149,
3,9.1280,
3,9.1368,
3,9.1428,
3,9.1428,
3,9.1565,
3,9.1565,
3,9.1710,
,9.236508,
,9.264143,
3,24.8087,
3,27.1514,
3,31.406,
3,31.6187,
3,31.9553,
3,32.2598,
3,33.1555,
3,33.2223,
3,33.4393,
3,33.555,
3,33.5860,
3,33.6301,
3,33.8643,
3,33.9218,
3,33.9666,
3,33.977,
3,34.0059,
3,34.0525,
3,34.0680,
3,34.1294,
3,34.1580,
3,34.1857,
3,34.2070,
3,34.2244,
3,34.2367,
3,34.2462,
3,34.2547,
3,34.2979,
,34.313,
3,34.397,
3,34.4573,
3,34.4665,
3,34.4959,
3,34.5051,
3,34.5258,
3,34.5338,
3,34.5478,
3,34.5546,
3,34.5663,
3,34.58,
3,34.5895,
3,34.598,
3,34.6061,
,34.657,

#ignore,test#10.56
