g,LeveleV
9,0.0000000,
5,0.0283737,
9,0.1586284,
7,0.1722067,
7,0.2062006,
11,0.2738386,
7,0.2937270,
5,0.2949370,
9,0.3022275,
9,0.3843697,
9,0.3963288,
11,0.3980616,
9,0.4106654,
3,0.4600450,
11,0.4666775,
1,0.4927756,
13,0.4929741,
3,0.4985348,
7,0.5158094,
9,0.5174473,
11,0.5206552,
11,0.5477148,
13,0.5524433,
13,0.5885067,
9,0.5905018,
5,0.5909487,
7,0.6207540,
3,0.6320438,
5,0.6460700,
15,0.6590756,
5,0.6706598,
7,0.6843619,
1,0.6907353,
9,0.6908491,
3,0.6989278,
3,0.7035891,
15,0.7193697,
5,0.7320035,
7,0.7730157,
11,0.7735292,
5,0.7815944,
7,0.7856954,
9,0.8028646,
7,0.8210100,
11,0.8261347,
17,0.8442243,
5,0.8476338,
9,0.8501050,
7,0.8889358,
9,0.8894820,
9,0.9110730,
11,0.9258098,
13,0.9542084,
11,0.9565674,
13,0.9646221,
11,0.9722785,
3,0.9736627,
9,0.9782885,
11,0.9836358,
13,0.9987579,
5,1.0028973,
5,1.0044192,
5,1.0210849,
7,1.0253802,
7,1.0299750,
1,1.0354127,
5,1.0372640,
11,1.0415578,
3,1.0452917,
9,1.0550075,
15,1.0647729,
13,1.0667019,
3,1.0780675,
9,1.0863652,
7,1.1037453,
11,1.1147978,
1,1.1306236,
7,1.1326079,
5,1.1407423,
7,1.1414363,
13,1.1571720,
3,1.1616858,
9,1.1628661,
5,1.1686167,
11,1.1732259,
5,1.2037641,
7,1.2134606,
13,1.2188401,
3,1.2278306,
5,1.2333727,
7,1.2394263,
9,1.2700669,
1,1.2707158,
7,1.2793233,
3,1.2905854,
9,1.3125924,
7,1.3148387,
5,1.3158278,
13,1.3233884,
9,1.3295460,
7,1.3358808,
11,1.3489224,
5,1.3516721,
13,1.3676040,
15,1.3714575,
7,1.3801561,
9,1.3974368,
5,1.4012120,
7,1.4057154,
11,1.4080930,
9,1.4086954,
3,1.4279315,
9,1.4314469,
3,1.4356070,
3,1.4414642,
5,1.4444614,
9,1.4625631,
9,1.4643367,
11,1.4692440,
7,1.4721904,
5,1.4905627,
9,1.5019588,
3,1.5247117,
11,1.5247305,
9,1.5313685,
3,1.5323218,
11,1.5332920,
9,1.5406150,
5,1.5441595,
11,1.5458135,
7,1.5622117,
9,1.5770933,
11,1.5861923,
5,1.5961540,
11,1.6054591,
13,1.6069530,
9,1.6103241,
5,1.6108170,
7,1.6229281,
11,1.6271699,
5,1.6291112,
9,1.6359528,
3,1.6384111,
13,1.6389953,
11,1.6486442,
13,1.6491320,
7,1.6509200,
7,1.6601270,
5,1.6625949,
3,1.6677136,
9,1.6755070,
11,1.6762015,
15,1.6827153,
13,1.6868050,
5,1.6889154,
11,1.6898250,
11,1.7090169,
9,1.7129652,
11,1.7210797,
7,1.7237226,
7,1.7237703,
15,1.7244746,
7,1.7264265,
13,1.7283141,
13,1.7360218,
7,1.7392154,
9,1.7437611,
5,1.7479670,
13,1.7491614,
9,1.7501876,
7,1.7526806,
11,1.7589101,
11,1.7628176,
7,1.7696529,
5,1.7742233,
11,1.7777936,
9,1.7875561,
9,1.8016801,
7,1.8026325,
9,1.8101195,
15,1.8112961,
3,1.8145389,
5,1.8159277,
7,1.8222550,
13,1.8279767,
9,1.8286361,
11,1.8308408,
11,1.8343822,
15,1.8624619,
9,1.8676226,
7,1.8676300,
9,1.8694308,
13,1.8723314,
11,1.8760772,
9,1.8895959,
11,1.8913839,
7,1.8942122,
17,1.9010867,
11,1.9018826,
9,1.9058413,
13,1.9071284,
13,1.9088962,
13,1.9207218,
7,1.9286972,
11,1.9293610,
5,1.9326566,
5,1.9351430,
13,1.9397257,
1,1.9403247,
15,1.9437826,
9,1.9466732,
3,1.9529928,
5,1.9537998,
7,1.9547408,
7,1.9587304,
9,1.9643373,
11,1.9688415,
15,1.9734660,
9,1.9769418,
5,1.9796665,
7,1.9848421,
11,1.9857816,
7,1.9858993,
9,1.9901296,
13,1.9920467,
15,1.9921269,
5,1.9937753,
7,2.0086051,
11,2.0114754,
13,2.0146938,
9,2.0257411,
5,2.0268909,
7,2.0314490,
5,2.0500107,
1,2.0514944,
11,2.0564544,
9,2.0566749,
3,2.0642678,
7,2.0665922,
9,2.0696871,
13,2.0704597,
13,2.0874782,
5,2.0914609,
9,2.0915208,
3,2.0920722,
11,2.0957520,
7,2.0980581,
9,2.1006055,
13,2.1065512,
7,2.1141342,
13,2.1159448,
11,2.1170435,
5,2.1212416,
1,2.1213686,
11,2.1226593,
3,2.1246198,
13,2.1249140,
7,2.1258713,
9,2.1260238,
15,2.1285212,
13,2.1436717,
7,2.1452915,
9,2.1468407,
11,2.1503490,
9,2.1560993,
3,2.1563157,
5,2.1594514,
9,2.1621066,
7,2.1711612,
11,2.1735374,
9,2.1840924,
13,2.1882016,
7,2.1888689,
3,2.1914159,
5,2.1932491,
1,2.1946193,
15,2.1955998,
11,2.1982243,
9,2.1983921,
5,2.2032122,
7,2.2051751,
5,2.2176284,
9,2.2184262,
11,2.2187641,
7,2.2219316,
13,2.2286234,
9,2.2315884,
7,2.2324163,
11,2.2327622,
15,2.2351461,
9,2.2370065,
5,2.2382483,
3,2.2400140,
9,2.2493025,
9,2.2518396,
7,2.2547965,
7,2.2556155,
11,2.2558789,
3,2.2567567,
3,2.2591399,
11,2.2592132,
5,2.2613256,
11,2.2669994,
13,2.2682228,
15,2.2682469,
7,2.2706294,
5,2.2719693,
11,2.2770597,
9,2.2826942,
7,2.2847327,
3,2.2981184,
9,2.2999194,
5,2.3045872,
13,2.3058905,
7,2.3075178,
11,2.3085467,
7,2.3125833,
11,2.3137050,
9,2.3156313,
9,2.3176110,
5,2.3193107,
3,2.3219457,
11,2.3224973,
7,2.3257592,
11,2.3297381,
11,2.3348434,
9,2.3397809,
5,2.3409037,
15,2.3485680,
11,2.3486343,
3,2.3524608,
5,2.3541066,
9,2.3575425,
11,2.3634485,
13,2.3646394,
7,2.3647380,
11,2.3648424,
5,2.3753060,
9,2.3830209,
13,2.3848482,
9,2.3860495,
7,2.3864016,
9,2.3924429,
5,2.3955011,
5,2.3966412,
11,2.3987302,
13,2.3987895,
3,2.4006428,
7,2.4060568,
5,2.4065206,
7,2.4124093,
9,2.4189729,
11,2.4214585,
9,2.4231602,
3,2.4259816,
17,2.4260513,
5,2.4295150,
7,2.4331339,
13,2.4334720,
7,2.4346326,
11,2.4376627,
9,2.4400187,
13,2.4400516,
7,2.4438535,
3,2.4510228,
11,2.4527651,
11,2.4538630,
5,2.4555430,
15,2.4594666,
9,2.4599247,
11,2.4603057,
11,2.4627363,
5,2.4648935,
7,2.4708151,
5,2.4724163,
3,2.4748995,
13,2.4774694,
7,2.4783184,
7,2.4835249,
13,2.4875173,
9,2.4936452,
3,2.4973336,
9,2.5013139,
5,2.5046003,
7,2.5097112,
7,2.5128851,
11,2.5139185,
9,2.5193639,
11,2.5217013,
13,2.5225851,
3,2.5292436,
9,2.5306903,
7,2.5330788,
5,2.5331000,
15,2.5352428,
11,2.5414920,
13,2.5427999,
9,2.5428917,
5,2.5434076,
3,2.5493828,
13,2.5530748,
7,2.5557076,
9,2.5567930,
5,2.5570967,
11,2.5580177,
7,2.5616535,
5,2.5675244,
11,2.5702092,
9,2.5723295,
9,2.5745706,
7,2.5767028,
3,2.5778640,
15,2.5804733,
13,2.5841412,
9,2.5921520,
5,2.5947039,
5,2.5990321,
9,2.6034222,
3,2.6035243,
3,2.6058848,
5,2.6065388,
11,2.6110477,
1,2.6121574,
9,2.6131501,
13,2.6160746,
11,2.6227249,
7,2.6233607,
9,2.6236534,
3,2.6241577,
5,2.6246199,
11,2.6317334,
7,2.6331660,
9,2.6368839,
15,2.6427227,
13,2.6439303,
7,2.6459299,
5,2.6502211,
7,2.6531396,
5,2.6558372,
3,2.6571758,
11,2.6602704,
7,2.6656497,
9,2.6681755,
11,2.6757536,
7,2.6758767,
9,2.6804432,
5,2.6809437,
15,2.6847613,
7,2.6856883,
1,2.6860955,
11,2.6884389,
5,2.6920207,
17,2.6931933,
11,2.6935999,
3,2.6936640,
5,2.7012145,
13,2.7023807,
7,2.7044979,
3,2.7057711,
13,2.7124631,
9,2.7134619,
11,2.7210625,
7,2.7213137,
9,2.7268928,
5,2.7269615,
15,2.7355220,
9,2.7355512,
13,2.7357071,
5,2.7390723,
7,2.7434470,
3,2.7478003,
5,2.7487451,
11,2.7505121,
7,2.7513036,
9,2.7537616,
5,2.7548979,
3,2.7581624,
7,2.7637629,
13,2.7674634,
9,2.7679676,
11,2.7717896,
5,2.7723063,
3,2.7762578,
13,2.7820773,
7,2.7868407,
9,2.7901056,
11,2.7919623,
5,2.7957268,
13,2.7969094,
3,2.7980070,
7,2.8021026,
5,2.8094925,
1,2.8117155,
7,2.8160621,
15,2.8193207,
11,2.8194806,
9,2.8195848,
9,2.8245050,
5,2.8266767,
7,2.8323916,
13,2.8331648,
17,2.8347815,
11,2.8371000,
9,2.8403027,
3,2.8434524,
9,2.8453896,
5,2.8479522,
7,2.8482269,
5,2.8578193,
11,2.8619561,
11,2.8661502,
7,2.8689684,
7,2.8708161,
15,2.8744616,
13,2.8752412,
7,2.8815145,
5,2.8820093,
9,2.8828461,
17,2.8866896,
11,2.8878568,
3,2.8888079,
7,2.8890681,
13,2.8975315,
9,2.9002255,
1,2.9003319,
11,2.9050460,
15,2.9077550,
9,2.9152841,
7,2.9180620,
3,2.9204404,
9,2.9255827,
5,2.9285316,
13,2.9294091,
3,2.9351883,
9,2.9381266,
7,2.9386488,
13,2.9396629,
9,2.9411775,
5,2.9416206,
7,2.9418367,
11,2.9446118,
9,2.9522335,
11,2.9532876,
5,2.9583038,
5,2.9593848,
11,2.9613827,
3,2.9626286,
9,2.9634438,
7,2.9644329,
13,2.9687969,
11,2.9691019,
1,2.9696021,
11,2.9709690,
9,2.9729441,
11,2.9767899,
5,2.9786401,
7,2.9807892,
5,2.9845272,
3,2.9864101,
7,2.9919796,
7,2.9924194,
15,2.9939945,
9,2.9954212,
13,2.9963880,
5,2.9996002,
9,3.0002164,
9,3.0022071,
11,3.0064146,
7,3.0097050,
11,3.0116498,
5,3.0121530,
9,3.0153671,
3,3.0159299,
19,3.0190776,
7,3.0193608,
9,3.0208398,
11,3.0267578,
5,3.0277929,
9,3.0284543,
13,3.0286689,
5,3.0308500,
1,3.0334176,
11,3.0420267,
9,3.0437857,
13,3.0452190,
7,3.0453216,
7,3.0457811,
1,3.0502165,
3,3.0512434,
9,3.0523992,
17,3.0571088,
5,3.0575340,
5,3.0591854,
13,3.0613474,
9,3.0620778,
5,3.0629229,
13,3.0640010,
11,3.0643212,
7,3.0663255,
3,3.0734702,
5,3.0758914,
15,3.0781499,
11,3.0797516,
11,3.0814986,
7,3.0822235,
9,3.0839374,
7,3.0851165,
3,3.0877119,
5,3.0914664,
3,3.0926189,
9,3.0943498,
9,3.0946813,
3,3.0971371,
7,3.1050892,
13,3.1068217,
5,3.1069970,
9,3.1092007,
7,3.1093939,
11,3.1111485,
7,3.1163381,
3,3.1212454,
3,3.1226499,
5,3.1235639,
9,3.1254291,
15,3.1318805,
11,3.1326847,
1,3.1352017,
7,3.1364558,
9,3.1407535,
13,3.1423235,
5,3.1425912,
9,3.1449599,
7,3.1473375,
3,3.1531261,
15,3.1534709,
11,3.1539569,
7,3.1542879,
5,3.1559316,
7,3.1606141,
13,3.1670535,
5,3.1700079,
3,3.1711648,
5,3.1784153,
7,3.1790290,
9,3.1824531,
11,3.1846685,
13,3.1901608,
7,3.1906627,
3,3.1914109,
9,3.1916925,
11,3.1955992,
13,3.2019159,
7,3.2055234,
17,3.2062160,
9,3.2066256,
11,3.2070187,
11,3.2072334,
5,3.2089084,
11,3.2146981,
9,3.2149158,
9,3.2183978,
5,3.2217552,
11,3.2220287,
15,3.2224204,
3,3.2240795,
7,3.2249035,
9,3.2271807,
7,3.2298432,
11,3.2332003,
13,3.2368713,
5,3.2381050,
7,3.2396615,
3,3.2428977,
5,3.2434700,
9,3.2457856,
5,3.2495502,
3,3.2502574,
11,3.2516159,
11,3.2540791,
11,3.2592603,
9,3.2604658,
7,3.2622168,
9,3.2671188,
7,3.2712534,
3,3.2735418,
13,3.2776664,
5,3.2792777,
9,3.2824104,
7,3.2854485,
3,3.2869062,
13,3.2903253,
15,3.2909546,
9,3.2912100,
9,3.2950535,
13,3.2961915,
13,3.2963294,
11,3.2967319,
7,3.2992539,
11,3.2995238,
11,3.3019484,
7,3.3052505,
13,3.3073489,
5,3.3091612,
11,3.3106304,
15,3.3113009,
9,3.3120823,
7,3.3121539,
9,3.3157040,
5,3.3211636,
13,3.3237819,
9,3.3272938,
7,3.3281766,
3,3.3294273,
11,3.3313189,
13,3.3330765,
3,3.3368617,
9,3.3388084,
7,3.3394376,
5,3.3405617,
13,3.3441081,
5,3.3492395,
13,3.3523280,
13,3.3532884,
11,3.3549088,
5,3.3570553,
11,3.3574012,
9,3.3589358,
9,3.3604056,
9,3.3617249,
9,3.3672948,
7,3.3690175,
3,3.3703250,
11,3.3714155,
7,3.3761495,
5,3.3791586,
9,3.3810019,
7,3.3810281,
15,3.3812790,
13,3.3864431,
11,3.3877036,
5,3.3877120,
3,3.3889995,
5,3.3952313,
9,3.3964658,
11,3.3972331,
9,3.3995779,
7,3.4019604,
3,3.4063507,
9,3.4074624,
5,3.4081142,
13,3.4085327,
15,3.4094626,
5,3.4121198,
9,3.4144620,
11,3.4147580,
13,3.4159046,
7,3.4189333,
7,3.4211755,
11,3.4212236,
3,3.4322516,
5,3.4339116,
17,3.4360242,
7,3.4368519,
11,3.4371788,
5,3.4411489,
9,3.4426658,
9,3.4439675,
15,3.4455588,
11,3.4462821,
7,3.4469365,
9,3.4491370,
13,3.4507127,
15,3.4567707,
5,3.4578237,
11,3.4603989,
13,3.4606600,
3,3.4626022,
9,3.4663667,
11,3.4667349,
7,3.4676242,
13,3.4707755,
9,3.4726604,
5,3.4749769,
15,3.4759177,
7,3.4792047,
9,3.4805388,
11,3.4816820,
3,3.4851375,
5,3.4852755,
13,3.4867469,
7,3.4885419,
9,3.4917406,
9,3.4999906,
11,3.5024015,
15,3.5060567,
7,3.5061728,
3,3.5110442,
5,3.5112005,
7,3.5116721,
3,3.5139216,
9,3.5142085,
9,3.5150506,
13,3.5154318,
1,3.5190933,
9,3.5201063,
3,3.5201602,
5,3.5209320,
5,3.5254917,
3,3.5272966,
13,3.5285996,
11,3.5290232,
9,3.5320149,
7,3.5339769,
13,3.5386309,
7,3.5397825,
9,3.5400472,
11,3.5404855,
15,3.5407195,
3,3.5410381,
11,3.5425712,
5,3.5441094,
7,3.5486685,
11,3.5490195,
3,3.5496788,
7,3.5498164,
5,3.5506350,
9,3.5514458,
7,3.5616861,
11,3.5639185,
13,3.5654514,
9,3.5666459,
5,3.5678634,
13,3.5722381,
11,3.5730565,
9,3.5766383,
11,3.5769452,
9,3.5813139,
11,3.5832206,
13,3.5836435,
9,3.5838079,
5,3.5854697,
7,3.5859802,
15,3.5881339,
13,3.5885440,
9,3.5918804,
5,3.5921277,
5,3.5972625,
13,3.6024875,
7,3.6037534,
15,3.6040204,
9,3.6054519,
11,3.6078365,
7,3.6081881,
5,3.6104153,
9,3.6159468,
9,3.6175508,
9,3.6206243,
7,3.6220110,
9,3.6226756,
13,3.6268853,
9,3.6275268,
3,3.6306714,
7,3.6307473,
7,3.6315218,
3,3.6355258,
5,3.6359703,
9,3.6364931,
13,3.6365002,
7,3.6365878,
11,3.6378961,
9,3.6422847,
5,3.6427463,
5,3.6456656,
7,3.6478255,
13,3.6491407,
11,3.6504655,
5,3.6505566,
5,3.6505741,
15,3.6515219,
3,3.6515955,
9,3.6519484,
15,3.6535462,
3,3.6561061,
7,3.6567262,
13,3.6579476,
5,3.6609450,
5,3.6620748,
13,3.6654845,
11,3.6662459,
9,3.6714276,
11,3.6716187,
13,3.6730574,
11,3.6734342,
5,3.6757049,
11,3.6770619,
9,3.6783631,
3,3.6785184,
7,3.6796250,
11,3.6829104,
15,3.6834401,
7,3.6845271,
5,3.6850649,
13,3.6866248,
3,3.6886779,
9,3.6897142,
11,3.6905370,
13,3.6923615,
7,3.6945172,
5,3.6963617,
9,3.6974266,
7,3.6996059,
11,3.7036309,
15,3.7042898,
7,3.7052256,
5,3.7075201,
9,3.7089464,
7,3.7129319,
11,3.7133648,
1,3.7141085,
5,3.7142049,
9,3.7195119,
13,3.7223146,
5,3.7238381,
7,3.7316995,
11,3.7355102,
11,3.7485013,
7,3.7693820,
9,3.7739891,
9,3.7778470,
15,3.7830008,
7,3.7867625,
9,3.7888668,
11,3.7898185,
13,3.7943329,
9,3.7968973,
5,3.8070976,
9,3.8111838,
7,3.8113839,
11,3.8146277,
9,3.8171807,
7,3.8254149,
15,3.8281651,
5,3.8424986,
,5.5386,

#ignore,test#905.06
