g,LeveleV
9,0.00000000,
7,0.11782516,
5,0.19802719,
11,0.41540831,
9,0.49953085,
7,0.56546577,
5,0.61372947,
3,0.64530031,
9,1.21663958,
7,1.32766384,
5,1.40373174,
5,1.44457424,
5,1.64411577,
3,1.66192399,
1,1.6853529,
7,2.20338605,
5,2.23561202,
3,2.27370158,
9,2.35244233,
11,2.68109977,
9,2.72881087,
7,2.77903526,
5,2.98484767,
3,3.00877191,
1,3.02663766,
5,3.08552036,
9,3.11785953,
3,3.13897205,
1,3.20639528,
13,3.36068394,
11,3.40572046,
7,3.40762796,
3,3.42012122,
9,3.45942707,
5,3.48542792,
3,3.62886586,
11,3.78984644,
5,3.86823409,
9,5.0455404,
5,5.0549694,
7,5.0684203,
9,5.0892165,
7,5.1223018,
5,5.174871,
3,5.208406,
1,5.224,
1,5.33,
7,5.466559,
11,5.60380197,
9,5.62624844,
7,5.69980603,
9,5.74305123,
5,5.75940077,
3,5.80077542,
7,5.83210573,
13,5.83698934,
11,5.87013664,
5,5.89388210,
9,5.92737370,
3,5.93249276,
1,5.95069525,
7,5.96995570,
5,5.99940219,
11,6.02018319,
9,6.11840992,
9,6.16172739,
7,6.20371650,
7,6.24653767,
5,6.31257177,
7,6.38670726,
5,6.47566059,
3,6.53206212,
5,6.94441385,
3,7.484,
5,7.507,
7,7.547,
7,7.59288480,
5,7.5953115,
3,7.6064638,
9,7.61117297,
1,7.6198362,
3,7.74158302,
11,7.84902872,
7,7.85369635,
5,7.85654799,
9,7.87425876,
7,7.88378161,
13,7.88507217,
5,7.88737753,
3,7.89347780,
9,7.90928888,
3,7.91827191,
5,7.923,
7,7.97962921,
9,7.98475087,
11,8.00959966,
1,8.01006448,
5,8.04838837,
11,8.05370134,
5,8.06107009,
3,8.06250794,
9,8.07807155,
7,8.08062810,
5,8.10960371,
1,8.1224517,
3,8.14046139,
7,8.18514505,
5,8.3328860,
7,8.37191162,
3,8.40915250,
1,8.41988259,
5,8.42340833,
11,8.45609577,
13,8.46949859,
15,8.50707932,
11,8.53376431,
9,8.53549724,
7,8.5623404,
3,8.5942222,
7,8.59907782,
13,8.63146931,
5,8.63389048,
9,8.70194937,
3,8.71186315,
7,8.7356214,
5,8.77496540,
3,8.78515492,
13,8.85292357,
11,8.89003402,
5,8.9078234,
9,8.92796723,
7,8.99320722,
5,9.0079637,
3,9.0687421,
9,9.06907725,
1,9.1094329,
11,9.22154694,
3,9.2396640,
9,9.955784,
7,9.98606,
5,10.016514,
3,10.03916,
1,10.05095,
11,10.163016,
9,10.209254,
7,10.244481,
5,10.269602,
3,10.28573,
7,10.3044045,
9,10.3401165,
7,10.397663,
11,10.3995253,
11,10.41643089,
9,10.4321071,
7,10.4415404,
5,10.4635935,
3,10.4666902,
9,10.48743503,
7,10.544089,
7,10.55944220,
9,10.59837869,
5,10.61257253,
5,10.626971,
3,10.6473006,
3,10.679230,
7,10.70562701,
5,10.7792048,
7,10.784289,
9,10.80056,
5,10.847384,
7,10.865099,
3,10.89170,
7,10.89773,
5,10.96239,
11,11.15008073,
9,11.18327092,
13,11.19611730,
7,11.2161796,
15,11.24138616,
11,11.24505237,
7,11.25197094,
5,11.2785437,
13,11.27952940,
9,11.28869072,
11,11.32309646,
9,11.32631360,
3,11.3270714,
7,11.33320886,
5,11.33522720,
13,11.35986063,
11,11.36271127,
7,11.36530142,
9,11.39640435,
5,11.3977420,
3,11.3981257,
7,11.40138467,
5,11.41211476,
9,11.42150371,
1,11.4419450,
5,11.44589487,
11,11.45107890,
3,11.4565367,
7,11.45688372,
7,11.47101544,
3,11.4858770,
9,11.51681991,
5,11.61464406,
9,11.62212849,
7,11.70021337,
3,11.7047943,
1,11.7438968,
5,11.7467215,
9,11.7829815,
11,11.83504147,
7,11.8632252,
9,11.8995792,
13,11.90232621,
5,11.9280041,
11,11.93181697,
7,11.9639920,
9,12.01187555,
5,12.0129488,
11,12.01929228,
9,12.03425891,
3,12.0455285,
7,12.0680869,
7,12.0880165,
5,12.1043831,
9,12.1138831,
7,12.1464464,
7,12.1849891,
5,12.1861143,
5,12.2308572,
7,12.27722876,
5,12.3035919,
3,12.3429444,
5,12.4395071,
3,12.4723623,
1,12.508368,
11,12.5513674,
9,12.57833009,
7,12.6489131,
9,12.6924620,
5,12.9455164,
3,12.9671590,
5,12.9782472,
3,12.9784750,
7,12.9979794,
11,13.0565447,
9,13.06732922,
3,13.0717076,
7,13.0808760,
9,13.0916291,
5,13.0958499,
3,13.1100594,
9,13.16983440,
7,13.1815467,
9,13.19549739,
1,13.198638,
5,13.204580,
3,13.2063804,
7,13.2150087,
5,13.2225659,
13,13.2545436,
1,13.2557691,
5,13.2561703,
7,13.2587471,
11,13.2806925,
7,13.2855115,
3,13.2941605,
5,13.3170778,
7,13.32224929,
13,13.32499604,
5,13.3327167,
11,13.33370258,
9,13.3437547,
11,13.34645882,
7,13.34960876,
13,13.3535099,
5,13.3548015,
9,13.36428415,
11,13.39292190,
11,13.41721362,
7,13.4235319,
13,13.4333769,
9,13.43850121,
11,13.4491073,
9,13.44920080,
3,13.4523924,
11,13.46470540,
5,13.4808728,
9,13.4919431,
7,13.49320850,
5,13.50344129,
5,13.5443376,
9,13.55297099,
9,13.5690876,
7,13.5797697,
13,13.6393135,
5,13.6411044,
13,13.64696651,
11,13.64787804,
11,13.64992329,
15,13.65022110,
9,13.65058400,
9,13.6543706,
7,13.6544001,
15,13.65661905,
17,13.6579348,
7,13.65844410,
5,13.658482,
7,13.6596619,
5,13.6623450,
3,13.6630326,
3,13.6802114,
3,13.6932161,
5,13.70315206,
7,13.709736,
5,13.7248731,
9,13.7282008,
3,13.7448183,
1,13.7453258,
7,13.7479256,
11,13.75311298,
9,13.7532999,
13,13.75385763,
7,13.75413882,
11,13.75490306,
9,13.7551436,
5,13.7585952,
7,13.7593599,
13,13.75987384,
15,13.76052054,
9,13.7614016,
5,13.7617842,
3,13.7622739,
7,13.7629806,
11,13.7639617,
3,13.7640214,
1,13.766,
5,13.7684358,
13,13.7797246,
9,13.7803322,
15,13.7979596,
5,13.8034674,
11,13.8056504,
7,13.8163449,
13,13.8166367,
5,13.82344934,
11,13.82904611,
7,13.8293666,
9,13.8295944,
7,13.8304800,
9,13.8311442,
5,13.8312365,
3,13.8320165,
7,13.8332512,
13,13.83494999,
11,13.8350037,
5,13.8369094,
1,13.839,
3,13.8394878,
3,13.8499267,
5,13.8696538,
9,13.8788561,
7,13.8799939,
5,13.8838786,
7,13.8843178,
11,13.8862946,
9,13.8872014,
11,13.8893292,
5,13.890716,
3,13.8913873,
13,13.9055232,
11,13.912343,
5,13.9296828,
5,13.9390298,
7,13.9625535,
11,13.9857785,
15,13.98790954,
5,14.0000110,
7,14.0061207,
11,14.00945576,
7,14.0339805,
9,14.0416997,
9,14.0443102,
7,14.0543073,
3,14.0636672,
13,14.0641318,
7,14.0750852,
15,14.09795011,
7,14.1000499,
13,14.10984168,
5,14.1120688,
9,14.1129982,
3,14.1165730,
11,14.11741017,
13,14.12741483,
3,14.1654348,
5,14.1665331,
11,14.18090620,
7,14.1819783,
9,14.19978019,
11,14.20351918,
13,14.22888473,
3,14.2401227,
7,14.2491294,
9,14.2549989,
5,14.2765801,
9,14.31829916,
1,14.3555779,
3,14.3757549,
7,14.3985800,
5,14.4296112,
5,14.5577978,
9,14.5725131,
11,14.792763,
9,14.815776,
9,14.903056,
15,14.9033827,
13,14.9033893,
13,14.9034435,
11,14.9034509,
11,14.9040783,
9,14.9041117,
15,14.9042107,
17,14.9042190,
9,14.9049201,
7,14.9049536,
7,14.9057895,
5,14.9058024,
17,14.9059844,
19,14.9059860,
7,14.906412,
5,14.9064550,
3,14.9064699,
3,14.9068690,
1,14.9068901,
13,14.962621,
15,14.972371,
13,14.982697,
7,14.985588,
13,15.0080464,
11,15.0080526,
11,15.0082597,
9,15.0082678,
15,15.00845398,
13,15.0084547,
9,15.0088236,
7,15.0088248,
5,15.0094946,
7,15.0095129,
15,15.00987695,
17,15.00987769,
5,15.0101616,
3,15.0101819,
3,15.0106651,
13,15.077949,
11,15.082866,
11,15.0839144,
9,15.0839214,
13,15.0840054,
11,15.0840095,
7,15.0842982,
9,15.0843014,
5,15.084979,
7,15.0849835,
13,15.0852850,
15,15.08528922,
9,15.1350957,
11,15.1350959,
7,15.1356577,
9,15.1356598,
11,15.1368802,
13,15.1368810,
7,15.137371,
5,15.137378,
9,15.147032,
15,15.612177,
13,15.61823,
,17.0844,

#ignore,test#57.36
