g,LeveleV
7,0.00000000,
5,0.94143042,
1,0.96097009,
3,0.96841324,
5,0.98287742,
7,1.00367492,
9,1.03000806,
5,2.54383615,
13,2.54410014,
7,2.54426770,
9,2.54460569,
11,2.54463928,
7,2.70791527,
5,2.70878630,
3,2.70991379,
1,2.87187333,
5,2.88945207,
7,2.89953685,
9,2.91348182,
3,2.91511324,
9,2.96741996,
11,2.98256889,
5,2.98716595,
13,3.00044215,
1,3.00997115,
9,3.01062753,
3,3.01114742,
5,3.01279642,
7,3.01329987,
7,3.07899825,
9,3.08689206,
5,3.0922396,
1,3.0960208,
3,3.10092412,
11,3.10437812,
5,3.11067051,
7,3.11278390,
9,3.12159404,
7,3.12514546,
9,3.14419143,
11,3.16762385,
13,3.1952485,
7,3.32122225,
5,3.32231395,
3,3.32301220,
1,3.36779583,
3,3.36940787,
5,3.37521461,
3,3.38478638,
5,3.39495688,
7,3.40961132,
7,3.42162179,
9,3.42812540,
9,3.43483025,
5,3.43793441,
11,3.44884096,
7,3.44926489,
11,3.44990008,
9,3.46352849,
7,3.55053095,
3,3.55579538,
5,3.55614020,
3,3.64772230,
5,3.66801930,
7,3.69779039,
3,3.81713644,
5,3.82599758,
7,3.83921781,
7,3.84462239,
5,3.84701382,
15,3.84945609,
3,3.84955423,
13,3.84961210,
11,3.85036371,
9,3.85669178,
11,3.87826474,
3,3.8872001,
5,3.88753932,
7,3.88866925,
9,3.89035912,
11,3.89227274,
9,3.965856,
13,3.9795577,
5,4.0964341,
7,4.0989996,
9,4.1055150,
1,4.13341698,
3,4.14402113,
5,4.15869020,
7,4.17473732,
1,4.18602054,
13,4.1860366,
9,4.19265380,
3,4.20272344,
3,4.2038751,
7,4.2073736,
5,4.2074798,
5,4.23907331,
9,4.38878728,
7,4.40158502,
5,4.41047990,
3,4.41612877,
1,4.41887660,
5,4.439590,
7,4.4403310,
9,4.44641605,
9,4.4473700,
11,4.4490806,
5,4.45075789,
13,4.4552365,
7,4.46766550,
9,4.48973240,
7,4.5318872,
5,4.5326696,
9,4.5350512,
7,4.57449693,
7,4.6129376,
11,4.6163561,
9,4.6176689,
5,4.69694311,
11,4.7780523,
3,4.78541708,
5,4.80198709,
7,4.82438691,
9,4.855053,
3,5.0717494,
3,5.07470726,
5,5.07978882,
5,5.08121834,
7,5.08872640,
7,5.0940418,
9,5.11121670,
1,5.11121771,
3,5.11919762,
11,5.1321332,
5,5.13405969,
7,5.15465532,
9,5.18032406,
7,5.21049739,
9,5.21722114,
11,5.2263678,
1,5.2344047,
5,5.2368392,
13,5.2385978,
3,5.23873429,
7,5.2388241,
5,5.23887703,
7,5.23908705,
9,5.23936898,
11,5.23972421,
9,5.241456,
3,5.24364408,
15,5.2553505,
5,5.2617345,
5,5.27122963,
7,5.27413188,
9,5.27735992,
11,5.28038436,
13,5.28243456,
7,5.28771005,
9,5.31995962,
5,5.3467945,
9,5.46162527,
7,5.46384067,
5,5.46534712,
3,5.46633655,
1,5.46682328,
3,5.47089133,
5,5.47846032,
9,5.4858739,
7,5.4874392,
5,5.49248971,
11,5.493488,
7,5.50158714,
13,5.504033,
15,5.519076,
9,5.5215655,
11,5.52862611,
17,5.5379442,
3,5.5379638,
13,5.5478291,
5,5.56380704,
7,5.59330998,
3,5.60429253,
5,5.60719388,
7,5.61095253,
9,5.61474406,
11,5.61727046,
13,5.62251964,
11,5.62319793,
9,5.62374764,
7,5.64946442,
9,5.65551992,
7,5.6590394,
11,5.66152243,
13,5.66698616,
3,5.66846045,
1,5.6688702,
5,5.67032643,
15,5.67121951,
5,5.6991023,
5,5.69928154,
7,5.70332536,
9,5.71048876,
3,5.71282481,
1,5.71334746,
5,5.71681492,
7,5.72489453,
3,5.74025070,
5,5.74659540,
7,5.74893273,
9,5.75564682,
3,5.75889602,
5,5.76835475,
7,5.78227967,
5,5.78723069,
3,5.7873809,
7,5.78860234,
11,5.79067042,
9,5.79260016,
9,5.80035930,
7,5.80825650,
7,5.8122004,
9,5.81548356,
11,5.82217714,
5,5.82325049,
11,5.82550252,
3,5.82994917,
5,5.83314465,
7,5.83326016,
9,5.83406495,
11,5.83411881,
3,5.8382162,
7,5.84283485,
9,5.8508033,
13,5.85480762,
11,5.85561994,
11,5.89991601,
7,5.9042965,
3,5.9053267,
13,5.90541387,
5,5.90557531,
7,5.90617125,
9,5.90661499,
11,5.90722005,
9,5.9126191,
15,5.91312747,
5,5.91387,
3,5.91406,
5,5.9141585,
7,5.9143426,
9,5.91462,
7,5.915082,
11,5.9152673,
9,5.916424,
3,5.92300663,
5,5.92472080,
1,5.9249560,
11,5.9256654,
7,5.92822786,
9,5.93468472,
3,5.9360654,
5,5.94106486,
13,5.94407511,
7,5.94808628,
11,5.9494793,
9,5.95302356,
9,5.95653797,
15,5.96861183,
3,5.9772804,
5,5.9782505,
1,5.9792832,
7,5.9824772,
9,5.98699306,
11,5.98972002,
3,5.9923103,
13,6.00645098,
5,6.0080980,
1,6.0117580,
3,6.0141521,
7,6.015092,
5,6.02047467,
9,6.0209429,
7,6.03010050,
7,6.03325810,
11,6.04871307,
9,6.05346444,
3,6.0553607,
5,6.07862231,
7,6.097279,
7,6.11376373,
5,6.1150957,
7,6.1211766,
9,6.1314981,
5,6.1330898,
3,6.13436429,
7,6.13966216,
11,6.1419268,
9,6.14626205,
5,6.147939,
3,6.1482315,
5,6.1493503,
11,6.15179202,
9,6.15216585,
13,6.1539785,
7,6.15583182,
5,6.15615299,
7,6.1642226,
7,6.1759542,
5,6.17720772,
9,6.1822809,
3,6.2015447,
5,6.206343,
7,6.211865,
3,6.21228906,
5,6.2220467,
7,6.22207,
9,6.223615,
9,6.225333,
11,6.2306145,
7,6.23199865,
9,6.26832996,
7,6.27707788,
5,6.28038388,
1,6.2811821,
3,6.28137785,
5,6.3095654,
7,6.31703615,
5,6.3276117,
9,6.33059653,
1,6.3451195,
3,6.3537986,
5,6.3587200,
11,6.372943,
5,6.388838,
7,6.389099,
9,6.389445,
1,6.447130,
3,6.447558,
5,6.448712,
7,6.451111,
9,6.455146,
5,6.4895,
9,6.4895,
7,6.4895,
11,6.52054093,
13,6.52906678,
15,6.5312089,
9,6.53644421,
5,6.55347,
7,6.55347,
9,6.55347,
11,6.5569273,
13,6.56061581,
9,6.56662110,
3,6.5726135,
5,6.5758067,
7,6.5803075,
9,6.5857330,
3,6.589552,
11,6.5925141,
5,6.593195,
5,6.5953470,
3,6.5978633,
5,6.59807,
7,6.59807,
9,6.59807,
7,6.5994882,
5,6.6058512,
7,6.6064151,
9,6.6082029,
9,6.6177028,
7,6.6188592,
11,6.6199389,
5,6.631232,
7,6.631232,
9,6.631232,
13,6.6353643,
9,6.6364023,
5,6.638258,
11,6.649000,
7,6.650619,
15,6.653317,
5,6.654412,
7,6.654412,
9,6.654412,
11,6.6586967,
9,6.6682149,
7,6.6709340,
7,6.672306,
5,6.672306,
9,6.672306,
13,6.6861470,
9,6.686159,
5,6.686217,
7,6.686217,
9,6.686217,
3,6.69056,
5,6.697266,
7,6.697266,
9,6.697266,
5,6.69920,
11,6.704815,
7,6.70618,
5,6.70618,
9,6.70618,
7,6.711620,
5,6.713460,
7,6.713460,
9,6.713460,
5,6.719520,
7,6.719520,
9,6.719520,
3,6.719715,
5,6.72462,
9,6.72462,
7,6.72462,
5,6.726402,
5,6.72892,
7,6.72892,
9,6.72892,
3,6.731928,
5,6.73264,
7,6.73264,
9,6.73264,
13,6.7344271,
5,6.73571,
7,6.73571,
9,6.73571,
7,6.7359396,
5,6.73848,
7,6.73848,
9,6.73848,
5,6.740851,
7,6.740851,
9,6.740851,
5,6.7426692,
5,6.74295,
7,6.74295,
9,6.74295,
5,6.74481,
7,6.74481,
9,6.74481,
15,6.7453514,
5,6.74641,
7,6.74641,
9,6.74641,
9,6.747877,
5,6.74788,
7,6.74788,
9,6.74788,
7,6.74922,
5,6.74922,
9,6.74922,
5,6.75032,
7,6.75032,
9,6.75032,
5,6.751360,
7,6.751360,
9,6.751360,
5,6.752389,
7,6.752389,
9,6.752389,
5,6.75324,
7,6.75324,
9,6.75324,
5,6.75402,
7,6.75402,
9,6.75402,
7,6.7542003,
5,6.75474,
7,6.75474,
9,6.75474,
5,6.75532,
7,6.75532,
9,6.75532,
7,6.75605,
9,6.75605,
5,6.75605,
17,6.7569225,
11,6.76166,
9,6.766166,
,6.76651,
1,6.775257,
11,6.7770062,
3,6.7784336,
9,6.786458,
11,6.7942214,
13,6.7943542,
3,6.794908,
9,6.7956796,
5,6.7966252,
13,6.80257511,
13,6.80508958,
11,6.810410,
3,6.813730,
15,6.8154335,
5,6.8159775,
7,6.817497,
5,6.818237,
7,6.8317550,
9,6.8340891,
5,6.838050,
7,6.844522,
9,6.8448292,
9,6.845052,
7,6.862848,
7,6.875131,
5,6.877850,
13,6.8831764,
11,6.9042255,
13,6.9110084,
15,6.9181964,
11,6.9275970,
13,6.9317083,
9,6.932637,
11,6.9362888,
5,6.9623457,
7,6.9691199,
9,6.9777684,
11,6.9879748,
13,6.9987849,
5,7.016489,
3,7.032694,
1,7.042600,
7,7.065320,
9,7.071255,
5,7.077966,
11,7.078041,
3,7.079056,
5,7.079588,
3,7.083523,
7,7.0846792,
1,7.086257,
7,7.090219,
5,7.0944465,
9,7.096551,
7,7.1013640,
11,7.10771,
9,7.1086803,
5,7.110564,
7,7.111889,
9,7.113307,
11,7.1145652,
13,7.11537080,
7,7.136156,
9,7.1399151,
11,7.1541681,
1,7.185918,
7,7.1892100,
11,7.1898804,
9,7.1901131,
3,7.1904716,
5,7.1990031,
7,7.2094140,
5,7.2112652,
9,7.211891,
7,7.216203,
9,7.227354,
3,7.2809897,
9,7.2813746,
11,7.28461669,
5,7.286786,
13,7.28720337,
5,7.297730,
3,7.298983,
7,7.3056424,
7,7.330195,
5,7.3365,
5,7.3451,
5,7.3594226,
7,7.3601,
7,7.3639,
7,7.3667593,
9,7.3755145,
5,7.3818,
9,7.3882,
9,7.4019,
7,7.4046,
11,7.4150285,
9,7.4210,
13,7.4246850,
5,7.4257,
15,7.43377313,
11,7.4397327,
7,7.4461,
3,7.449484,
1,7.468560,
5,7.4704151,
3,7.474587,
7,7.479453,
9,7.4845826,
5,7.485278,
11,7.4920666,
13,7.4937674,
11,7.4970663,
7,7.4999448,
9,7.5015289,
7,7.5032849,
13,7.5044396,
7,7.5153848,
9,7.5166199,
5,7.517142,
15,7.5204897,
3,7.523121,
3,7.5231604,
5,7.53633,
7,7.540638,
9,7.5469877,
7,7.55086,
9,7.5581203,
11,7.5640055,
9,7.569544,
3,7.571198,
7,7.5727286,
5,7.576410,
9,7.5782999,
11,7.5830365,
13,7.5867887,
11,7.587082,
7,7.587677,
1,7.611115,
3,7.628414,
3,7.632230,
5,7.646820,
5,7.648289,
7,7.66842,
7,7.678348,
9,7.684110,
7,7.691277,
11,7.6916703,
9,7.7104202,
11,7.74565,
5,7.767190,
13,7.768654,
7,7.769089,
9,7.770219,
13,7.7705694,
11,7.772681,
9,7.7815032,
11,7.7899589,
13,7.7989883,
9,7.8254609,
11,7.8288776,
13,7.8336620,
9,7.9153835,
11,7.9259635,
13,7.9347294,
7,8.023257,
9,8.028142,
11,8.0344232,
13,8.038675,
15,8.0515637,
7,8.184056,
9,8.194607,
11,8.205330,
9,38.594,
7,38.960,
5,39.281,

#ignore,test#49.44
