g,LeveleV
9,0.0000000,
7,0.05156912,
5,0.08728574,
3,0.11011433,
1,0.12126572,
11,0.85899575,
9,0.91460217,
7,0.95815732,
5,0.99011115,
3,1.01105568,
9,1.48486439,
7,1.55735733,
5,1.60789577,
7,2.17594512,
5,2.19786640,
3,2.22271209,
5,2.27860466,
11,2.39920471,
13,2.40407444,
3,2.42419831,
9,2.42543332,
11,2.43269470,
7,2.44955978,
9,2.45343044,
5,2.46883473,
3,2.48211840,
1,2.48437256,
9,2.55917148,
7,2.58810592,
5,2.60850194,
11,2.69240763,
9,2.72754450,
7,2.75857762,
13,2.80829367,
5,2.83159117,
11,2.83252676,
3,2.84504259,
9,2.85122419,
1,2.85805275,
7,2.86539125,
5,2.87550352,
3,2.88199261,
1,2.88515991,
9,2.93984587,
11,2.94879294,
9,2.99035244,
7,2.99804479,
5,3.01725044,
7,3.01762252,
5,3.03847046,
9,3.04686890,
3,3.07133880,
1,3.11096179,
9,3.21118938,
13,3.23672008,
7,3.24096914,
7,3.25148176,
5,3.26570610,
11,3.26711257,
3,3.27398440,
3,3.28302483,
1,3.29183986,
5,3.30092244,
9,3.30140276,
11,3.33201954,
9,3.36825640,
7,3.39650880,
3,3.41489715,
5,3.41695281,
3,3.43018998,
5,3.54652001,
11,3.57321890,
7,3.60252504,
13,3.63434980,
3,3.63521992,
5,3.63977237,
7,3.64164057,
5,3.65369332,
3,3.68638944,
9,3.69459719,
9,3.88160368,
7,3.88350907,
5,3.92860683,
7,3.94332623,
3,3.95972364,
5,3.98410712,
9,4.07581091,
9,4.10337372,
7,4.14264893,
7,4.15435379,
11,4.17769679,
5,4.18636440,
5,4.19086081,
5,4.20888328,
3,4.21758325,
9,4.22036211,
1,4.23053960,
7,4.25622280,
3,4.26045326,
5,4.28330826,
1,4.28434800,
5,4.29441489,
3,4.30127816,
11,4.31247059,
13,4.32010008,
9,4.37135106,
11,4.38646275,
7,4.41527878,
9,4.43461275,
5,4.44562726,
7,4.47327202,
9,4.54850612,
7,4.55852281,
5,4.58004944,
7,4.58438864,
9,4.59311043,
5,4.60695104,
7,4.60759327,
3,4.63819369,
5,4.65203107,
7,4.73314079,
5,4.79546566,
3,4.83485507,
9,4.91297355,
7,4.95563019,
5,4.96581946,
7,4.98504395,
5,4.98804995,
11,4.99127081,
3,5.00952178,
9,5.01168158,
1,5.02027939,
9,5.03306811,
7,5.06378173,
5,5.06740926,
5,5.07033256,
5,5.08559017,
3,5.09954435,
3,5.10547240,
1,5.11242705,
7,5.27338780,
13,5.30458359,
11,5.30848946,
5,5.31393522,
13,5.31940082,
11,5.32039963,
11,5.33029109,
9,5.33417031,
3,5.34111814,
9,5.34482452,
7,5.34836675,
9,5.35157038,
5,5.35736031,
13,5.3711314,
7,5.37173492,
7,5.38520741,
9,5.3862090,
11,5.38836827,
9,5.39325126,
5,5.40986861,
3,5.42604198,
7,5.44571679,
9,5.45809748,
7,5.47591165,
5,5.47807170,
11,5.48551782,
5,5.49069652,
3,5.50221316,
3,5.50628207,
9,5.50676735,
1,5.51220530,
5,5.51876133,
7,5.52366156,
5,5.53763954,
9,5.53924278,
3,5.54962521,
1,5.55782726,
7,5.58689276,
7,5.60664989,
5,5.61423177,
11,5.61584517,
5,5.62068415,
9,5.63240401,
3,5.64241573,
3,5.64769932,
7,5.64908881,
1,5.65307019,
13,5.65471608,
11,5.66931758,
9,5.68259542,
7,5.6925481,
5,5.69892835,
15,5.70054647,
13,5.70661711,
11,5.72011266,
7,5.72027099,
5,5.74214676,
3,5.75415389,
3,5.77776507,
1,5.7866575,
9,5.79264615,
5,5.79341882,
7,5.79564049,
5,5.81343520,
9,5.81351269,
3,5.81508605,
13,5.82506529,
11,5.82793998,
11,5.82829520,
7,5.82938837,
7,5.83875215,
9,5.84045966,
5,5.84412959,
1,5.84852446,
3,5.84923154,
5,5.85168345,
3,5.86098438,
13,5.87231021,
9,5.87411777,
5,5.87929188,
11,5.87935896,
9,5.88338708,
3,5.89614419,
9,5.90041395,
11,5.90240588,
7,5.91320801,
7,5.92093198,
9,5.92794713,
5,5.93030716,
7,5.93068755,
11,5.93072834,
13,5.93328155,
9,5.94256226,
9,5.94639870,
7,5.94709859,
5,5.95578840,
13,5.96342830,
7,5.96648265,
5,5.97150625,
3,5.97868220,
11,5.97991659,
5,5.98085478,
3,5.98718095,
5,5.98901244,
3,5.99471113,
9,5.99610917,
11,5.99867825,
1,6.00828827,
7,6.01021907,
3,6.01523448,
7,6.01718438,
9,6.03834476,
5,6.06634697,
9,6.08872711,
7,6.09196644,
5,6.10530689,
7,6.10533975,
3,6.11212776,
11,6.11891044,
5,6.12892712,
13,6.12905507,
11,6.13237029,
7,6.13438193,
9,6.14449991,
11,6.15016512,
9,6.15307342,
9,6.16536100,
13,6.16922335,
7,6.17506487,
7,6.18068544,
1,6.19317735,
5,6.20026651,
3,6.20456765,
11,6.20568115,
3,6.21813227,
9,6.22223912,
5,6.22237439,
9,6.23680503,
13,6.24162851,
11,6.24606454,
9,6.25167222,
7,6.25289818,
9,6.25813812,
13,6.26404671,
7,6.26546671,
5,6.26811563,
7,6.27197352,
7,6.27499663,
9,6.27533411,
3,6.27700207,
7,6.27711812,
15,6.28000199,
1,6.28100019,
5,6.28582776,
11,6.28647868,
9,6.29938878,
11,6.30254306,
5,6.30600086,
7,6.30606149,
3,6.30832866,
5,6.31094101,
13,6.31920567,
9,6.32066224,
1,6.32083991,
5,6.32302612,
11,6.32525970,
13,6.32606584,
3,6.32915863,
11,6.33171407,
9,6.33269478,
11,6.33598817,
7,6.34164892,
5,6.34165661,
9,6.34703293,
5,6.34815078,
3,6.34898259,
7,6.35034852,
11,6.35153108,
7,6.35967275,
9,6.36096020,
5,6.36423934,
9,6.36471779,
9,6.36664959,
7,6.36800089,
7,6.36848691,
5,6.36908625,
11,6.36955305,
9,6.37048876,
9,6.37391903,
7,6.38029108,
9,6.38043390,
5,6.39011087,
3,6.39346861,
7,6.39387714,
7,6.39809335,
7,6.39994976,
5,6.40130429,
11,6.40132623,
9,6.40603863,
7,6.40899243,
5,6.41060472,
5,6.41101300,
5,6.41493251,
3,6.41673983,
5,6.41767950,
7,6.41873101,
7,6.42557692,
5,6.42578026,
3,6.42583493,
7,6.42699840,
1,6.43993020,
5,6.44033241,
3,6.44046048,
7,6.44334733,
3,6.44961696,
3,6.45212430,
5,6.45335558,
5,6.45554341,
3,6.46089109,
3,6.46959714,
7,6.47361547,
3,6.47375371,
1,6.47908516,
5,6.48399171,
13,6.50067093,
3,6.51071489,
13,6.51085164,
11,6.52319179,
15,6.5283870,
5,6.53184961,
9,6.5424903,
11,6.54723369,
3,6.55353246,
11,6.5586399,
5,6.56078442,
9,6.56541325,
11,6.57876498,
13,6.57976169,
11,6.58167501,
13,6.58275864,
9,6.59039805,
7,6.59107351,
13,6.59213395,
3,6.59967157,
15,6.60528086,
11,6.60608750,
11,6.6100239,
9,6.61193286,
13,6.61492758,
7,6.61548873,
9,6.61934736,
9,6.61997175,
7,6.63883718,
5,6.64167865,
11,6.64388049,
9,6.64684396,
7,6.65312587,
3,6.6575630,
5,6.66081289,
7,6.66211658,
11,6.66284114,
7,6.66384071,
5,6.66407690,
7,6.66579718,
9,6.66650376,
7,6.66845912,
11,6.67045638,
3,6.67138589,
7,6.67419029,
7,6.67504280,
13,6.67538611,
9,6.67681119,
11,6.67955657,
9,6.68049253,
7,6.68169765,
5,6.68436257,
3,6.68587270,
5,6.69101333,
3,6.6921394,
11,6.6930753,
7,6.69573167,
11,6.69685175,
9,6.69732648,
5,6.70041939,
9,6.70339390,
5,6.70342551,
5,6.70906146,
9,6.71061300,
3,6.71158094,
7,6.71184181,
7,6.71512541,
3,6.72297125,
9,6.72455738,
9,6.72458242,
5,6.72707289,
5,6.72709484,
11,6.72821528,
3,6.72875412,
7,6.73098236,
9,6.73250811,
5,6.73764589,
7,6.73945929,
5,6.74172473,
7,6.74218434,
3,6.74302768,
7,6.74533292,
3,6.75085864,
9,6.75464698,
7,6.75602283,
5,6.76093930,
9,6.76400977,
7,6.76958063,
3,6.76992654,
5,6.77098909,
9,6.77986785,
5,6.78272754,
3,6.78783705,
3,6.79523296,
9,6.7956800,
7,6.80237209,
5,6.80421351,
7,6.83462125,
5,6.83576563,
3,6.85702383,
3,6.86576013,
5,6.8660975,
1,6.8675492,
11,6.87242168,
9,6.8744289,
13,6.8798512,
11,6.88429230,
1,6.909208,
5,6.9126439,
7,6.91716472,
9,6.9314031,
11,6.93160665,
7,6.95524523,
11,6.95723530,
11,6.95803425,
9,6.96884828,
13,6.9754728,
13,6.9845209,
7,6.98491341,
13,6.98550035,
11,6.99055915,
9,6.99559552,
13,6.99617750,
11,6.99667889,
9,6.99915820,
7,7.0003978,
5,7.00256095,
11,7.0054738,
9,7.00711799,
9,7.0071832,
15,7.0095766,
9,7.0102645,
11,7.01138503,
7,7.0119345,
9,7.01660092,
9,7.02657446,
11,7.03080715,
5,7.03243444,
7,7.03323823,
9,7.03391308,
3,7.0342631,
13,7.03596700,
11,7.03623952,
15,7.03661556,
11,7.03668921,
9,7.03671475,
13,7.03690953,
9,7.0369345,
11,7.03757595,
9,7.03793414,
7,7.03809358,
7,7.03948332,
15,7.0396707,
17,7.0396729,
5,7.03976551,
7,7.04023466,
5,7.04102531,
3,7.04126386,
9,7.04332745,
11,7.04760069,
5,7.04761036,
9,7.04781667,
5,7.0495745,
7,7.0511481,
13,7.05159087,
7,7.05326553,
5,7.0588397,
9,7.0610614,
5,7.06117448,
3,7.06763976,
7,7.0704419,
15,7.0705105,
5,7.0707710,
7,7.07399482,
9,7.0750772,
13,7.0757994,
7,7.07582420,
5,7.07638759,
3,7.07675061,
7,7.07754882,
11,7.0800206,
1,7.0821763,
9,7.08262833,
11,7.08282336,
5,7.08450967,
11,7.08517422,
13,7.08529672,
9,7.08534619,
11,7.08542219,
9,7.08558697,
7,7.08565999,
7,7.08567772,
3,7.08597801,
15,7.08598644,
5,7.08599636,
13,7.08609009,
5,7.08622623,
3,7.0863164,
9,7.08642312,
1,7.08644816,
7,7.08695439,
3,7.0874501,
7,7.08799449,
3,7.08872587,
5,7.09068259,
3,7.09360019,
7,7.09423040,
5,7.09609215,
5,7.10320822,
9,7.10520213,
3,7.1068173,
7,7.10972855,
7,7.11001619,
7,7.11190298,
3,7.1168348,
5,7.11708156,
5,7.11864661,
3,7.1193548,
3,7.11997076,
5,7.12011198,
13,7.12017248,
11,7.12030056,
5,7.12055088,
7,7.12076562,
5,7.12130446,
9,7.12137972,
11,7.12139546,
7,7.12143749,
9,7.12155602,
7,7.12158863,
5,7.12297453,
7,7.1304138,
5,7.13262645,
3,7.1348543,
9,7.1352919,
7,7.13718820,
5,7.13808188,
1,7.14281882,
3,7.1435987,
5,7.14382148,
11,7.14406771,
9,7.14420856,
7,7.14534512,
5,7.14553841,
7,7.14657331,
9,7.14660033,
7,7.14674465,
11,7.1490470,
9,7.15357742,
5,7.1549720,
3,7.1590301,
7,7.15922602,
9,7.15923606,
5,7.15926544,
7,7.15945911,
3,7.1605957,
9,7.16180142,
5,7.16515953,
7,7.16801526,
11,7.1783195,
9,7.1808243,
5,7.1878769,
5,7.1910167,
13,7.19132379,
11,7.1933848,
7,7.19523772,
9,7.2058221,
7,7.2074595,
5,7.20748030,
11,7.20931005,
9,7.2156217,
5,7.21750752,
11,7.2247405,
7,7.2253354,
3,7.2261963,
9,7.2309299,
5,7.23206872,
9,7.2325702,
3,7.2361423,
3,7.24004041,
7,7.2506341,
9,7.25075723,
7,7.2508259,
11,7.2521129,
5,7.2546114,
3,7.2555557,
9,7.25557550,
11,7.26438371,
9,7.26449133,
7,7.2655167,
9,7.2731583,
7,7.27470577,
7,7.2756807,
5,7.2758644,
13,7.27793940,
11,7.27797585,
13,7.27820485,
9,7.27848158,
15,7.27862478,
11,7.2787878,
7,7.2791181,
15,7.279213,
9,7.2792669,
7,7.27968857,
17,7.2801659,
7,7.28023311,
15,7.2806700,
5,7.28075992,
7,7.28501741,
3,7.2852593,
7,7.28561601,
15,7.28931061,
11,7.291761,
5,7.2933513,
7,7.2941429,
5,7.30342758,
9,7.30346725,
5,7.3053924,
13,7.3084633,
5,7.31035581,
9,7.3107624,
3,7.3108215,
3,7.31227831,
5,7.31256608,
5,7.3195016,
3,7.3246249,
11,7.3257089,
7,7.3261802,
5,7.32812275,
3,7.3291200,
13,7.3304509,
11,7.3307827,
9,7.331633,
13,7.3332153,
3,7.3342434,
15,7.3372775,
11,7.3377221,
9,7.340389,
7,7.3419976,
9,7.344264,
7,7.3462361,
9,7.34758864,
13,7.3477900,
11,7.34790914,
11,7.34792662,
7,7.34798266,
9,7.34801576,
5,7.34856303,
7,7.3487069,
15,7.3487778,
13,7.3489321,
13,7.3491091,
13,7.3492730,
5,7.3493170,
15,7.3494681,
15,7.3510690,
17,7.3510758,
9,7.3524990,
13,7.3559386,
15,7.3559390,
11,7.3559695,
13,7.3559696,
17,7.3561403,
15,7.3561404,
11,7.3561424,
9,7.3561426,
9,7.3563866,
7,7.3563868,
7,7.3566421,
5,7.3566422,
17,7.3566917,
19,7.3566929,
3,7.3568605,
5,7.3568609,
3,7.3570065,
1,7.3570083,
3,7.35769434,
3,7.3597266,
7,7.3635064,
11,7.3725361,
9,7.374038,
3,7.3771377,
5,7.378812,
7,7.3795772,
7,7.3798760,
11,7.380021,
9,7.381131,
7,7.3818449,
13,7.3821585,
11,7.384043,
5,7.3856611,
3,7.388324,
11,7.3973888,
9,7.3974805,
15,7.3980136,
13,7.3981475,
9,7.39831901,
11,7.3983355,
7,7.3983804,
9,7.3985231,
7,7.39928211,
5,7.3994149,
11,7.3996464,
5,7.40029668,
11,7.4039391,
13,7.4039392,
11,7.4039569,
9,7.4039579,
13,7.4039747,
15,7.4039753,
7,7.4040042,
9,7.4040052,
5,7.4040590,
7,7.4040596,
15,7.4040814,
17,7.4040815,
5,7.4041050,
3,7.4041050,
11,7.4041781,
9,7.4050683,
3,7.405473,
3,7.4101537,
5,7.4118354,
5,7.4161840,
7,7.4168171,
5,7.4196563,
9,7.424005,
7,7.425004,
9,7.43248360,
7,7.4325209,
5,7.4325757,
7,7.4331667,
11,7.43415230,
9,7.4342111,
3,7.4351489,
5,7.4388198,
3,7.4388203,
13,7.4389540,
15,7.4389546,
5,7.4389768,
7,7.4389773,
3,7.439026,
7,7.4391399,
9,7.4391406,
11,7.4392182,
13,7.4392189,
9,7.4392457,
11,7.4392477,
5,7.443396,
7,7.4484653,
5,7.4496531,
9,7.4509047,
7,7.4510813,
5,7.4549963,
7,7.4604347,
3,7.4611526,
5,7.4628730,
7,7.4628742,
11,7.4630639,
13,7.4630644,
9,7.4634065,
7,7.4634066,
9,7.4635935,
11,7.4635938,
3,7.4657386,
11,7.4705650,
11,7.4774486,
9,7.4774503,
9,7.4774517,
7,7.4774524,
13,7.4843851,
9,7.4968489,
5,7.5051495,
11,7.5071336,
7,7.5089311,
9,7.5329818,
7,7.5390662,
9,7.6529034,
13,7.6968550,
11,7.7109164,
9,7.733844,
13,7.8154377,
,7.9024681,

#ignore,test#78.54
