g,LeveleV
5,0.0000000,
7,0.0266720,
9,0.0660807,
11,0.1238752,
13,0.2131396,
5,0.7907893,
7,0.8121455,
9,0.8413796,
11,0.8649768,
11,0.8807118,
9,0.8970145,
7,0.9207947,
13,0.9274450,
5,0.9376252,
3,0.9489660,
15,0.9853389,
17,1.0536715,
3,1.2673954,
5,1.2844645,
7,1.3113077,
9,1.3493826,
13,1.3572811,
11,1.4005832,
9,1.4488290,
13,1.4667818,
11,1.4948978,
13,1.5307047,
15,1.5481345,
11,1.5522818,
7,1.6655852,
9,1.6745369,
9,1.7266425,
5,1.7402454,
7,1.7672643,
7,1.7727646,
9,1.8187426,
5,1.8322354,
3,1.8747923,
7,1.8812915,
11,1.8813362,
1,1.8955987,
9,1.9241331,
11,1.9422650,
11,1.9491202,
5,1.9521096,
7,1.9537773,
3,1.9538237,
9,1.9631406,
13,1.9654279,
1,1.9803091,
11,1.9824408,
3,1.9853446,
7,1.9913441,
5,1.9934238,
7,2.0043277,
9,2.0080480,
13,2.0121175,
9,2.0205230,
11,2.0500186,
15,2.0778437,
15,2.0798379,
9,2.0859832,
11,2.0935648,
7,2.0978622,
5,2.0982315,
13,2.1097089,
3,2.1359959,
13,2.1472751,
5,2.1489217,
7,2.1526382,
5,2.1549479,
9,2.1622531,
11,2.1822233,
7,2.1843247,
5,2.2007168,
7,2.2063319,
13,2.2201524,
17,2.2205501,
9,2.2231007,
9,2.2284438,
15,2.2335013,
13,2.2404263,
11,2.2420859,
11,2.2948481,
7,2.3548532,
5,2.3574448,
9,2.3585192,
3,2.3634143,
11,2.3663358,
9,2.3761291,
3,2.3910954,
5,2.3966919,
1,2.4005573,
3,2.4022653,
7,2.4052735,
5,2.4056783,
7,2.4109415,
13,2.4152132,
9,2.4186009,
9,2.4186829,
11,2.4208378,
7,2.4268697,
11,2.4291585,
13,2.4402731,
11,2.4425638,
9,2.4448097,
15,2.4526002,
17,2.4611027,
11,2.4770524,
13,2.4995393,
7,2.5168631,
5,2.5173504,
3,2.5177399,
9,2.5199444,
15,2.5335074,
5,2.5498119,
11,2.5526229,
7,2.5738715,
9,2.6226192,
1,2.6467436,
3,2.6509699,
13,2.6519603,
11,2.6581859,
5,2.6594814,
15,2.6675141,
7,2.6710109,
9,2.6711999,
7,2.6840019,
9,2.6873240,
5,2.6961170,
3,2.7047953,
7,2.7099815,
11,2.7159176,
9,2.7556154,
5,2.7691261,
5,2.7808609,
13,2.7838007,
7,2.7975576,
7,2.8023590,
11,2.8167120,
9,2.8294304,
9,2.8312288,
3,2.8644888,
11,2.8675343,
11,2.8759883,
5,2.8782966,
13,2.8800659,
7,2.8999634,
13,2.9110512,
9,2.9315017,
15,2.9611771,
11,2.9756099,
15,3.0072495,
17,3.0168722,
13,3.0289867,
5,3.0325280,
5,3.0569096,
11,3.0574906,
7,3.0642498,
9,3.0809471,
13,3.0815401,
7,3.0822521,
9,3.0982268,
11,3.1050167,
3,3.1081821,
5,3.1200177,
7,3.1310769,
5,3.1414812,
3,3.1433349,
15,3.1462618,
11,3.1468287,
7,3.1496034,
9,3.1704833,
9,3.1766355,
13,3.1811934,
13,3.1816007,
15,3.1835286,
11,3.1904668,
13,3.2006930,
9,3.2013613,
9,3.2137805,
11,3.2161652,
7,3.2361841,
15,3.2416725,
7,3.2542888,
11,3.2652058,
13,3.2653806,
5,3.2728834,
9,3.2796034,
13,3.2940450,
5,3.2965338,
11,3.2998449,
3,3.3000031,
11,3.3044159,
7,3.3141915,
1,3.3156236,
3,3.3270305,
9,3.3310072,
15,3.3315041,
5,3.3330507,
15,3.3382157,
3,3.3420249,
9,3.3508079,
9,3.3526400,
7,3.3527498,
13,3.3576220,
1,3.3587090,
5,3.3622934,
3,3.3635970,
7,3.3643974,
11,3.3796835,
11,3.3867265,
13,3.3893434,
13,3.3902082,
9,3.4002970,
7,3.4065576,
17,3.4140781,
19,3.4165168,
11,3.4184517,
11,3.4254640,
9,3.4280111,
5,3.4294575,
9,3.4349779,
13,3.4362655,
11,3.4382309,
5,3.4389102,
17,3.4464635,
13,3.4504406,
7,3.4543353,
3,3.4567685,
1,3.4653474,
15,3.4692604,
9,3.4854029,
9,3.4924694,
7,3.4982315,
17,3.5053525,
13,3.5169966,
11,3.5230017,
19,3.5252252,
11,3.5274680,
7,3.5319198,
15,3.5340995,
7,3.5519650,
5,3.5604318,
5,3.5614647,
13,3.5622632,
3,3.5635030,
5,3.5689137,
9,3.5699229,
11,3.5753621,
13,3.5759121,
15,3.5822647,
11,3.5878903,
1,3.5920659,
3,3.5936436,
5,3.5962372,
7,3.6007146,
5,3.6066935,
11,3.6104143,
7,3.6111448,
9,3.6130489,
9,3.6171869,
3,3.6192976,
9,3.6214817,
15,3.6319457,
11,3.6343203,
3,3.6357080,
9,3.6400060,
13,3.6404976,
13,3.6476988,
7,3.6484148,
11,3.6500117,
13,3.6506372,
11,3.6515028,
9,3.6577372,
3,3.6646983,
11,3.6734519,
7,3.6738074,
9,3.6789230,
7,3.6800128,
5,3.6844671,
17,3.6891384,
17,3.6940782,
5,3.6990813,
13,3.7031024,
9,3.7042285,
7,3.7044590,
11,3.7056651,
13,3.7204319,
11,3.7439875,
11,3.7495665,
9,3.7554052,
9,3.7576486,
15,3.7650729,
5,3.7684551,
13,3.7703458,
15,3.7821843,
3,3.7884397,
9,3.7919005,
11,3.7975734,
13,3.8003659,
15,3.8038585,
5,3.8056793,
13,3.8124142,
7,3.8198757,
9,3.8230476,
7,3.8288376,
3,3.8323408,
9,3.8603466,
15,3.8616684,
17,3.8647886,
11,3.8781222,
7,3.8841175,
11,3.9001931,
7,3.9107608,
17,3.9112591,
5,3.9116680,
3,3.9182641,
11,3.9221155,
11,3.9274072,
11,3.9385558,
11,3.9399664,
13,3.9420497,
9,3.9485840,
9,3.9500477,
5,3.9507865,
7,3.9512697,
7,3.9559663,
7,3.9674708,
11,3.9700162,
9,3.9751173,
13,3.9788674,
7,3.9839997,
5,3.9860318,
9,3.9869713,
5,3.9883144,
9,3.9893710,
7,3.9900155,
9,3.9931368,
5,3.9948134,
13,3.9949199,
11,3.9956073,
3,3.9987082,
7,4.0012335,
5,4.0091628,
1,4.0097851,
3,4.0116433,
7,4.0151043,
7,4.0230532,
11,4.0353881,
9,4.0356317,
11,4.0373715,
11,4.0400406,
3,4.0494276,
15,4.0579411,
9,4.0648362,
9,4.0773786,
9,4.0822390,
15,4.0826387,
11,4.0830212,
5,4.0852576,
5,4.0862421,
13,4.0873700,
9,4.0895326,
13,4.0931932,
13,4.0991104,
7,4.1022726,
9,4.1024309,
7,4.1149703,
7,4.1156927,
11,4.1201308,
11,4.1346531,
9,4.1455890,
11,4.1524007,
9,4.1577743,
7,4.1599742,
9,4.1619072,
5,4.1661682,
7,4.1788412,
9,4.1813072,
11,4.1822691,
9,4.1824947,
11,4.1884515,
15,4.1912245,
11,4.1935275,
13,4.1970918,
11,4.2059729,
7,4.2083337,
7,4.2094526,
3,4.2099627,
11,4.2209590,
1,4.2274824,
5,4.2303594,
5,4.2337310,
15,4.2372635,
5,4.2508559,
9,4.2722748,
7,4.2732235,
3,4.2733164,
11,4.2796458,
9,4.2805124,
9,4.2842721,
13,4.2928208,
9,4.2942572,
9,4.3020273,
9,4.3020312,
1,4.3028480,
3,4.3036707,
9,4.3046233,
11,4.3047553,
5,4.3050940,
13,4.3090696,
7,4.3103894,
13,4.3161114,
9,4.3192350,
5,4.3278172,
11,4.3284673,
7,4.3287372,
13,4.3318137,
11,4.3333737,
7,4.3375330,
7,4.3451198,
13,4.3579379,
3,4.3710115,
5,4.3818901,
7,4.3841315,
5,4.3935028,
7,4.3943366,
9,4.4012890,
7,4.4081237,
9,4.4090395,
9,4.4096400,
15,4.4113024,
7,4.4129708,
9,4.4142819,
5,4.4145991,
7,4.4283172,
3,4.4317540,
5,4.4345219,
11,4.4379690,
7,4.4400682,
7,4.4461458,
9,4.4490010,
3,4.4521433,
7,4.4630628,
11,4.4634900,
3,4.4664130,
5,4.4680471,
9,4.4708853,
11,4.4709080,
7,4.4742506,
13,4.4816729,
9,4.4856794,
7,4.4860831,
9,4.4872016,
13,4.4886277,
5,4.4886746,
5,4.4967153,
9,4.5039281,
3,4.5080764,
11,4.5107528,
9,4.5113365,
11,4.5123438,
15,4.5232554,
11,4.5305388,
7,4.5349666,
9,4.5398946,
11,4.5445131,
17,4.5541367,
13,4.5591659,
5,4.5688605,
11,4.5692033,
5,4.5745018,
7,4.5817183,
9,4.5925241,
9,4.5985838,
9,4.6027567,
13,4.6061109,
11,4.6128006,
7,4.6141891,
3,4.6179886,
7,4.6182289,
11,4.6220495,
7,4.6227191,
13,4.6232050,
7,4.6263117,
15,4.6299635,
7,4.6351571,
3,4.6351753,
9,4.6372188,
5,4.6390659,
5,4.6400413,
11,4.6401278,
13,4.6445456,
9,4.6449214,
5,4.6477919,
5,4.6500980,
5,4.6531003,
1,4.6532627,
7,4.6545199,
9,4.6548987,
3,4.6549189,
7,4.6554062,
7,4.6624196,
7,4.6678195,
9,4.6694898,
7,4.6703864,
9,4.6745462,
11,4.6769427,
13,4.6877815,
11,4.6995045,
11,4.7000536,
5,4.7006759,
7,4.7031479,
13,4.7144743,
7,4.7248167,
3,4.7328910,
13,4.7418678,
7,4.7455652,
11,4.7456130,
5,4.7513225,
13,4.7545863,
15,4.7580523,
11,4.7614795,
7,4.7653289,
9,4.7728739,
7,4.7836272,
13,4.7841188,
9,4.7844709,
3,4.7892238,
5,4.7944057,
11,4.7966145,
17,4.7973801,
7,4.8075704,
13,4.8096648,
15,4.8137049,
3,4.8375311,
9,4.8382007,
5,4.8388578,
7,4.8408309,
9,4.8452585,
11,4.8495068,
11,4.8592352,
5,4.8656272,
9,4.8754383,
3,4.8809052,
7,4.8854941,
5,4.8882893,
13,4.8922193,
7,4.8998301,
11,4.9090093,
15,4.9104320,
13,4.9108163,
9,4.9129433,
7,4.9182525,
11,4.9333461,
15,4.9352249,
9,4.9369324,
7,4.9450540,
9,4.9466847,
9,4.9516866,
13,4.9530999,
11,4.9558188,
13,4.9644823,
11,4.9665708,
7,4.9691432,
9,4.9748750,
17,4.9751385,
11,4.9783962,
13,4.9793133,
11,4.9842317,
15,4.9883832,
11,4.9946319,
11,5.0003342,
13,5.0067987,
9,5.0079127,
15,5.0138606,
19,5.0152358,
5,5.0154439,
11,5.0168666,
9,5.0198295,
9,5.0281166,
7,5.0323905,
13,5.0378103,
7,5.0442860,
11,5.0471450,
5,5.0568487,
7,5.0589502,
11,5.0667259,
11,5.0702805,
9,5.0788496,
9,5.0860187,
13,5.0919331,
15,5.0954102,
9,5.0991552,
11,5.1020632,
13,5.1097137,
3,5.1119999,
11,5.1184595,
9,5.1200719,
9,5.1292849,
17,5.1405498,
13,5.1607685,
11,5.1658279,
11,5.1691684,
13,5.1719736,
3,5.1929219,
5,5.2051975,
7,5.2201216,
5,5.2281166,
13,5.2338468,
15,5.2795688,
9,5.3114114,
13,5.4508289,
,6.14980,

#ignore,test#296.1
