g,LeveleV
7,0.0000000,
5,1.1745014,
9,1.7761810,
7,1.8094049,
5,1.8326359,
3,1.8475137,
1,1.8547882,
13,3.415425,
11,3.418399,
9,3.419929,
7,3.420542,
5,3.420645,
5,3.703336,
7,3.7058299,
5,3.7095383,
3,3.7135045,
13,3.784458,
11,3.803774,
3,3.804450,
9,3.818225,
1,3.846263,
9,3.907326,
7,3.925593,
5,3.937888,
9,4.0651815,
1,4.068968,
3,4.0712369,
7,4.073782,
5,4.0740154,
11,4.1097923,
9,4.122308,
7,4.1260367,
11,4.3099509,
9,4.3283838,
7,4.3400408,
5,4.4974797,
3,4.5086407,
1,4.516524,
3,4.688076,
5,4.6925818,
7,4.6929866,
5,4.7568065,
7,4.7787381,
13,4.800700,
9,4.8114165,
9,4.823218,
7,4.9356240,
5,4.9362771,
3,4.9379075,
1,5.053549,
15,5.105994,
13,5.106975,
11,5.108692,
5,5.347626,
3,5.3699198,
5,5.3734072,
7,5.3772613,
7,5.3803433,
5,5.3914112,
11,5.3968661,
9,5.3979231,
3,5.4004014,
7,5.4176404,
5,5.4367494,
3,5.4725424,
13,5.494392,
9,5.5199674,
5,5.5477351,
7,5.5668720,
5,5.815271,
7,5.836388,
9,5.990647,
11,5.992538,
13,6.005305,
7,6.1113498,
9,6.1282130,
7,6.1328970,
11,6.139411,
5,6.1769182,
9,6.1846056,
7,6.1855626,
11,6.3917710,
7,6.4934578,
5,6.494219,
9,6.494761,
9,6.5281805,
1,6.5363112,
3,6.5732936,
5,6.6451983,
5,6.6577947,
7,6.6680853,
9,6.6710717,
1,6.8000707,
3,6.8114703,
5,6.8335544,
7,6.8652150,
9,6.9055496,
7,6.9132748,
3,7.052638,
9,7.3817036,
3,7.7570430,
5,7.7579639,
7,7.7598668,
5,7.991615,
7,7.9936854,
9,7.996254,
11,7.999323,
13,8.0031850,
7,8.118872,
9,8.129152,
5,8.1292795,
11,8.140635,
13,8.152559,
15,8.163991,
11,8.2502234,
1,8.2604839,
9,8.2627156,
3,8.2629413,
5,8.2668737,
7,8.2681019,
3,8.2938151,
5,8.2947281,
5,8.2982025,
7,8.3080841,
9,8.3435719,
13,8.399240,
5,8.4020145,
7,8.4076273,
11,8.4118617,
9,8.4143048,
9,8.4198363,
7,8.4662193,
5,8.4827133,
3,8.4925077,
5,8.5604778,
3,8.5816976,
1,8.594502,
3,8.697586,
5,8.7075923,
7,8.7214125,
9,8.7406120,
7,8.7431251,
11,8.7443092,
9,8.7466314,
11,8.7604253,
7,8.7713101,
5,8.7955095,
3,8.8126110,
3,8.835658,
5,8.842999,
7,8.8512924,
9,8.928232,
7,8.9575769,
5,8.9649540,
3,8.966664,
1,8.966846,
9,9.007311,
3,9.0986455,
7,9.0998753,
5,9.0999856,
9,9.1355822,
7,9.1476927,
5,9.1482460,
3,9.163867,
7,9.2442843,
1,9.3686847,
3,9.3880779,
5,9.4127696,
5,9.4692672,
17,9.64850,
13,9.651194,
15,9.664041,
11,9.681338,
13,9.713014,
15,9.729718,
5,9.7839874,
11,9.8087148,
15,9.813005,
5,9.851592,
7,9.858326,
3,9.861818,
5,9.862287,
7,9.863005,
9,9.864004,
11,9.865326,
13,9.868202,
11,9.886494,
9,9.894015,
9,9.907991,
5,10.061040,
7,10.070075,
9,10.0774071,
3,10.082700,
7,10.124509,
1,10.131127,
3,10.133479,
7,10.139518,
13,10.142318,
5,10.143517,
9,10.149720,
11,10.152616,
9,10.165942,
7,10.173108,
5,10.173451,
9,10.179101,
11,10.181238,
9,10.1836260,
13,10.184367,
7,10.1846328,
5,10.1854621,
3,10.1860433,
1,10.1863424,
5,10.190647,
11,10.195481,
3,10.196076,
7,10.214763,
7,10.218716,
9,10.241756,
7,10.255052,
5,10.257866,
3,10.262768,
9,10.2697054,
1,10.270790,
5,10.280496,
7,10.282765,
3,10.283130,
5,10.299481,
5,10.322427,
7,10.337282,
9,10.356341,
9,10.399233,
11,10.403814,
7,10.406469,
3,10.447926,
9,10.452761,
11,10.467761,
13,10.494511,
5,10.584292,
11,10.594172,
11,10.606022,
13,10.617532,
9,10.622199,
7,10.629742,
9,10.632812,
15,10.639274,
5,10.6496819,
7,10.656775,
7,10.6577588,
5,10.661302,
9,10.6697857,
7,10.670303,
5,10.686230,
3,10.688497,
7,10.700161,
9,10.718347,
13,10.770438,
7,10.7739579,
5,10.7788119,
3,10.7818050,
9,10.858578,
7,10.875604,
5,10.893063,
9,10.903312,
11,10.910053,
13,10.935178,
11,11.006369,
3,11.014744,
11,11.042366,
5,11.044442,
9,11.046563,
7,11.050227,
7,11.087830,
9,11.092293,
5,11.098994,
7,11.105520,
11,11.128858,
9,11.133824,
7,11.152425,
3,11.215622,
5,11.230805,
5,11.232573,
7,11.256029,
7,11.284827,
9,11.287247,
9,11.304743,
11,11.320013,
11,11.330293,
5,11.411498,
3,11.414096,
7,11.416848,
9,11.470606,
1,11.53752,
3,11.57588,
1,11.619758,
3,11.638211,
5,11.644743,
7,11.677110,
5,11.683180,
1,11.74724,
3,11.75314,
5,11.764494,
7,11.777230,
3,11.788506,
9,11.804098,
5,11.978601,
7,12.001694,
9,12.032622,
7,12.1168179,
5,12.2013484,
13,12.202966,
11,12.202970,
9,12.202971,
7,12.202975,
5,12.202975,
3,12.2077293,
5,12.2078019,
7,12.2079015,
9,12.2080202,
11,12.2081469,
3,12.3848673,
5,12.3850898,
7,12.3854376,
9,12.3859168,
11,12.3865529,
9,12.483049,
7,12.4838207,
5,12.484379,
3,12.484746,
1,12.484753,
3,12.51346,
5,12.532844,
7,12.56120,
13,12.580425,
11,12.583107,
9,12.5843081,
5,12.584428,
7,12.5845971,
7,12.595346,
11,12.730743,
9,12.733630,
7,12.733880,
5,12.844780,
7,12.870021,
5,12.874077,
3,12.878050,
1,13.007738,
3,13.020940,
5,13.025247,
7,13.161897,
9,13.162709,
15,13.163152,
11,13.163287,
13,13.163433,
3,13.17527,
5,13.188726,
3,13.20175,
17,13.205391,
9,13.205869,
11,13.206735,
15,13.206820,
13,13.207145,
7,13.20762,
9,13.230117,
5,13.23530,
9,13.252204,
11,13.25319,
7,13.260181,
1,13.260954,
3,13.261704,
5,13.262261,
7,13.28780,
7,13.403007,
7,13.405956,
5,13.411472,
3,13.411720,
13,13.441106,
11,13.441126,
9,13.441149,
7,13.441165,
5,13.441170,
3,13.444329,
5,13.444527,
7,13.444727,
9,13.445031,
11,13.445237,
5,13.445771,
5,13.45054,
7,13.45272,
9,13.45536,
11,13.45863,
9,13.459216,
13,13.459265,
5,13.459265,
7,13.459265,
9,13.459265,
11,13.459265,
13,13.463147,
3,13.48043,
11,13.504390,
5,13.51122,
3,13.51358,
5,13.52001,
7,13.529544,
1,13.53521,
9,13.541777,
3,13.543468,
3,13.544220,
5,13.544349,
7,13.544547,
9,13.544830,
11,13.545167,
11,13.554876,
5,13.55692,
7,13.56132,
9,13.573036,
7,13.573368,
9,13.589710,
5,13.601654,
5,13.62584,
1,13.63313,
3,13.637626,
7,13.64054,
5,13.646808,
9,13.655813,
7,13.663753,
9,13.691480,
7,13.70621,
9,13.71294,
3,13.72153,
11,13.72405,
13,13.73689,
15,13.75313,
3,13.76440,
5,13.76978,
11,13.772604,
7,13.77662,
9,13.78200,
11,13.782160,
3,13.782381,
5,13.784404,
7,13.78868,
13,13.804301,
9,13.851515,
15,13.863479,
11,13.868177,
13,13.90214,
3,13.92023,
5,13.93885,
7,13.94238,
9,13.94367,
11,13.94435,
13,13.94476,
5,13.956071,
7,13.969773,
5,13.97521,
9,13.995312,
5,14.02174,
7,14.02389,
9,14.03273,
11,14.04133,
7,14.04141,
13,14.05029,
11,14.07407,
7,14.074711,
9,14.07968,
7,14.089851,
5,14.090277,
3,14.090338,
9,14.090530,
11,14.091879,
7,14.096729,
7,14.10613,
13,14.114379,
11,14.1144011,
9,14.114411,
7,14.1144266,
5,14.121224,
9,14.12506,
63,14.125773,
9,14.1257999,
13,14.125800,
11,14.1257999,
7,14.125800,
5,14.125800,
3,14.137130,
5,14.137297,
7,14.137478,
11,14.137545,
9,14.137684,
11,14.145444,
3,14.176895,
5,14.176978,
7,14.177105,
9,14.177279,
11,14.177505,
9,14.249808,
7,14.251260,
5,14.252212,
3,14.252776,
1,14.253040,
7,14.510033,
13,14.520171,
5,14.520174,
11,14.520180,
9,14.520190,
7,14.520190,
3,14.52304,
9,14.52324,
5,14.52341,
7,14.52345,
11,14.52455,
3,14.52666,
63,14.527656,
13,14.527720,
11,14.527720,
9,14.527720,
7,14.527720,
5,14.527720,
5,14.534680,
7,14.545112,
9,14.55558,
11,14.566090,
7,14.77717,
7,14.785302,
3,14.78530,
5,14.78530,
11,14.785463,
9,14.785830,
63,14.78849,
45,14.788614,
77,14.789144,
77,14.967630,
,15.63999,

#ignore,test#18.98
