g,LeveleV
8,0.0000000,
10,0.0636448,
12,0.1822698,
10,0.2045993,
14,0.3205562,
12,0.3802292,
16,0.4713792,
12,0.5501873,
14,0.5594781,
18,0.6305390,
14,0.6803825,
16,0.7421173,
10,0.7445586,
16,0.8229364,
12,0.8594337,
8,0.9329482,
18,0.9756205,
14,0.9856837,
14,0.9930899,
10,1.0439866,
4,1.0807014,
6,1.0906103,
16,1.1211594,
20,1.1364652,
8,1.1404556,
12,1.1602330,
16,1.1714256,
6,1.1995267,
10,1.2246124,
8,1.2285154,
12,1.2465613,
10,1.2511692,
18,1.2639947,
2,1.2715869,
14,1.2816371,
4,1.2942989,
22,1.3039158,
8,1.3225122,
12,1.3291472,
6,1.3373897,
14,1.3383214,
10,1.3493510,
6,1.3498463,
12,1.3566345,
18,1.3614135,
12,1.3747077,
10,1.4022966,
16,1.4101312,
8,1.4106383,
20,1.4124515,
4,1.4184691,
14,1.4358443,
10,1.4518072,
6,1.4566693,
12,1.4904562,
14,1.4913390,
10,1.4986162,
6,1.4991140,
14,1.5024907,
8,1.5153572,
8,1.5166603,
16,1.5201213,
12,1.5220567,
14,1.5283569,
12,1.5288919,
14,1.5292496,
18,1.5448425,
12,1.5487213,
20,1.5623007,
4,1.5805022,
8,1.5946128,
8,1.5967987,
12,1.5977949,
16,1.6002101,
12,1.6178215,
10,1.6196887,
10,1.6423158,
14,1.6488510,
16,1.6681119,
10,1.6815214,
14,1.6859204,
14,1.6880653,
16,1.6882532,
10,1.6990082,
12,1.6998506,
6,1.7115045,
10,1.7217655,
18,1.7248211,
10,1.7322589,
12,1.7419532,
8,1.7453900,
14,1.7469547,
12,1.7478902,
16,1.7519035,
14,1.7679378,
10,1.7708177,
22,1.7728866,
18,1.7731978,
8,1.7764785,
12,1.7810312,
14,1.7838103,
16,1.7955354,
6,1.7962620,
12,1.8132410,
10,1.8403650,
16,1.8466467,
18,1.8479696,
16,1.8545060,
12,1.8595045,
10,1.8614008,
14,1.8765244,
12,1.8770724,
12,1.8781126,
18,1.8815978,
6,1.8854531,
14,1.8969179,
8,1.9026442,
16,1.9041437,
14,1.9115003,
4,1.9118549,
10,1.9208556,
14,1.9211674,
6,1.9362234,
20,1.9450399,
20,1.9526538,
8,1.9561477,
14,1.9742326,
16,1.9792447,
24,1.9916927,
16,1.9977757,
18,1.9999705,
8,2.0016765,
10,2.0076482,
12,2.0131395,
18,2.0204130,
18,2.0241170,
10,2.0301284,
20,2.0435311,
12,2.0446160,
4,2.0468179,
10,2.0538609,
14,2.0545105,
18,2.0594457,
8,2.0658470,
6,2.0672288,
12,2.0681240,
16,2.0705355,
20,2.0842134,
10,2.0848135,
12,2.0850708,
16,2.0879286,
16,2.0914566,
6,2.0991566,
4,2.1021831,
8,2.1041718,
14,2.1075008,
16,2.1079204,
16,2.1085075,
12,2.1309003,
8,2.1326875,
10,2.1519750,
14,2.1654231,
18,2.1752463,
22,2.1764351,
12,2.1828639,
8,2.2051217,
12,2.2128706,
10,2.2155363,
20,2.2179143,
18,2.2246454,
14,2.2326994,
10,2.2371579,
8,2.2467059,
14,2.2510621,
22,2.2517303,
18,2.2529671,
20,2.2623006,
6,2.2756791,
12,2.2766270,
6,2.2875525,
16,2.2970962,
18,2.3014251,
12,2.3191870,
14,2.3255865,
10,2.3347712,
18,2.3366496,
8,2.3589302,
14,2.3697869,
16,2.3844926,
10,2.4183521,
16,2.4419612,
10,2.4423189,
12,2.4428619,
10,2.4497467,
16,2.4750296,
12,2.4836093,
10,2.4869358,
16,2.5166077,
14,2.5284612,
12,2.5562802,
14,2.5598937,
10,2.5630726,
8,2.5825946,
14,2.5866408,
12,2.5921773,
10,2.6099411,
6,2.6335577,
8,2.6398399,
14,2.6540739,
8,2.6546567,
12,2.6664705,
12,2.6770017,
18,2.6941215,
14,2.7116014,
8,2.7117216,
10,2.7174919,
10,2.7509180,
14,2.7535198,
12,2.7540294,
10,2.7720468,
8,2.7759864,
10,2.7841414,
14,2.7993357,
10,2.8099419,
12,2.8140532,
16,2.8155720,
8,2.8331065,
12,2.8674365,
12,2.8714703,
10,2.8728515,
8,2.8761573,
10,2.8801504,
20,2.8878970,
12,2.8985416,
8,2.9009035,
10,2.9024100,
12,2.9085385,
16,2.9115606,
10,2.9182632,
16,2.9250228,
8,2.9305823,
6,2.9392550,
16,2.9430706,
10,2.9472321,
14,2.9510954,
12,2.9579226,
14,2.9745551,
10,2.9760795,
10,2.9822341,
8,2.9917759,
12,2.9922446,
14,3.0057756,
8,3.0148022,
10,3.0154501,
14,3.0275348,
12,3.0308408,
8,3.0336485,
16,3.0434972,
10,3.0462632,
12,3.0606386,
14,3.0650189,
10,3.0744833,
12,3.0801227,
8,3.0889237,
14,3.0940511,
12,3.1014536,
8,3.1051402,
12,3.1096297,
16,3.1145240,
8,3.1167830,
10,3.1232178,
12,3.1245140,
6,3.1266366,
16,3.1288243,
18,3.1350719,
8,3.1362150,
12,3.1432927,
16,3.1434489,
10,3.1478602,
14,3.1485316,
12,3.1592742,
8,3.1639633,
14,3.1646310,
12,3.1691837,
8,3.1800552,
18,3.1837146,
6,3.1919752,
10,3.1952606,
8,3.2042930,
12,3.2078610,
6,3.2082827,
10,3.2083589,
14,3.2134696,
16,3.2274916,
6,3.2286967,
16,3.2304281,
10,3.2370210,
6,3.2379744,
6,3.2447681,
12,3.2462138,
8,3.2492297,
14,3.2497176,
10,3.2517447,
12,3.2575720,
8,3.2598548,
14,3.2642578,
8,3.2693455,
10,3.2707933,
8,3.2759774,
12,3.2800257,
14,3.2805698,
16,3.2823298,
14,3.2842360,
10,3.2856309,
18,3.2959928,
8,3.3029490,
10,3.3067317,
8,3.3106264,
14,3.3151874,
10,3.3177211,
12,3.3179529,
12,3.3193149,
8,3.3219497,
8,3.3361083,
16,3.3367576,
10,3.3385219,
12,3.3465685,
10,3.3493420,
10,3.3562498,
12,3.3604473,
14,3.3629592,
14,3.3657445,
10,3.3698412,
10,3.3765268,
8,3.3778280,
12,3.3780053,
8,3.3847120,
14,3.3858777,
12,3.3912518,
10,3.4002666,
8,3.4026874,
16,3.4028511,
14,3.4032063,
8,3.4100753,
12,3.4118474,
10,3.4141045,
10,3.4161986,
16,3.4234176,
6,3.4238182,
8,3.4267590,
8,3.4336953,
14,3.4370193,
14,3.4398412,
12,3.4429708,
10,3.4435539,
12,3.4444992,
12,3.4465797,
8,3.4474284,
16,3.4488430,
10,3.4618105,
12,3.4620876,
10,3.4634385,
10,3.4703221,
12,3.4706184,
18,3.4707188,
14,3.4826504,
12,3.4876569,
10,3.4926900,
14,3.4958777,
8,3.4980734,
12,3.5069687,
10,3.5085621,
10,3.5137803,
14,3.5154982,
18,3.5235032,
8,3.5360486,
16,3.5386262,
14,3.5414208,
12,3.5437931,
12,3.5456456,
10,3.5462010,
14,3.5615618,
16,3.5620338,
12,3.5633176,
18,3.5643628,
10,3.5688945,
16,3.5777990,
12,3.5782043,
14,3.5830280,
10,3.5863973,
18,3.5989557,
8,3.6000858,
10,3.6009289,
12,3.6054441,
14,3.6065421,
10,3.6228886,
12,3.6252212,
16,3.6278694,
10,3.6325665,
12,3.6372910,
16,3.6404885,
12,3.6482505,
14,3.6493825,
12,3.6556251,
10,3.6602293,
12,3.6676869,
16,3.6726798,
14,3.6825134,
12,3.6902363,
14,3.6963945,
10,3.7027435,
8,3.7045028,
6,3.7049194,
10,3.7135164,
16,3.7139975,
20,3.7198124,
6,3.7241229,
16,3.7312859,
12,3.7395638,
10,3.7439239,
12,3.7456500,
18,3.7501215,
6,3.7558523,
14,3.7564286,
16,3.7574837,
8,3.7593776,
14,3.7627146,
8,3.7683509,
16,3.7698115,
6,3.7730684,
8,3.7757331,
14,3.7774693,
14,3.7784866,
10,3.7820245,
8,3.7880204,
14,3.7902230,
8,3.7904238,
6,3.8013338,
8,3.8039920,
12,3.8052075,
14,3.8064116,
16,3.8072175,
18,3.8164184,
6,3.8181081,
8,3.8193996,
14,3.8203385,
10,3.8209866,
6,3.8299946,
8,3.8303344,
8,3.8335455,
10,3.8345337,
14,3.8375814,
10,3.8423304,
12,3.8429620,
16,3.8521271,
12,3.8541443,
8,3.8594967,
14,3.8625857,
10,3.8657969,
8,3.8666431,
14,3.8753456,
12,3.8775822,
10,3.8851449,
16,3.8884069,
14,3.8937344,
12,3.8979338,
10,3.8994641,
16,3.9041519,
8,3.9072478,
12,3.9090523,
14,3.9142940,
10,3.9201588,
18,3.9272361,
10,3.9294308,
8,3.9310790,
18,3.9449925,
10,3.9470155,
8,3.9482536,
14,3.9498013,
16,3.9523846,
12,3.9551698,
10,3.9606318,
10,3.9667058,
8,3.9685576,
16,3.9791049,
14,3.9793646,
8,3.9827991,
12,3.9854032,
10,3.9879845,
10,3.9913056,
8,3.9913979,
6,3.9915609,
6,3.9937356,
16,3.9949655,
10,3.9989529,
12,4.0139947,
8,4.0163549,
14,4.0167849,
16,4.0200566,
12,4.0225545,
16,4.0251017,
10,4.0273452,
12,4.0322310,
14,4.0395688,
10,4.0424155,
8,4.0443577,
12,4.0481783,
10,4.0507332,
12,4.0616714,
10,4.0664862,
14,4.0747210,
8,4.0758987,
16,4.0797403,
10,4.0813337,
4,4.0870412,
12,4.0918778,
18,4.1035943,
12,4.1063678,
12,4.1154001,
18,4.1181401,
4,4.1212245,
14,4.1237603,
4,4.1288393,
8,4.1303935,
8,4.1307642,
14,4.1476260,
4,4.1490866,
2,4.1559776,
18,4.1567562,
6,4.1586984,
14,4.1605001,
14,4.1613467,
14,4.1699110,
4,4.1708694,
12,4.1746248,
12,4.1777976,
12,4.1806341,
14,4.1856609,
12,4.1897273,
14,4.1918041,
2,4.1931865,
6,4.1982692,
18,4.2011091,
12,4.2046588,
4,4.2081030,
16,4.2085419,
14,4.2156398,
12,4.2244361,
14,4.2263684,
18,4.2302348,
12,4.2313107,
4,4.2320097,
4,4.2434943,
12,4.2436297,
6,4.2454564,
2,4.2555468,
4,4.2569404,
14,4.2650477,
4,4.2794212,
10,4.2807888,
16,4.2843647,
4,4.2853663,
10,4.2909189,
6,4.2938493,
16,4.2987476,
14,4.3009384,
6,4.3016966,
8,4.3033806,
8,4.3080250,
8,4.3167851,
16,4.3197421,
2,4.3216428,
6,4.3233854,
16,4.3265303,
6,4.3318529,
8,4.3373321,
8,4.3464062,
8,4.3511058,
6,4.3518596,
4,4.3548600,
12,4.3559988,
6,4.3600165,
10,4.3604759,
12,4.3661872,
12,4.3673694,
14,4.3694286,
8,4.3741650,
10,4.3805452,
2,4.3821465,
14,4.3894684,
12,4.3928395,
8,4.3945244,
4,4.3948716,
16,4.3996946,
6,4.4010280,
14,4.4018377,
14,4.4122560,
10,4.4146670,
16,4.4149806,
8,4.4202822,
4,4.4239298,
4,4.4305071,
6,4.4410427,
10,4.4420501,
10,4.4474979,
8,4.4489101,
6,4.4554528,
6,4.4588313,
10,4.4616681,
6,4.4630586,
10,4.4678338,
6,4.4806104,
16,4.4844926,
12,4.4920114,
6,4.4936938,
8,4.4960025,
14,4.5021880,
6,4.5111254,
8,4.5122487,
10,4.5151400,
2,4.5172986,
14,4.5185324,
14,4.5261163,
12,4.5270028,
12,4.5282395,
2,4.5320948,
8,4.5342856,
4,4.5349778,
12,4.5400583,
8,4.5404284,
14,4.5466555,
4,4.5510285,
10,4.5511376,
8,4.5515901,
10,4.5522292,
14,4.5538017,
6,4.5608747,
6,4.5643654,
14,4.5644485,
4,4.5674093,
10,4.5678215,
6,4.5712286,
10,4.5740399,
10,4.5769660,
10,4.5925929,
6,4.5926109,
12,4.5943696,
12,4.6033535,
14,4.6059023,
14,4.6199885,
16,4.6205805,
14,4.6239002,
8,4.6253198,
10,4.6313417,
8,4.6328580,
6,4.6377852,
18,4.6383338,
10,4.6401309,
8,4.6409573,
8,4.6413379,
12,4.6476342,
14,4.6488371,
12,4.6515319,
18,4.6521655,
14,4.6599269,
12,4.6659606,
6,4.6662488,
12,4.6664379,
14,4.6668309,
10,4.6698506,
16,4.6744151,
6,4.6767776,
8,4.6770268,
6,4.6793199,
8,4.6821783,
6,4.6831411,
16,4.6836488,
10,4.6865791,
6,4.6919229,
16,4.7012037,
6,4.7088951,
10,4.7095627,
10,4.7303561,
10,4.7337012,
6,4.7371486,
12,4.7428630,
16,4.7464920,
14,4.7482408,
12,4.7509468,
16,4.7589704,
4,4.7623911,
14,4.7646464,
8,4.7649297,
16,4.7650053,
12,4.7657468,
16,4.7692010,
12,4.7715096,
10,4.7980211,
12,4.8090309,
16,4.8093812,
10,4.8189812,
12,4.8189918,
10,4.8209783,
18,4.8251619,
18,4.8372906,
14,4.8387611,
16,4.8388987,
14,4.8425575,
14,4.8511483,
16,4.8568001,
14,4.8572657,
14,4.8586983,
12,4.8601756,
2,4.8714191,
10,4.8734128,
12,4.8748219,
12,4.8808087,
10,4.8896020,
8,4.8902858,
16,4.8929384,
16,4.8986082,
8,4.9027034,
10,4.9053207,
14,4.9065544,
10,4.9101648,
20,4.9114431,
18,4.9145111,
10,4.9299998,
14,4.9377736,
16,4.9418484,
6,4.9471561,
14,4.9531229,
16,4.9535952,
16,4.9541023,
8,4.9627750,
16,4.9700132,
12,4.9712909,
18,4.9759173,
6,4.9927271,
12,5.0124059,
8,5.0142055,
4,5.0148837,
2,5.0224660,
18,5.0254280,
12,5.0309056,
16,5.0357645,
6,5.0396539,
20,5.0454006,
14,5.0457260,
10,5.0492819,
8,5.0632128,
12,5.0652430,
14,5.0658914,
16,5.0661109,
16,5.0733795,
16,5.0816808,
12,5.1055856,
6,5.1152948,
16,5.1153084,
6,5.1177212,
14,5.1177268,
6,5.1201296,
10,5.1424523,
10,5.1492367,
4,5.1494320,
16,5.1529141,
18,5.1556957,
20,5.1574116,
14,5.1704678,
12,5.1711416,
20,5.1734099,
22,5.1809023,
10,5.1820188,
10,5.1878783,
18,5.1977536,
10,5.2020211,
14,5.2082005,
10,5.2163766,
10,5.2241932,
10,5.2325851,
12,5.2369481,
8,5.2410315,
20,5.2421728,
16,5.2424257,
6,5.2600104,
8,5.2648836,
16,5.2661290,
6,5.2662865,
8,5.2897362,
18,5.2965541,
22,5.2997442,
18,5.3170165,
12,5.3171857,
18,5.3228809,
12,5.3296901,
10,5.3404730,
8,5.3576790,
10,5.3586801,
12,5.3624877,
8,5.3718218,
12,5.3781047,
20,5.3919711,
22,5.4022395,
12,5.4037335,
14,5.4399530,
10,5.4405519,
6,5.4458051,
10,5.4466915,
24,5.4514228,
14,5.4558651,
8,5.4559247,
12,5.4683218,
12,5.4684756,
10,5.4701642,
6,5.5194740,
14,5.5276142,
20,5.5621159,
12,5.5648931,
12,5.5811239,
6,5.5841404,
8,5.5913526,
12,5.6123078,
8,5.6289601,
14,5.6345468,
16,5.6417100,
10,5.6584169,
16,5.6602419,
16,5.6786474,
14,5.7432289,
14,5.9038064,
16,5.9544868,
18,6.1072961,
,10.783,

#ignore,test#669.76
