g,LeveleV
4,0.00000000,
2,0.09676024,
2,26.910472,
6,27.16875174,
4,27.2329339,
2,27.27000770,
4,27.78324821,
2,27.85915908,
6,30.52396899,
6,30.54897749,
4,30.54939418,
4,30.55156804,
2,30.57421575,
8,30.88553180,
6,30.92735780,
4,30.95829705,
2,30.97616485,
6,31.12141637,
4,31.18476555,
2,31.34301510,
4,31.36223939,
4,31.51244241,
2,31.52821065,
6,34.01687000,
8,34.02239020,
4,34.25396207,
2,34.2830939,
2,34.3035902,
4,34.3839892,
6,34.38630670,
8,34.6086522,
6,34.61869947,
4,34.63187052,
2,34.6440204,
10,34.7370230,
8,34.7480986,
6,34.7489205,
4,34.77428890,
8,34.80245657,
2,34.81085841,
6,34.81442056,
4,34.83299812,
4,34.83826076,
6,34.84277499,
6,34.86080527,
2,34.8807871,
4,34.92886254,
6,34.96332866,
4,35.01007584,
2,35.04793112,
4,35.12749222,
2,35.19841919,
6,36.00153059,
4,36.02771897,
2,36.05507591,
8,36.1044477,
6,36.14077610,
4,36.1788195,
2,36.1994328,
6,36.2074931,
4,36.25939694,
2,36.2711665,
4,36.2841366,
4,36.46207411,
2,36.4926649,
8,37.4185624,
6,37.4253334,
4,37.4367781,
2,37.4503262,
10,37.4671457,
8,37.4739467,
6,37.4813807,
4,37.4960221,
2,37.5021924,
8,37.5363133,
4,37.5445181,
10,37.5460164,
8,37.5462806,
2,37.5463535,
6,37.5472841,
8,37.5478097,
6,37.5478811,
6,37.5536404,
4,37.5551307,
6,37.5552644,
10,37.5591893,
12,37.5591918,
4,37.5623819,
2,37.5658308,
4,37.5659481,
6,37.5761142,
4,37.5967073,
6,37.6019142,
4,37.6302529,
6,37.6303838,
4,37.6314588,
10,37.6326419,
8,37.6327393,
8,37.6415915,
6,37.6416644,
8,37.6694014,
6,37.6694582,
2,37.6822788,
4,37.6880053,
2,37.7457753,
10,37.8603113,
8,37.8604491,
4,37.8646002,
2,37.8658278,
4,37.8854700,
2,37.8873702,
2,37.9405355,
6,37.9693434,
4,37.9717422,
6,38.0243755,
8,38.0244230,
6,38.0506625,
4,38.0718040,
8,38.0929919,
2,38.1015169,
6,38.1153245,
4,38.1591977,
6,38.1740924,
2,38.1879819,
2,38.1899796,
6,38.1996861,
4,38.1997309,
4,38.2041026,
4,38.2091012,
4,38.2786348,
2,38.3082452,
8,38.7107823,
6,38.7150642,
4,38.7234437,
10,38.7336086,
2,38.7345146,
8,38.7377045,
6,38.7456240,
4,38.7542089,
2,38.7556217,
10,38.7777806,
8,38.7779776,
8,38.7787847,
6,38.7788391,
4,38.7827565,
6,38.7828416,
10,38.7835808,
12,38.7835817,
8,38.7836930,
10,38.7836960,
12,38.7843216,
10,38.7843264,
6,38.7853272,
8,38.7853291,
12,38.7864002,
14,38.7864024,
4,38.787601,
6,38.7876037,
2,38.7876635,
4,38.7877813,
6,38.7950853,
8,38.8063550,
2,38.8078231,
4,38.8097589,
6,38.8160168,
4,38.8229897,
6,38.8242289,
4,38.8293979,
6,38.8499635,
4,38.8590081,
6,38.8591320,
4,38.8598104,
10,38.8605494,
8,38.8606478,
6,38.8637778,
8,38.8637841,
10,38.8643291,
12,38.8643301,
8,38.8653146,
6,38.8653769,
8,38.8665890,
10,38.8665929,
4,38.8879095,
2,38.8938561,
8,38.8961927,
6,38.8962421,
8,38.8993595,
10,38.899365,
2,38.9333832,
6,39.0460582,
4,39.0599954,
8,39.0674208,
6,39.0801608,
2,39.0849488,
2,39.1294269,
6,39.1456464,
2,39.1568211,
4,39.1609808,
4,39.1855257,
6,39.2883828,
8,39.2902410,
4,39.3852054,
6,39.3998727,
4,39.3999177,
2,39.4056886,
8,39.4071606,
6,39.4098958,
4,39.4154511,
10,39.4196548,
8,39.4221780,
2,39.4224,
6,39.4270009,
4,39.43190,
10,39.4463231,
8,39.4464583,
8,39.4469331,
6,39.4469722,
4,39.4492755,
6,39.4493295,
10,39.4497485,
12,39.4497500,
8,39.4498152,
10,39.4498165,
12,39.4500510,
10,39.4500561,
22,39.4505950,
26,39.4506178,
6,39.4507713,
8,39.4507730,
18,39.4510660,
12,39.451365,
14,39.4513718,
30,39.4514744,
14,39.4517801,
2,39.451983,
4,39.4520468,
4,39.4520653,
6,39.4520685,
6,39.4587284,
4,39.474869,
2,39.4932,
8,39.494793,
4,39.49788,
6,39.50119,
4,39.5078,
4,39.5266989,
6,39.5267974,
10,39.5276643,
8,39.5277415,
8,39.5296950,
6,39.5296956,
10,39.5300254,
12,39.5300290,
8,39.5304356,
10,39.5304382,
8,39.5304714,
6,39.5305178,
26,39.5305813,
22,39.5313074,
8,39.5313508,
10,39.5313548,
6,39.533962,
4,39.539463,
4,39.5435260,
2,39.549799,
8,39.5628013,
6,39.5628381,
8,39.5648071,
10,39.5648093,
22,39.5652100,
2,39.583132,
6,39.8371,
4,39.84074,
10,39.8491698,
8,39.849254,
8,39.849565,
6,39.849588,
4,39.851058,
6,39.851083,
10,39.851352,
12,39.851353,
10,39.851399,
8,39.851400,
12,39.851492,
10,39.851496,
8,39.851999,
6,39.851999,
12,39.852367,
14,39.852370,
4,39.852733,
6,39.852804,
4,39.867692,
4,39.9100,
6,39.9129,
4,39.9170,
4,39.929226,
6,39.929286,
10,39.9298525,
8,39.929903,
8,39.931199,
6,39.931201,
10,39.931405,
12,39.931412,
8,39.931635,
6,39.931665,
8,39.932253,
10,39.932255,
6,39.9456,
4,39.94839,
8,39.964738,
6,39.964802,
8,39.966058,
10,39.966058,
6,40.103148,
4,40.10377,
10,40.110500,
8,40.110558,
8,40.110763,
6,40.111787,
12,40.112049,
10,40.112051,
4,40.18242,
4,40.190395,
6,40.190415,
10,40.190836,
8,40.190879,
8,40.192056,
6,40.192078,
4,40.2144,
8,40.225562,
6,40.225580,
6,40.2837,
4,40.2846,
10,40.289595,
12,40.290661,
10,40.290661,
6,40.3627,
10,40.369714,
8,40.369739,
8,40.370557,
4,40.3954,
8,40.404318,
10,40.638851,
8,40.638929,
4,40.6531,
2,40.666263,
6,40.6775,
4,40.6795,
6,40.6869,
6,40.706235,
8,40.706258,
4,40.7373472,
2,40.737348,
10,40.749305,
12,40.749321,
6,40.7530932,
4,40.7530955,
6,40.7682421,
8,40.7682429,
8,40.7718350,
10,40.7718471,
6,40.809229,
4,40.809246,
,40.96297,
,41.04268,
,41.07711,
2,41.839874,
4,41.974911,
10,41.981155,
12,41.981156,
6,41.990789,
10,41.992663,
8,41.992671,
2,42.004452,
2,42.6311,
10,42.649824,
12,42.649824,
10,42.65650,
2,43.0391,
12,43.052781,
10,43.052781,
2,43.3045,
12,43.314177,
,44.16680,
,47.87542,

#ignore,test#5.82
