g,LeveleV
10,0.000000,
12,0.170677,
14,0.352952,
16,0.543187,
10,0.549525,
12,0.603374,
10,0.721944,
12,0.782741,
8,0.810300,
14,0.818742,
12,0.832457,
12,0.854617,
8,0.944442,
14,0.946019,
14,0.985837,
8,0.993503,
10,0.995499,
12,1.001853,
10,1.022897,
10,1.031582,
16,1.036993,
10,1.071698,
14,1.082816,
12,1.094664,
12,1.095452,
12,1.149179,
14,1.173440,
12,1.175804,
16,1.196063,
12,1.199548,
14,1.200693,
8,1.229696,
14,1.272885,
10,1.284068,
14,1.290775,
14,1.292372,
12,1.293372,
16,1.297709,
16,1.322787,
18,1.329166,
12,1.351932,
10,1.353957,
10,1.355974,
6,1.377178,
10,1.386690,
12,1.398900,
12,1.403806,
14,1.433603,
10,1.452258,
14,1.456363,
18,1.458586,
16,1.464836,
20,1.477050,
12,1.480891,
14,1.492977,
12,1.510144,
14,1.515347,
12,1.516900,
10,1.580315,
20,1.605045,
16,1.612049,
12,1.616227,
14,1.629971,
22,1.636435,
14,1.642879,
10,1.645599,
18,1.646568,
10,1.665420,
8,1.668117,
10,1.686893,
12,1.701994,
8,1.708675,
10,1.713773,
8,1.719314,
12,1.719948,
10,1.732648,
14,1.746640,
10,1.753053,
12,1.757898,
10,1.758888,
10,1.768208,
10,1.769615,
18,1.777959,
10,1.793844,
14,1.794063,
12,1.798404,
12,1.817688,
12,1.830046,
10,1.830542,
16,1.835054,
12,1.857474,
12,1.873587,
14,1.879118,
12,1.889291,
14,1.905924,
12,1.917983,
10,1.925670,
12,1.930099,
14,1.943786,
14,1.955551,
14,1.965210,
12,1.969232,
12,1.971960,
16,1.983104,
14,1.992415,
12,1.998778,
14,2.014857,
16,2.020248,
12,2.022987,
12,2.030547,
16,2.039707,
14,2.061474,
16,2.064417,
12,2.080268,
14,2.085887,
12,2.099782,
14,2.105133,
16,2.140241,
12,2.158012,
16,2.161042,
12,2.166097,
18,2.169035,
14,2.170242,
12,2.179383,
18,2.193920,
18,2.213800,
10,2.247282,
12,2.249609,
10,2.255176,
12,2.257018,
12,2.261136,
16,2.266172,
12,2.270042,
18,2.278872,
16,2.289612,
16,2.299725,
18,2.300788,
10,2.303408,
10,2.310592,
12,2.331901,
14,2.334549,
10,2.341579,
12,2.347627,
8,2.354100,
12,2.370897,
20,2.376987,
14,2.382074,
10,2.393333,
14,2.394874,
10,2.397837,
12,2.398257,
16,2.400902,
14,2.404106,
12,2.414561,
16,2.425976,
10,2.432575,
8,2.436857,
8,2.448576,
12,2.457452,
12,2.462561,
10,2.463710,
12,2.468542,
12,2.469810,
10,2.475216,
12,2.490751,
10,2.498852,
12,2.500978,
10,2.503346,
12,2.509901,
12,2.510623,
8,2.513093,
12,2.513312,
14,2.515711,
12,2.518774,
14,2.521773,
10,2.522369,
10,2.528820,
14,2.534174,
8,2.537632,
10,2.538782,
8,2.547005,
12,2.552081,
10,2.556653,
6,2.556767,
14,2.556895,
16,2.560523,
8,2.560690,
12,2.570428,
8,2.577896,
14,2.578654,
14,2.582237,
8,2.588039,
10,2.588602,
10,2.596058,
12,2.596653,
12,2.601554,
12,2.605313,
8,2.612674,
8,2.616796,
12,2.618632,
14,2.623476,
8,2.629888,
14,2.632313,
14,2.636364,
12,2.640990,
6,2.649516,
16,2.653072,
8,2.656251,
14,2.661499,
14,2.661947,
12,2.662003,
12,2.662165,
8,2.667307,
8,2.673822,
12,2.679628,
14,2.680351,
16,2.681679,
8,2.684213,
16,2.684896,
12,2.687624,
14,2.691676,
8,2.693057,
14,2.696162,
12,2.698536,
14,2.698759,
8,2.701614,
10,2.702257,
12,2.704481,
8,2.722818,
12,2.723870,
14,2.727575,
8,2.729402,
8,2.734784,
16,2.738665,
14,2.747020,
8,2.747449,
8,2.761436,
14,2.779248,
8,2.783837,
12,2.785115,
16,2.789497,
10,2.790810,
8,2.797876,
12,2.799222,
14,2.810737,
10,2.813772,
18,2.814552,
14,2.817650,
12,2.819726,
10,2.822116,
16,2.822197,
14,2.825021,
14,2.825171,
12,2.828236,
14,2.830771,
12,2.833162,
12,2.836937,
10,2.841884,
10,2.842262,
12,2.845383,
14,2.848481,
12,2.859986,
14,2.862185,
10,2.862457,
12,2.877367,
10,2.881657,
10,2.886363,
12,2.890007,
10,2.904998,
12,2.910543,
16,2.912220,
12,2.927471,
12,2.946760,
18,2.950039,
10,2.953130,
16,2.956114,
14,2.962137,
12,2.966085,
10,2.972651,
8,2.973644,
14,2.975322,
14,2.984722,
14,2.990014,
16,2.991239,
12,2.992553,
16,2.995029,
18,2.999814,
14,3.004795,
12,3.006808,
14,3.008829,
12,3.013748,
12,3.014310,
12,3.017002,
14,3.023993,
12,3.026014,
10,3.030398,
16,3.034262,
16,3.041197,
12,3.041877,
14,3.044437,
12,3.048122,
12,3.048876,
16,3.054325,
12,3.064991,
16,3.069173,
12,3.077478,
12,3.088037,
12,3.100468,
8,3.101313,
18,3.102773,
12,3.111733,
16,3.120557,
10,3.125537,
14,3.128930,
12,3.130684,
12,3.134219,
12,3.134370,
14,3.138307,
16,3.139478,
12,3.140981,
14,3.143916,
12,3.145102,
14,3.147028,
14,3.155945,
12,3.156852,
10,3.158342,
14,3.161461,
12,3.167954,
14,3.172498,
14,3.175083,
14,3.175768,
10,3.181168,
18,3.182023,
10,3.186987,
10,3.189993,
8,3.192049,
16,3.196505,
10,3.200633,
14,3.203774,
14,3.204193,
16,3.206469,
14,3.211486,
14,3.218967,
10,3.224355,
10,3.233970,
14,3.236889,
14,3.238885,
6,3.248113,
18,3.254851,
14,3.255658,
14,3.260525,
12,3.262140,
20,3.262493,
14,3.267336,
12,3.267881,
10,3.272239,
16,3.274454,
14,3.279156,
14,3.280040,
10,3.289153,
18,3.293680,
16,3.304734,
16,3.311659,
14,3.312291,
12,3.317489,
12,3.318586,
12,3.320834,
12,3.325845,
10,3.326350,
12,3.328233,
10,3.336247,
16,3.339252,
16,3.347396,
10,3.350859,
12,3.366659,
18,3.372607,
14,3.374103,
12,3.386006,
10,3.388700,
20,3.397731,
12,3.403272,
18,3.412439,
12,3.418481,
12,3.422264,
16,3.424445,
12,3.426244,
22,3.426245,
14,3.436998,
18,3.444846,
12,3.455406,
14,3.470536,
12,3.478296,
12,3.490128,
12,3.492476,
16,3.518484,
10,3.533775,
12,3.541073,
20,3.547664,
10,3.555284,
22,3.571864,
16,3.583921,
14,3.585287,
22,3.591087,
14,3.596937,
22,3.695453,
18,3.720832,
20,3.864923,
12,3.933831,
12,3.941094,
10,4.054815,
,5.4702,

#ignore,test#586.8
