g,LeveleV
10,0.000000,
12,0.173372,
14,0.358704,
16,0.552196,
4,1.161814,
10,1.243924,
6,1.256974,
8,1.346352,
4,1.357657,
10,1.458264,
12,1.549137,
10,1.592783,
12,1.655449,
8,1.721843,
6,1.759007,
10,1.805064,
12,1.842400,
6,1.865441,
8,1.914747,
14,1.916072,
12,1.924917,
10,1.947188,
14,1.994799,
8,2.000605,
8,2.047742,
10,2.078469,
4,2.119588,
14,2.121765,
12,2.158513,
16,2.174033,
10,2.185469,
16,2.187337,
10,2.239571,
6,2.257970,
12,2.261663,
2,2.317717,
16,2.345935,
8,2.354470,
6,2.361414,
12,2.394002,
14,2.400346,
18,2.436249,
12,2.442600,
8,2.463867,
4,2.499566,
10,2.518820,
6,2.584871,
4,2.585921,
4,2.622071,
14,2.633273,
8,2.640230,
6,2.655598,
10,2.670021,
6,2.679446,
12,2.697380,
8,2.737688,
4,2.762078,
8,2.793079,
10,2.820354,
4,2.857911,
4,2.863006,
14,2.873345,
6,2.882135,
12,2.906469,
2,2.909343,
6,2.917703,
14,2.931950,
8,2.932459,
6,2.944819,
10,2.956351,
2,2.970087,
4,3.006694,
4,3.013957,
12,3.020005,
6,3.032807,
8,3.034005,
10,3.073323,
8,3.085534,
10,3.103809,
16,3.129933,
14,3.148176,
8,3.150406,
6,3.215528,
16,3.221028,
12,3.235396,
8,3.279006,
18,3.279119,
4,3.337839,
10,3.345052,
8,3.364751,
12,3.394726,
6,3.403670,
6,3.421608,
10,3.422492,
12,3.484175,
8,3.521081,
10,3.560914,
10,3.581301,
4,3.587664,
14,3.628160,
6,3.628752,
10,3.699080,
12,3.782227,
12,3.810472,
10,3.842834,
8,3.875090,
8,3.941201,
2,3.943156,
4,4.003316,
14,4.061736,
4,4.133431,
12,4.149306,
6,4.173307,
2,4.240087,
6,4.279968,
8,4.317810,
8,4.342483,
4,4.356534,
10,4.375526,
6,4.387078,
8,4.438773,
10,4.442163,
4,4.446537,
8,4.542828,
14,4.543045,
6,4.544305,
12,4.546571,
2,4.548138,
6,4.588893,
4,4.611920,
8,4.701429,
10,4.766992,
2,4.779578,
6,4.797508,
14,4.798386,
8,4.801474,
16,4.808821,
10,4.838393,
4,4.850323,
10,4.863355,
2,4.895576,
16,4.925395,
12,4.926263,
10,4.943271,
8,4.952018,
6,4.971600,
4,4.984876,
8,5.086325,
18,5.086684,
8,5.539612,
6,5.567315,
10,5.679214,
6,5.67936,
4,5.684012,
8,5.786811,
4,6.001039,
6,6.043669,
4,6.227452,
12,6.279471,
14,6.280881,
2,6.30699,
6,6.36198,
4,6.45051,
8,6.582668,
8,7.210683,
10,7.212675,
10,7.459658,
12,7.491092,
8,7.503563,
10,7.607303,
8,7.638128,
6,7.652054,
10,7.694785,
12,7.716879,
10,7.753429,
12,7.756287,
14,7.771168,
4,7.838440,
8,7.839786,
6,7.882453,
10,7.884571,
8,7.906306,
12,7.912288,
12,7.953703,
14,7.961701,
10,7.964201,
6,7.984710,
6,8.036350,
10,8.041262,
12,8.042254,
8,8.056437,
8,8.095660,
6,8.171729,
12,8.173338,
8,8.174929,
14,8.178884,
14,8.201356,
16,8.220320,
2,8.223232,
6,8.267408,
14,8.274195,
8,8.288699,
4,8.290463,
6,8.299879,
10,8.313039,
8,8.336741,
6,8.355955,
10,8.356385,
8,8.391153,
10,8.414902,
4,8.426644,
12,8.460449,
16,8.46875,
8,8.472055,
10,8.477363,
8,8.491979,
12,8.496094,
10,8.498396,
8,8.530320,
6,8.552250,
8,8.553307,
10,8.572054,
12,8.605558,
8,8.608347,
6,8.63942,
10,8.639995,
12,8.676176,
14,8.726191,
10,8.80549,
8,8.85069,
4,8.86499,
6,8.869381,
10,8.876319,
12,8.894186,
8,8.924199,
6,8.926219,
10,9.05455,
8,9.097765,
10,9.126002,
12,9.12637,
6,9.18787,
4,9.23232,
8,9.33527,
4,9.349596,
6,9.368339,
6,9.375042,
12,9.378165,
10,9.393319,
4,9.53344,
6,9.648698,
2,9.709563,
8,9.72825,
12,9.756883,
4,9.781007,
14,9.811642,
6,9.840210,
8,9.843794,
2,9.886793,
4,9.939074,
12,9.963472,
4,10.030055,
14,10.041326,
6,10.092874,
4,10.22775,
4,10.293901,
6,10.343574,
12,10.365987,
14,10.377903,
4,10.465498,
10,10.465584,
8,10.468107,
16,10.537670,
6,10.576608,
8,10.85006,
10,10.93791,
10,11.02822,
12,11.17343,
10,11.23659,
8,11.46131,
6,11.47533,
12,11.56729,
8,11.65047,
10,11.79684,
8,12.00545,
10,12.438234,
10,12.451769,
12,12.475915,
8,12.496237,
10,12.515855,
6,12.531260,
12,12.542902,
8,12.577734,
6,12.604925,
14,12.606760,
12,12.700404,
10,12.706478,
12,12.722916,
10,12.749348,
14,12.768133,
8,12.808625,
10,12.811915,
12,12.813066,
16,12.830404,
14,12.870227,
8,12.881441,
14,12.968622,
12,12.992140,
12,13.006507,
14,13.020704,
16,13.024505,
12,13.074156,
10,13.088593,
14,13.096719,
8,13.224783,
6,13.234774,
10,13.276468,
8,13.303389,
10,13.372249,
12,13.459650,
12,13.67485,
8,13.67961,
14,13.70409,
12,13.74750,
10,13.75264,
14,13.77592,
4,13.79556,
16,13.80379,
8,13.80475,
6,13.82359,
10,13.88536,
12,13.96598,
14,13.98166,
16,13.99736,
18,14.01313,
10,14.02990,
8,14.04639,
6,14.07925,
14,14.08464,
8,14.08844,
12,14.09258,
10,14.10698,
4,14.11256,
16,14.11360,
6,14.12355,
18,14.22416,
14,14.23304,
20,14.25455,
10,14.29839,
12,14.30819,
14,14.30882,
8,14.31036,
10,14.32015,
8,14.34125,
16,14.34152,
6,14.35737,
12,14.37388,
8,14.38487,
16,14.41177,
12,14.42050,
10,14.43836,
18,14.44289,
6,14.47232,
8,14.51168,
14,14.53692,
12,14.54621,
4,14.57316,
12,14.57738,
8,14.58639,
6,14.59125,
14,14.60228,
16,14.63795,
10,14.64019,
4,14.65511,
12,14.66381,
8,14.66964,
10,14.68826,
14,14.70588,
12,14.73915,
14,14.93993,
12,15.01389,
16,15.01687,
10,15.04952,
14,15.05555,
12,15.06811,
4,15.89653,
10,15.91372,
12,15.91729,
8,15.92617,
10,15.94047,
10,16.00712,
12,16.26676,
10,16.26999,
18,16.51399,
20,16.51994,
16,16.53357,
18,16.53614,
14,16.53865,
12,16.55237,
8,16.79306,
10,16.84558,
,21.6237,

#ignore,test#124.32
