g,LeveleV
16,0.0000000,
14,0.0353975,
16,0.0572906,
12,0.0632127,
10,0.1699879,
12,0.2864147,
8,0.2999773,
14,0.3436439,
10,0.3521362,
6,0.3935971,
4,0.4594631,
14,0.4611846,
8,0.4736010,
2,0.4981945,
18,0.5761335,
12,0.5790626,
6,0.5821684,
12,0.6637333,
16,0.6726217,
4,0.6799269,
10,0.7228105,
10,0.7655931,
2,0.7760283,
14,0.7875166,
8,0.8044442,
12,0.8274898,
6,0.8432401,
4,0.8492570,
12,0.8665032,
14,0.8753160,
10,0.9225701,
16,0.9629871,
10,0.9700759,
8,0.9720175,
10,1.0040085,
6,1.0080758,
16,1.0154882,
14,1.0262222,
4,1.0335707,
18,1.0546976,
12,1.0719934,
12,1.1074417,
8,1.1151957,
10,1.1338640,
14,1.2104602,
8,1.2234327,
10,1.2271621,
10,1.238197,
6,1.2436049,
8,1.2801046,
6,1.2964618,
10,1.324172,
4,1.3539298,
12,1.3635596,
8,1.377101,
12,1.396113,
20,1.404882,
14,1.416636,
16,1.435821,
18,1.472833,
10,1.4823867,
10,1.516113,
8,1.518929,
22,1.522935,
6,1.524565,
12,1.543993,
14,1.546795,
16,1.565756,
8,1.567820,
8,1.5763413,
10,1.584061,
14,1.600214,
16,1.603445,
12,1.620635,
14,1.626236,
8,1.646167,
20,1.661190,
12,1.688202,
14,1.688998,
12,1.694425,
8,1.702194,
10,1.704958,
18,1.737875,
16,1.806409,
18,1.824813,
16,1.845890,
14,1.859627,
16,1.872031,
12,1.883225,
18,1.883228,
16,1.884686,
10,1.901884,
16,1.907843,
18,1.958782,
10,1.962071,
12,1.978002,
14,1.989148,
16,1.990150,
14,2.019235,
16,2.026311,
16,2.037200,
8,2.039974,
12,2.051187,
16,2.072893,
8,2.073333,
14,2.114206,
12,2.122451,
10,2.127883,
18,2.138677,
6,2.144100,
14,2.150124,
12,2.151247,
20,2.157476,
16,2.158518,
10,2.159434,
14,2.162417,
6,2.177264,
12,2.199554,
10,2.201139,
14,2.216339,
18,2.223337,
4,2.223849,
16,2.237058,
8,2.246689,
14,2.248563,
12,2.254402,
4,2.255633,
8,2.263999,
12,2.274326,
2,2.281007,
16,2.282617,
12,2.288980,
10,2.293361,
2,2.302749,
14,2.307004,
10,2.307528,
10,2.311747,
6,2.319743,
14,2.331525,
10,2.337214,
16,2.341037,
12,2.341103,
6,2.345214,
8,2.358807,
16,2.365635,
4,2.369195,
18,2.371997,
10,2.374925,
18,2.375824,
14,2.389173,
4,2.389981,
8,2.394176,
2,2.394532,
12,2.395037,
12,2.396922,
2,2.408009,
10,2.411548,
16,2.429866,
14,2.430899,
14,2.437332,
10,2.441388,
8,2.441832,
6,2.449907,
12,2.452560,
8,2.467428,
16,2.469816,
8,2.472411,
12,2.474545,
8,2.483716,
10,2.484031,
6,2.484969,
14,2.497047,
12,2.510740,
14,2.517624,
12,2.525992,
10,2.533730,
8,2.538382,
18,2.545977,
6,2.554904,
10,2.557330,
8,2.564493,
4,2.564988,
16,2.566552,
20,2.572759,
8,2.574234,
14,2.578017,
12,2.578382,
6,2.581766,
14,2.594756,
14,2.602412,
6,2.604261,
16,2.614048,
10,2.619859,
12,2.628112,
14,2.630688,
8,2.631389,
6,2.638707,
18,2.643885,
16,2.653003,
8,2.655996,
12,2.663107,
6,2.665193,
10,2.667987,
12,2.687199,
6,2.687891,
8,2.694132,
4,2.694415,
8,2.699474,
16,2.704353,
18,2.707557,
14,2.709654,
12,2.711898,
6,2.712697,
10,2.713662,
22,2.721014,
12,2.726083,
10,2.729031,
16,2.738109,
4,2.749803,
6,2.750437,
10,2.752762,
14,2.755249,
16,2.755409,
2,2.760457,
12,2.762235,
20,2.766283,
10,2.768317,
14,2.775029,
6,2.776588,
14,2.788774,
12,2.792639,
8,2.796684,
4,2.804258,
14,2.807566,
10,2.809863,
6,2.815248,
14,2.817898,
18,2.818999,
12,2.821259,
12,2.830627,
16,2.831649,
10,2.832164,
4,2.835371,
6,2.842664,
8,2.843377,
12,2.846554,
10,2.853994,
16,2.855584,
14,2.857021,
12,2.864458,
18,2.864934,
16,2.865566,
16,2.869976,
10,2.875398,
16,2.878153,
14,2.882406,
2,2.882504,
12,2.900545,
12,2.904433,
12,2.905986,
6,2.908092,
16,2.909262,
6,2.912126,
6,2.912699,
10,2.916101,
14,2.937162,
14,2.940947,
10,2.941554,
4,2.945489,
18,2.950479,
14,2.956718,
16,2.961952,
16,2.964125,
12,2.969614,
10,2.970322,
14,2.976083,
8,2.979602,
14,2.981732,
8,2.985005,
16,2.986231,
14,2.986595,
10,2.987038,
18,2.999005,
14,3.005794,
6,3.009225,
16,3.015999,
10,3.020662,
12,3.024321,
4,3.027734,
12,3.030014,
4,3.030616,
10,3.035271,
12,3.036491,
4,3.044015,
10,3.044764,
6,3.051731,
14,3.054591,
16,3.054790,
12,3.057314,
12,3.062611,
14,3.070979,
10,3.071744,
12,3.077190,
14,3.077894,
10,3.080201,
18,3.086213,
16,3.091954,
10,3.101423,
8,3.105300,
10,3.107761,
16,3.109060,
14,3.114773,
12,3.115868,
8,3.116319,
14,3.125741,
12,3.125841,
10,3.127711,
8,3.129540,
4,3.141827,
10,3.142874,
14,3.145956,
14,3.148351,
8,3.153391,
6,3.158636,
10,3.162811,
14,3.168225,
10,3.172101,
12,3.178691,
8,3.180502,
6,3.183519,
14,3.188586,
14,3.189420,
12,3.193015,
6,3.196681,
14,3.199549,
12,3.201059,
16,3.201958,
12,3.206146,
10,3.206210,
8,3.212256,
10,3.224414,
14,3.228920,
8,3.229936,
14,3.234283,
18,3.234392,
12,3.234970,
16,3.235730,
10,3.238256,
8,3.238904,
14,3.243094,
6,3.252247,
12,3.253414,
14,3.255025,
8,3.258341,
12,3.260505,
10,3.260952,
14,3.263016,
12,3.265083,
14,3.271446,
8,3.272498,
4,3.273556,
12,3.274657,
12,3.277987,
10,3.278307,
14,3.284106,
12,3.288238,
8,3.288368,
12,3.292185,
10,3.295576,
14,3.296089,
14,3.297099,
8,3.297242,
8,3.306505,
10,3.307104,
16,3.311410,
6,3.313928,
10,3.317465,
14,3.321228,
8,3.321852,
12,3.323809,
2,3.330052,
12,3.337272,
14,3.341413,
10,3.343424,
14,3.344326,
12,3.350042,
10,3.350441,
6,3.350700,
14,3.353299,
12,3.355201,
10,3.360336,
10,3.366485,
16,3.366676,
12,3.374907,
8,3.379695,
14,3.384166,
4,3.385780,
10,3.386519,
14,3.390241,
6,3.391615,
14,3.397055,
12,3.397499,
16,3.399658,
10,3.403431,
18,3.404451,
16,3.406234,
12,3.408613,
6,3.412737,
14,3.413079,
8,3.413532,
12,3.419084,
10,3.419716,
16,3.423419,
4,3.426126,
14,3.429994,
4,3.432458,
14,3.434232,
6,3.441576,
14,3.450924,
14,3.452764,
8,3.460936,
10,3.462024,
14,3.463510,
14,3.464360,
10,3.465639,
12,3.466483,
4,3.467196,
12,3.470509,
10,3.477520,
12,3.479671,
6,3.480277,
14,3.483551,
6,3.491019,
12,3.494953,
18,3.495508,
8,3.498864,
8,3.509507,
12,3.510675,
10,3.511040,
8,3.515960,
14,3.517702,
12,3.523311,
10,3.523749,
8,3.523865,
4,3.524366,
2,3.527778,
6,3.528207,
16,3.532111,
12,3.533614,
8,3.534020,
6,3.534641,
14,3.535876,
10,3.536350,
12,3.540241,
6,3.544204,
8,3.546580,
4,3.554631,
6,3.556357,
8,3.565772,
10,3.568483,
10,3.578245,
14,3.581933,
10,3.585193,
12,3.585516,
12,3.591975,
12,3.592026,
10,3.594236,
8,3.600706,
2,3.603493,
14,3.608362,
10,3.611215,
6,3.620867,
10,3.621648,
12,3.625873,
18,3.633516,
12,3.635973,
8,3.640924,
16,3.643744,
20,3.644101,
6,3.645134,
10,3.649228,
10,3.653317,
6,3.655483,
14,3.662866,
8,3.667091,
12,3.671561,
12,3.674678,
14,3.682668,
10,3.685661,
12,3.685689,
8,3.685967,
12,3.686994,
4,3.690943,
4,3.698695,
16,3.702135,
12,3.702338,
14,3.703066,
8,3.709620,
12,3.726230,
18,3.726744,
16,3.728000,
18,3.731370,
10,3.750327,
6,3.751012,
8,3.753330,
20,3.763940,
14,3.769749,
8,3.770414,
8,3.773714,
10,3.787314,
14,3.787726,
16,3.791097,
10,3.793773,
16,3.794843,
10,3.799309,
6,3.799844,
18,3.802099,
8,3.803867,
12,3.805704,
10,3.806156,
4,3.815581,
10,3.817434,
14,3.821884,
4,3.825278,
12,3.833097,
2,3.834679,
14,3.837057,
16,3.838311,
6,3.839685,
12,3.840649,
8,3.855093,
6,3.859805,
12,3.871019,
6,3.881604,
8,3.884828,
10,3.888959,
12,3.893224,
16,3.893848,
10,3.902713,
6,3.903070,
8,3.904622,
14,3.910711,
16,3.913384,
10,3.914945,
6,3.917340,
20,3.919624,
12,3.929703,
6,3.931094,
10,3.932258,
14,3.942751,
10,3.950051,
8,3.955272,
4,3.963452,
16,3.969477,
6,3.976321,
8,3.987199,
10,3.987762,
6,3.994467,
6,4.000964,
6,4.031574,
8,4.039807,
14,4.042548,
6,4.047325,
12,4.048912,
8,4.060480,
6,4.065090,
6,4.070364,
12,4.070660,
12,4.080556,
6,4.086669,
14,4.097822,
12,4.110208,
14,4.127823,
20,4.129594,
4,4.134712,
12,4.147884,
12,4.161905,
10,4.170620,
22,4.174464,
2,4.177819,
8,4.181616,
10,4.187141,
12,4.195520,
6,4.229707,
10,4.232746,
14,4.234167,
22,4.243229,
8,4.270910,
20,4.291866,
20,4.339437,
,5.8638,

#ignore,test#651.26
